st,0165_10,0165_11,0165_12,0165_13,0165_14,0165_15,0165_16,0165_17,0165_18,0165_19,0165_20,0165_21,0165_22,0165_23,0165_24,0165_25,0165_26,0165_27,0165_28,0165_29,0165_30,internetP,label
il_129,284747,192327,3587,43965,13861,30104,90127,35810,54317,2582,1349,1233,9884,3133,6751,18757,7717,11040,23425,11487,80933,67.5431172234,train
wi_57,231386,143848,1469,29031,11311,17720,80797,38049,42748,5263,3017,2246,1902,562,1340,12964,5787,7177,12422,15409,72129,62.167979048,train
tx_412,32719,22750,484,3035,1503,1532,8349,3675,4674,733,477,256,829,410,419,7529,5611,1918,1791,3325,6644,69.5314648981,train
wa_14,27665,17091,407,2290,598,1692,3958,1878,2080,5612,2125,3487,323,184,139,3855,1879,1976,646,1367,9207,61.7784203868,train
tx_220,41858,33674,535,5211,1379,3832,9044,4084,4960,6649,2772,3877,3948,1463,2485,4466,2528,1938,3821,1349,6835,80.4481819485,train
az_55,36307,34363,124,6687,2116,4571,19481,7927,11554,1798,280,1518,902,307,595,3451,1967,1484,1920,486,1458,94.6456606164,train
nc_193,30124,21599,270,6456,1968,4488,10242,2769,7473,356,260,96,364,109,255,2972,1798,1174,939,1134,7391,71.7003054043,train
tx_11,496919,293071,10411,93058,32184,60874,45876,15559,30317,8232,3453,4779,44977,14614,30363,41432,20292,21140,49085,27919,175929,58.977620095,train
pr_75,73775,32808,1421,8114,3490,4624,9971,4856,5115,2354,737,1617,853,250,603,3396,1183,2213,6699,4623,36344,44.4703490342,train
mo_84,41222,28142,1086,12173,2720,9453,8139,2155,5984,337,93,244,2346,526,1820,2649,1182,1467,1412,1891,11189,68.2693707244,train
ma_27,55448,37565,373,6243,2598,3645,22158,11104,11054,512,329,183,232,130,102,3547,2135,1412,4500,909,16974,67.7481604386,train
in_83,274620,198745,4827,41799,13882,27917,84432,33338,51094,18296,5538,12758,11103,3454,7649,21973,9961,12012,16315,14255,61620,72.3709125337,train
md_61,40937,27987,248,2873,271,2602,11353,3319,8034,6887,2141,4746,746,599,147,4125,1735,2390,1755,2029,10921,68.3660258446,train
il_69,24302,21861,88,3230,1227,2003,14660,8957,5703,803,270,533,174,23,151,1586,859,727,1320,777,1664,89.9555592132,train
tx_182,258158,202128,2424,42010,15793,26217,84637,40556,44081,10029,4361,5668,16942,4727,12215,24010,12001,12009,22076,13039,42991,78.2962371881,train
ia_41,48025,33423,717,10005,3554,6451,9291,3680,5611,1215,170,1045,2927,981,1946,4215,1661,2554,5053,1825,12777,69.5950026028,train
ok_41,41068,26581,297,9522,3427,6095,6627,2889,3738,1423,268,1155,3198,786,2412,3092,1610,1482,2422,2629,11858,64.7243595987,train
ca_46,189087,156975,2256,37865,14222,23643,67313,30646,36667,4538,2745,1793,7723,3113,4610,27674,17332,10342,9606,6599,25513,83.0173412239,train
oh_184,43689,34072,708,6343,3258,3085,17745,8617,9128,4372,1833,2539,440,159,281,2856,1606,1250,1608,2079,7538,77.9875941312,train
nj_93,56722,46703,200,3501,1300,2201,22225,8332,13893,15707,6836,8871,383,328,55,2780,1535,1245,1907,1207,8812,82.3366594972,train
va_142,391784,357452,2005,21496,9327,12169,137427,69891,67536,136439,83982,52457,2216,1132,1084,48622,28002,20620,9247,6289,28043,91.2370081473,train
wa_140,37327,34250,46,4853,2906,1947,23047,15025,8022,2084,1878,206,192,149,43,2677,1896,781,1351,936,2141,91.7566372867,train
me_30,44181,35151,245,6445,2261,4184,22686,9628,13058,157,82,75,836,255,581,3019,1222,1797,1763,1543,7487,79.5613499015,train
pa_44,305815,256217,2040,17654,5910,11744,121432,53758,67674,70253,33089,37164,2350,904,1446,35623,20690,14933,6865,7116,42482,83.7816980854,train
sc_12,283479,155368,3827,59682,14806,44876,38395,13388,25007,3928,1415,2513,10108,2388,7720,24345,11225,13120,15083,20328,107783,54.8075871581,train
tn_36,25638,15665,150,3181,1327,1854,8026,2347,5679,1723,942,781,63,63,0,1548,704,844,974,2401,7572,61.1007098838,train
nc_65,49069,37720,91,4655,1486,3169,26908,12634,14274,749,636,113,407,281,126,3118,1666,1452,1792,2243,9106,76.8713444333,train
ca_86,44668,33343,364,4904,969,3935,22369,4897,17472,1627,403,1224,734,0,734,2338,1276,1062,1007,1123,10202,74.6462792155,train
ca_517,43976,38293,571,10966,6203,4763,20242,13855,6387,1569,1178,391,578,242,336,2883,1857,1026,1484,891,4792,87.0770420229,train
az_135,67051,60677,400,10727,3151,7576,37615,13567,24048,2100,551,1549,1498,498,1000,5063,2928,2135,3274,1251,5123,90.4938032244,train
ne_24,243825,166751,3684,45752,14383,31369,56147,16391,39756,7741,2234,5507,15154,4225,10929,20755,9582,11173,17518,10028,67046,68.3896237055,train
ca_530,48409,42569,452,9967,4108,5859,24850,11793,13057,1077,529,548,205,26,179,4598,2486,2112,1420,773,5067,87.9361275796,train
ca_140,28091,23747,237,5815,2577,3238,13177,5335,7842,751,370,381,179,0,179,2393,1410,983,1195,496,3848,84.5359723755,train
il_136,51531,36372,432,13153,4013,9140,9669,3324,6345,700,163,537,4565,1382,3183,4791,1968,2823,3062,1121,14038,70.5827560109,train
al_74,35492,24986,309,5399,2015,3384,8776,3078,5698,714,484,230,2053,849,1204,2280,1223,1057,5455,1403,9103,70.3989631466,train
fl_133,304361,233840,1824,24288,7201,17087,159619,45117,114502,14291,6493,7798,1502,438,1064,23809,11088,12721,8507,9606,60915,76.8298172236,train
mn_114,31927,24411,338,6428,1928,4500,12390,4719,7671,430,223,207,639,206,433,3169,1933,1236,1017,903,6613,76.4587966298,train
ca_486,54768,48476,113,13190,8191,4999,24427,14384,10043,2329,1509,820,1038,388,650,4625,3346,1279,2754,739,5553,88.5115395852,train
ca_303,259486,222874,2225,30078,12224,17854,143900,66244,77656,5981,3601,2380,4848,1414,3434,28399,15774,12625,7443,5810,30802,85.8905682773,train
il_230,58627,48663,687,10356,3627,6729,27223,11360,15863,1426,580,846,1339,590,749,5039,2491,2548,2593,1568,8396,83.0044177597,train
ca_429,38652,35547,80,4530,2095,2435,26203,13652,12551,748,155,593,229,95,134,2724,1375,1349,1033,258,2847,91.9667805029,train
ct_69,39856,24584,178,6382,1259,5123,11315,2559,8756,1140,335,805,253,38,215,3116,1284,1832,2200,1851,13421,61.6820553994,train
va_108,42792,30757,323,3324,1393,1931,15885,6788,9097,2910,1313,1597,272,174,98,3205,1435,1770,4838,1653,10382,71.8755842213,train
nj_130,54765,45400,604,15307,7448,7859,23706,9558,14148,482,383,99,372,160,212,4156,2134,2022,773,1208,8157,82.899662193,train
sc_79,41516,24336,599,9185,3039,6146,3915,1636,2279,1035,472,563,808,101,707,5544,3130,2414,3250,5192,11988,58.6183640042,train
id_38,44347,32821,192,7821,2379,5442,12540,4257,8283,597,226,371,4487,1057,3430,3839,2179,1660,3345,2286,9240,74.0095158635,train
pa_194,28165,18179,640,5447,704,4743,9510,2250,7260,99,99,0,250,53,197,1550,681,869,683,1186,8800,64.5446476123,train
wa_73,41368,27254,584,4223,1123,3100,8362,3185,5177,7017,2707,4310,643,244,399,4980,2149,2831,1445,1855,12259,65.8818410365,train
ny_277,29756,22725,117,1428,147,1281,9622,2772,6850,8397,4020,4377,166,0,166,1965,736,1229,1030,985,6046,76.3711520366,train
tx_117,23729,16306,236,3083,690,2393,9301,2484,6817,357,138,219,368,172,196,1736,993,743,1225,1095,6328,68.7176029331,train
tn_64,62785,48611,497,12276,4973,7303,23735,12065,11670,1142,515,627,993,605,388,4893,2624,2269,5075,2755,11419,77.424544079,train
pa_186,40583,35722,329,2796,903,1893,13539,5841,7698,14127,7095,7032,234,167,67,4050,2319,1731,647,1186,3675,88.0220782101,train
va_13,39022,31202,325,11961,3143,8818,12737,3995,8742,816,563,253,1260,273,987,2852,1547,1305,1251,1160,6660,79.9600225514,train
nj_44,22653,12111,168,1778,391,1387,7574,1523,6051,584,87,497,203,0,203,1490,586,904,314,1334,9208,53.4631174679,train
nc_175,83129,63160,282,14563,4785,9778,37192,19264,17928,998,354,644,1729,823,906,5146,2515,2631,3250,1896,18073,75.9782987886,train
la_85,40762,31305,0,2797,1000,1797,12558,5207,7351,10310,5221,5089,88,0,88,3290,1533,1757,2262,2758,6699,76.7994700947,train
ca_129,26315,23574,94,5589,2500,3089,13888,6690,7198,1725,579,1146,85,0,85,1467,923,544,726,451,2290,89.5838875166,train
fl_42,184123,140920,1792,12921,4763,8158,66216,19913,46303,34603,12727,21876,2251,572,1679,17291,9246,8045,5846,5212,37991,76.5357940073,train
mn_26,45028,36408,569,11944,3711,8233,14931,5918,9013,1514,947,567,634,131,503,3522,1974,1548,3294,1722,6898,80.8563560451,train
in_113,55273,46445,1092,13254,4192,9062,17387,6976,10411,4347,1335,3012,2003,584,1419,3473,1903,1570,4889,2330,6498,84.0283682811,train
wy_13,32665,24363,267,3875,1584,2291,12548,4137,8411,177,96,81,1618,236,1382,5005,2910,2095,873,2455,5847,74.5844175723,train
ky_62,44700,31035,272,13850,5612,8238,8692,3407,5285,383,274,109,2390,1344,1046,3640,1805,1835,1808,1929,11736,69.4295302013,train
ny_284,86482,52175,444,7728,2706,5022,31685,11447,20238,483,200,283,1535,643,892,3672,1856,1816,6628,4859,29448,60.3304733933,train
ny_198,33150,28602,37,549,139,410,15056,6092,8964,7756,3275,4481,55,0,55,4766,3198,1568,383,1437,3111,86.2805429864,train
oh_203,26822,25138,45,3336,1252,2084,17593,7084,10509,610,153,457,421,122,299,1737,977,760,1396,733,951,93.721571844,train
pr_40,29053,21386,194,4373,1752,2621,9148,4341,4807,689,354,335,439,389,50,2509,1426,1083,4034,566,7101,73.6102984201,train
ks_52,43574,28393,740,6739,1692,5047,15072,4917,10155,598,193,405,411,69,342,2474,1176,1298,2359,2547,12634,65.1604167623,train
fl_172,49984,42966,359,7235,2637,4598,27800,15748,12052,1121,748,373,331,209,122,4278,2692,1586,1842,1223,5795,85.9595070423,train
pa_59,582528,380832,4663,70800,24325,46475,179012,72177,106835,37978,15856,22122,7285,2392,4893,57145,28585,28560,23949,27901,173795,65.3757415953,train
il_263,49370,36488,601,7245,2217,5028,17785,7500,10285,758,283,475,1521,462,1059,5272,2898,2374,3306,3006,9876,73.907231112,train
az_48,233031,152834,3300,29888,9035,20853,75117,25876,49241,2070,1114,956,9802,1806,7996,19335,8950,10385,13322,14589,65608,65.5852654797,train
mn_85,46675,36111,700,7258,2744,4514,20050,8639,11411,606,413,193,825,448,377,5020,2612,2408,1652,1305,9259,77.3668987681,train
oh_148,65807,57763,652,9978,3463,6515,36300,15229,21071,1265,497,768,1178,423,755,4560,2897,1663,3830,1721,6323,87.7763763733,train
tx_200,57088,36777,922,13614,4338,9276,5111,1777,3334,952,623,329,6018,2211,3807,6241,3174,3067,3919,3585,16726,64.4215947309,train
nv_47,56704,47033,547,8228,2564,5664,26397,8743,17654,1729,83,1646,1141,346,795,4450,2582,1868,4541,1751,7920,82.9447658014,train
in_118,60932,34071,612,8210,1981,6229,16490,5344,11146,1960,419,1541,693,182,511,3513,1036,2477,2593,2948,23913,55.9164314318,train
pa_92,43574,29115,427,7472,2843,4629,15502,5653,9849,183,157,26,364,305,59,2209,794,1415,2958,1449,13010,66.8173681553,train
ca_381,44531,28842,301,5997,2537,3460,18502,4830,13672,400,222,178,190,67,123,1546,793,753,1906,1142,14547,64.7683636119,train
mt_24,48998,36188,1060,15640,3472,12168,11641,2926,8715,437,69,368,800,318,482,3711,1676,2035,2899,1410,11400,73.8560757582,train
or_30,65201,53512,250,7444,2758,4686,35429,16567,18862,632,309,323,1352,516,836,4622,2959,1663,3783,3399,8290,82.0723608534,train
ks_56,47227,30400,457,6870,1844,5026,10575,3249,7326,2486,562,1924,2273,658,1615,4498,1499,2999,3241,2261,14566,64.3699578631,train
ny_204,39252,34232,161,877,332,545,22003,6534,15469,7375,2486,4889,57,42,15,3522,2179,1343,237,1847,3173,87.2108427596,train
in_31,25704,18462,318,5519,2142,3377,4393,2285,2108,1419,524,895,1843,1079,764,1760,1138,622,3210,1572,5670,71.8253968254,train
ca_322,38412,28445,511,6942,3450,3492,11697,5659,6038,1200,697,503,590,255,335,3095,1893,1202,4410,2388,7579,74.0523794648,train
pa_80,258286,214308,2380,21510,6928,14582,103450,37007,66443,55695,25790,29905,1551,506,1045,24962,13611,11351,4760,6546,37432,82.9731383041,train
mi_48,27672,23925,47,2455,797,1658,17954,7738,10216,759,385,374,699,192,507,1510,826,684,501,506,3241,86.4592367736,train
oh_186,49587,39410,488,7353,3206,4147,21651,10898,10753,3117,1769,1348,391,139,252,3655,1997,1658,2755,1847,8330,79.4764756892,train
pa_196,26081,22989,187,1105,183,922,7200,2861,4339,6679,2693,3986,297,38,259,7271,1914,5357,250,583,2509,88.1446263564,train
tn_71,65592,39459,1978,10064,2902,7162,19604,6086,13518,354,0,354,1306,130,1176,2774,1212,1562,3379,1839,24294,60.1582510062,train
ak_15,38832,27693,220,9466,2471,6995,10731,3888,6843,83,11,72,1156,383,773,3847,2477,1370,2190,2375,8764,71.314894932,train
tx_404,28149,10008,352,2818,698,2120,2792,287,2505,42,0,42,1655,169,1486,977,493,484,1372,1043,17098,35.5536608761,train
fl_188,57046,35756,71,1603,174,1429,17224,2893,14331,8896,2354,6542,320,176,144,5376,2276,3100,2266,2298,18992,62.679241314,train
fl_303,69035,51645,952,12354,4470,7884,25683,6513,19170,1284,422,862,2181,412,1769,6358,3625,2733,2833,4235,13155,74.8098790469,train
tx_289,49858,34894,782,4934,1819,3115,17709,6032,11677,638,280,358,2960,1077,1883,3492,1424,2068,4379,4533,10431,69.9867624052,train
ca_546,35629,33454,99,9721,4529,5192,16384,8334,8050,963,431,532,379,125,254,4952,3129,1823,956,505,1670,93.8954222684,train
ny_32,184316,140000,1126,7473,2395,5078,79132,30608,48524,21220,7842,13378,2001,1016,985,23441,14420,9021,5607,5896,38420,75.9565094729,train
nj_71,266456,225950,1833,25346,9887,15459,127941,54465,73476,43496,24476,19020,1277,377,900,22316,13693,8623,3741,6422,34084,84.7982406101,train
ca_116,69496,49992,939,14893,6666,8227,19832,9710,10122,2972,1829,1143,1242,410,832,6908,3602,3306,3206,1661,17843,71.9350754,train
il_72,29890,26732,194,6561,4182,2379,14313,8028,6285,1320,793,527,578,183,395,2521,1578,943,1245,508,2650,89.4345935095,train
ok_15,43506,28868,427,9694,3914,5780,9013,3594,5419,498,343,155,1328,280,1048,5071,2701,2370,2837,4252,10386,66.3540661058,train
fl_263,41190,34168,443,6093,1666,4427,19546,6614,12932,2125,1131,994,239,204,35,4709,2835,1874,1013,1030,5992,82.9521728575,train
al_27,87996,64222,401,9660,4190,5470,41132,25436,15696,321,22,299,410,104,306,6709,4536,2173,5589,2876,20898,72.9828628574,train
ca_423,63797,52086,602,15603,7271,8332,19998,9939,10059,990,674,316,3312,922,2390,7076,3543,3533,4505,1916,9795,81.643337461,train
wa_137,50536,42788,322,7990,3408,4582,26283,13091,13192,481,324,157,857,366,491,4810,3321,1489,2045,1510,6238,84.6683552319,train
ca_66,43572,38578,682,6081,2574,3507,22641,11111,11530,1529,987,542,953,306,647,5750,4012,1738,942,992,4002,88.5385109703,train
mi_141,61235,42770,821,9552,2275,7277,19193,6756,12437,766,423,343,1697,422,1275,5085,2727,2358,5656,3288,15177,69.8456764922,train
nm_33,34355,11350,702,4157,1179,2978,1799,711,1088,113,82,31,1050,205,845,1237,537,700,2292,1451,21554,33.0374035803,train
oh_11,172066,108588,3477,26909,7837,19072,41760,13072,28688,1750,450,1300,11202,3274,7928,11267,4709,6558,12223,8620,54858,63.1083421478,train
nc_61,35490,26867,285,4215,1198,3017,16754,5393,11361,530,67,463,780,0,780,1731,1160,571,2572,2139,6484,75.7030149338,train
nj_172,19749,13412,120,343,87,256,9981,6388,3593,1027,607,420,83,43,40,1599,707,892,259,747,5590,67.9122993569,train
ct_61,46212,24161,229,3213,997,2216,10043,4023,6020,877,486,391,242,140,102,7727,2749,4978,1830,2512,19539,52.2829568078,train
ma_17,59101,49139,649,9361,1361,8000,33391,9867,23524,451,223,228,570,90,480,2840,1974,866,1877,1387,8575,83.1441092367,train
il_161,44102,32785,638,7753,3681,4072,15241,9644,5597,485,343,142,192,100,92,2655,1635,1020,5821,800,10517,74.3390322434,train
wi_53,28260,22322,136,4725,1156,3569,12450,4082,8368,855,384,471,384,263,121,3015,1406,1609,757,1111,4827,78.9879688606,train
pa_40,128597,87858,2744,30618,7499,23119,40309,10320,29989,582,286,296,2945,340,2605,7478,3096,4382,3182,4580,36159,68.3204118292,train
in_92,71056,50568,1126,14047,6013,8034,20421,8510,11911,1176,359,817,2156,409,1747,5191,2534,2657,6451,2137,18351,71.1664039631,train
nm_16,22418,15759,214,4549,2314,2235,4650,2861,1789,15,15,0,362,147,215,1582,911,671,4387,509,6150,70.2961905612,train
tx_110,37153,33084,280,4910,2258,2652,16334,7420,8914,1618,532,1086,265,197,68,5213,3409,1804,4464,947,3122,89.047990741,train
mo_69,67680,54160,580,21075,8184,12891,18613,7956,10657,1733,1623,110,2165,1114,1051,6202,3780,2422,3792,3884,9636,80.0236406619,train
tx_155,23729,16306,236,3083,690,2393,9301,2484,6817,357,138,219,368,172,196,1736,993,743,1225,1095,6328,68.7176029331,train
la_68,71465,47797,416,8024,2947,5077,26340,11963,14377,2145,1222,923,1161,439,722,4595,2558,2037,5116,4457,19211,66.8816903379,train
ny_130,44001,32511,1114,6163,972,5191,14097,5323,8774,371,208,163,3520,539,2981,3925,900,3025,3321,1613,9877,73.8869571146,train
tn_52,287727,207313,2546,41790,10039,31751,108747,41449,67298,8330,3829,4501,7159,2237,4922,17312,7637,9675,21429,9598,70816,72.0519798281,train
fl_314,485230,372951,2550,19632,5393,14239,174746,49216,125530,102180,38043,64137,3558,1704,1854,56338,27905,28433,13947,21074,91205,76.860664015,train
nm_35,47763,25865,1060,12168,3243,8925,4620,1515,3105,500,43,457,1428,351,1077,3698,923,2775,2391,2044,19854,54.1527960974,train
wa_69,267730,213439,1687,31024,13639,17385,136567,68391,68176,5269,3581,1688,4614,2869,1745,19652,12162,7490,14626,10769,43522,79.7217345833,train
fl_104,31188,21058,254,3736,1703,2033,9503,4829,4674,1444,642,802,499,276,223,4007,1482,2525,1615,1525,8605,67.5195588047,train
vt_12,253234,195037,4238,68356,17553,50803,85918,31452,54466,4245,1613,2632,6799,1362,5437,17718,6870,10848,7763,9606,48591,77.0184888285,train
ct_64,41936,29520,573,6951,1517,5434,16805,4372,12433,508,230,278,226,47,179,3108,1638,1470,1349,1669,10747,70.3929797787,train
pa_25,30922,19722,675,5989,1943,4046,7352,1825,5527,667,405,262,1049,227,822,2794,1397,1397,1196,1267,9933,63.7798331285,train
la_31,25109,15698,39,4436,733,3703,8091,2324,5767,120,35,85,365,146,219,1875,936,939,772,1140,8271,62.5194153491,train
ga_97,42001,31117,266,9183,3152,6031,11889,3594,8295,581,266,315,1860,365,1495,4875,2181,2694,2463,1927,8957,74.0863312778,train
az_90,35188,22209,385,5164,1523,3641,10290,2687,7603,186,94,92,2107,295,1812,2116,1239,877,1961,1555,11424,63.1152665681,train
ny_92,25054,15711,92,1116,234,882,10693,3921,6772,2166,736,1430,0,0,0,934,243,691,710,909,8434,62.708549533,train
wa_71,78330,62034,1178,8582,3198,5384,34365,14324,20041,2023,1248,775,2734,560,2174,8239,4365,3874,4913,3883,12413,79.1957104558,train
pa_143,51647,43585,417,3525,1127,2398,19746,9026,10720,13786,6171,7615,499,254,245,4937,2406,2531,675,2114,5948,84.3901872326,train
mn_83,42055,37883,508,7668,2307,5361,23474,11963,11511,386,127,259,644,394,250,4116,2298,1818,1087,849,3323,90.0796575912,train
ks_55,40837,28958,425,5633,2394,3239,12379,4829,7550,2038,804,1234,1944,713,1231,4263,2174,2089,2276,1786,10093,70.9111834856,train
mi_96,275617,188270,6193,36021,10110,25911,83668,25431,58237,3206,1534,1672,16771,4856,11915,15767,7406,8361,26644,17194,70153,68.3085586158,train
il_117,303624,246235,2448,54571,20022,34549,139109,68452,70657,6534,3695,2839,5151,1978,3173,25022,13792,11230,13400,9199,48190,81.0986615024,train
ne_38,43969,28027,206,1834,496,1338,20642,8074,12568,653,201,452,324,79,245,2421,1675,746,1947,2480,13462,63.7426368578,train
ca_172,56789,50952,445,10174,4038,6136,18679,7495,11184,7634,3720,3914,565,186,379,11990,10372,1618,1465,827,5010,89.7216010143,train
ks_61,61302,44591,408,7143,1846,5297,23300,7456,15844,6051,281,5770,1054,427,627,4002,2118,1884,2633,3226,13485,72.7398779811,train
ga_133,60937,42295,97,12427,4606,7821,15083,6765,8318,2073,988,1085,1342,280,1062,9545,5042,4503,1728,2471,16171,69.4077489867,train
ne_17,106874,85178,869,15418,5095,10323,54453,18319,36134,864,143,721,1122,323,799,7149,3319,3830,5303,3859,17837,79.6994591762,train
ia_26,29941,24312,158,5628,2567,3061,15390,7195,8195,508,260,248,218,177,41,1689,772,917,721,1931,3698,81.199692729,train
ok_74,49623,36048,472,6661,2809,3852,20653,8393,12260,1178,666,512,236,94,142,2613,1763,850,4235,4338,9237,72.6437337525,train
id_34,36340,27116,698,8758,4199,4559,9575,4238,5337,376,149,227,1766,869,897,2580,1016,1564,3363,1276,7948,74.6175013759,train
ca_308,53853,46384,290,14636,7588,7048,23702,14859,8843,1402,777,625,246,132,114,3781,2175,1606,2327,2688,4781,86.1307633744,train
tx_473,33658,17068,344,2241,456,1785,8863,3025,5838,862,0,862,203,0,203,1938,920,1018,2617,1438,15152,50.7100837839,train
nj_99,44609,36580,533,3100,1051,2049,22025,10130,11895,6638,2602,4036,0,0,0,3806,2612,1194,478,931,7098,82.0013898541,train
wa_42,297920,249459,1855,39661,20667,18994,157286,86288,70998,5158,2521,2637,4547,2789,1758,24213,17725,6488,16739,12026,36435,83.7335526316,train
ny_223,65913,42940,224,1306,592,714,23125,4680,18445,4722,1717,3005,142,98,44,13108,4891,8217,313,3703,19270,65.1464809673,train
ny_145,45036,29895,769,4703,1267,3436,19765,6187,13578,783,255,528,382,27,355,2183,995,1188,1310,1701,13440,66.38022915,train
mn_25,90586,78598,812,22569,8151,14418,40190,16566,23624,1003,514,489,1594,714,880,9063,5088,3975,3367,2041,9947,86.7661669574,train
ok_55,38496,26748,670,9316,3502,5814,4420,2476,1944,1030,653,377,3879,1480,2399,2008,1439,569,5425,1690,10058,69.4825436409,train
pa_57,26682,17933,413,6284,2330,3954,9319,3989,5330,175,100,75,55,0,55,1238,602,636,449,851,7898,67.2101041901,train
tx_478,38403,26994,182,4016,1246,2770,15546,4917,10629,376,0,376,1342,387,955,2107,1089,1018,3425,1276,10133,70.2913834857,train
tn_73,47334,27739,446,4153,1104,3049,10993,3302,7691,2429,1523,906,2760,428,2332,2582,939,1643,4376,1759,17836,58.6026957367,train
ga_47,28817,21785,71,9122,3458,5664,8499,3235,5264,157,118,39,747,264,483,2076,872,1204,1113,1039,5993,75.5977374466,train
nj_80,53286,41308,792,6277,1217,5060,27528,8267,19261,1461,591,870,666,379,287,3705,1770,1935,879,1676,10302,77.5213001539,train
wa_15,30606,23636,887,7103,1652,5451,9745,3146,6599,138,81,57,801,271,530,3239,1430,1809,1723,1167,5803,77.2266875776,train
mn_35,36010,26390,288,5952,1629,4323,15097,5346,9751,357,223,134,669,334,335,1578,934,644,2449,1698,7922,73.285198556,train
pa_193,40914,27293,380,6912,2646,4266,14433,5145,9288,183,157,26,265,206,59,2209,794,1415,2911,1404,12217,66.7082172362,train
ky_38,38221,23453,332,8539,2806,5733,7109,1563,5546,1190,154,1036,1779,400,1379,2290,1552,738,2214,2155,12613,61.361555166,train
co_110,39951,35150,816,9179,3747,5432,17986,8017,9969,298,86,212,610,468,142,4611,2704,1907,1650,922,3879,87.9827789042,train
nd_15,28233,23272,746,3315,1520,1795,13401,5369,8032,166,55,111,855,138,717,2065,1097,968,2724,506,4455,82.4283639712,train
il_232,42959,33914,500,7603,3140,4463,19011,9615,9396,1353,620,733,237,37,200,3920,2496,1424,1290,2088,6957,78.9450406201,train
wa_157,86640,63539,615,7177,2675,4502,40546,21471,19075,1670,1094,576,1453,602,851,7682,4198,3484,4396,3994,19107,73.3367959372,train
mn_34,110770,84660,1242,18856,7690,11166,47545,24515,23030,1074,567,507,1191,493,698,7408,3924,3484,7344,5458,20652,76.4286359123,train
ny_146,42934,30963,819,5853,1710,4143,18669,5709,12960,116,0,116,468,134,334,3831,1996,1835,1207,1264,10707,72.1176689803,train
pr_54,732603,377269,11910,84820,29321,55499,126526,54809,71717,7246,3017,4229,15440,5250,10190,41731,19469,22262,89596,23185,332149,51.4970591166,train
il_152,78521,63225,295,12653,3037,9616,36205,12327,23878,1704,626,1078,2347,606,1741,3492,2024,1468,6529,2928,12368,80.5198609289,train
fl_175,61754,36225,1105,16041,3558,12483,7325,3197,4128,557,119,438,3725,845,2880,2730,1079,1651,4742,3984,21545,58.6601677624,train
ca_468,37588,30444,53,7527,3345,4182,12309,4992,7317,3976,1702,2274,812,158,654,3484,2497,987,2283,1477,5667,80.9939342343,train
ia_14,27287,22979,319,8431,3319,5112,9155,5567,3588,358,121,237,892,419,473,2278,1442,836,1546,855,3453,84.2122622494,train
tx_195,43194,27226,131,6549,1212,5337,13233,3675,9558,572,198,374,1570,622,948,2185,1302,883,2986,1529,14439,63.0319025791,train
tx_234,38272,22664,192,4937,790,4147,7165,2429,4736,773,181,592,428,113,315,6179,2238,3941,2990,1604,14004,59.2182274247,train
in_16,46431,32014,590,5634,2333,3301,18157,6878,11279,808,326,482,1311,538,773,2121,1050,1071,3393,2834,11583,68.9496241735,train
nc_189,42464,30692,530,10112,3454,6658,11259,5054,6205,781,482,299,1014,525,489,4436,1795,2641,2560,1696,10076,72.2776940467,train
tx_223,43601,41635,296,3844,1553,2291,9053,4218,4835,20921,10670,10251,480,266,214,5560,3073,2487,1481,858,1108,95.4909291071,train
in_152,60271,40933,1156,8896,2942,5954,18776,6435,12341,1841,1007,834,1346,516,830,4454,1530,2924,4464,2688,16650,67.9149176221,train
il_195,46942,37858,227,5972,2333,3639,25467,9239,16228,1084,293,791,741,336,405,3271,1732,1539,1096,580,8504,80.6484598015,train
il_139,53678,32875,1463,11806,2653,9153,6270,2282,3988,774,288,486,3243,679,2564,2308,1087,1221,7011,2448,18355,61.2448302843,train
va_60,53255,39714,613,3593,1191,2402,20920,12296,8624,8154,5707,2447,527,504,23,4039,2121,1918,1868,2259,11282,74.5732795043,train
az_14,48368,35741,411,6926,2014,4912,13771,4586,9185,389,97,292,3098,431,2667,9067,1599,7468,2079,2644,9983,73.8938967913,train
fl_222,37074,31525,0,5933,1191,4742,20633,2955,17678,716,247,469,514,287,227,3209,1167,2042,520,548,5001,85.0326374278,train
ca_332,66751,52515,880,14625,6927,7698,19308,8060,11248,896,647,249,4281,2059,2222,7994,5268,2726,4531,3729,10507,78.672978682,train
wy_16,40784,30457,326,7080,1505,5575,12739,3458,9281,621,166,455,3946,823,3123,2861,1392,1469,2884,1642,8685,74.6787956061,train
va_138,26961,17848,183,4562,672,3890,7118,1867,5251,641,266,375,1466,253,1213,1041,375,666,2837,659,8454,66.1993249509,train
mi_110,61190,41949,1756,6641,2565,4076,19541,7710,11831,415,92,323,3996,1680,2316,3870,1964,1906,5730,4028,15213,68.5553194966,train
ma_33,40240,32234,517,4284,1406,2878,22346,11507,10839,541,297,244,373,39,334,2313,1477,836,1860,1120,6886,80.1043737575,train
co_29,273050,206970,2112,40945,17401,23544,116323,54972,61351,3307,1361,1946,4831,1942,2889,25370,13380,11990,14082,13521,52559,75.7993041567,train
ca_351,54242,38653,140,17679,2343,15336,13216,4104,9112,771,276,495,849,369,480,4054,1701,2353,1944,1566,14023,71.2602780133,train
va_45,24704,22395,38,984,317,667,8810,5107,3703,10072,6454,3618,128,128,0,1679,1043,636,684,303,2006,90.6533354922,train
sc_17,148013,106139,987,16939,7021,9918,65248,26366,38882,3553,1528,2025,1901,1173,728,11529,5630,5899,5982,8514,33360,71.7092417558,train
in_86,48307,38021,641,10808,4372,6436,17386,9483,7903,1990,815,1175,1036,449,587,3958,1813,2145,2202,1453,8833,78.7070196866,train
la_59,52376,34347,835,8257,3054,5203,14042,4867,9175,1297,423,874,2285,383,1902,5080,2182,2898,2551,2490,15539,65.5777455323,train
tn_12,577032,347658,8980,106442,38573,67869,109029,38585,70444,11271,3751,7520,28356,9684,18672,35253,15462,19791,48327,23188,206186,60.2493449237,train
mi_59,31459,28315,93,3078,1538,1540,19297,8406,10891,962,414,548,351,176,175,3832,2777,1055,702,598,2546,90.0060396071,train
ri_19,35424,27760,104,918,609,309,13167,5733,7434,8155,3815,4340,64,37,27,4041,1915,2126,1311,1089,6575,78.3649503162,train
wa_145,39528,30203,443,1734,734,1000,19147,10010,9137,2351,1344,1007,592,91,501,3760,1499,2261,2176,1462,7863,76.4091277069,train
al_13,70259,48222,1194,23660,7087,16573,10824,3641,7183,1366,430,936,1192,233,959,5741,3087,2654,4245,4623,17414,68.6346233223,train
pa_147,45114,36560,299,2431,661,1770,17073,5429,11644,12131,4071,8060,258,145,113,3698,2223,1475,670,1351,7203,81.0391452764,train
pa_145,67080,57013,367,2820,482,2338,19222,6824,12398,14354,5912,8442,516,56,460,18377,4219,14158,1357,1092,8975,84.9925462135,train
co_84,35521,32336,247,10476,5198,5278,14004,6930,7074,485,250,235,1170,696,474,5256,4234,1022,698,872,2313,91.0334731567,train
md_76,74529,67096,505,6233,2853,3380,21316,11221,10095,27426,16044,11382,616,394,222,8588,6023,2565,2412,2137,5296,90.0267010157,train
nc_110,53674,48832,142,6677,3517,3160,32785,18311,14474,3625,1869,1756,78,31,47,3752,2199,1553,1773,1503,3339,90.9788724522,train
mt_16,26607,20221,98,4269,875,3394,9227,3660,5567,562,108,454,2171,346,1825,2196,1182,1014,1698,863,5523,75.998797309,train
ok_35,279994,185135,3347,61771,21412,40359,52379,22726,29653,8396,3911,4485,17597,5717,11880,21016,11864,9152,20629,17463,77396,66.121059737,train
fl_304,62131,46003,481,7524,2092,5432,28706,8254,20452,524,104,420,1462,420,1042,5344,1928,3416,1962,3828,12300,74.0419436352,train
la_100,46039,29060,703,8624,3091,5533,9349,3298,6051,262,23,239,2508,386,2122,5016,2389,2627,2598,3261,13718,63.1203979235,train
pa_19,231765,196539,1433,12168,3406,8762,74758,29760,44998,62136,27776,34360,1411,442,969,40357,13597,26760,4276,5615,29611,84.8009837551,train
fl_230,35494,31653,202,9706,4206,5500,12899,4568,8331,3311,2183,1128,537,146,391,3649,1790,1859,1349,672,3169,89.1784526962,train
ca_469,37148,28120,131,7774,3400,4374,10653,4004,6649,1644,959,685,899,294,605,2833,1615,1218,4186,1560,7468,75.6972111554,train
nc_59,27706,20338,219,2232,738,1494,10340,2383,7957,523,159,364,351,87,264,1085,590,495,5588,823,6545,73.4064823504,train
wi_33,155263,133036,1384,20540,8320,12220,84540,39266,45274,6658,3440,3218,1718,900,818,10853,5174,5679,7343,2709,19518,85.6842905264,train
ga_130,39083,35110,254,13950,6465,7485,14131,6872,7259,969,733,236,552,316,236,3822,1957,1865,1432,707,3266,89.8344548781,train
oh_142,40274,27595,1176,7382,2811,4571,12200,4172,8028,377,97,280,1807,873,934,2248,1057,1191,2405,1171,11508,68.5181506679,train
va_103,61125,48511,831,6294,2522,3772,16451,7576,8875,7817,3520,4297,2369,1182,1187,10356,5289,5067,4393,2553,10061,79.363599182,train
ga_103,54140,26168,922,12052,3253,8799,4351,1076,3275,457,200,257,2425,570,1855,3187,1391,1796,2774,5149,22823,48.3339490211,train
wi_11,301522,202910,6701,77145,21495,55650,50471,15028,35443,6578,2274,4304,14503,4313,10190,26148,9522,16626,21364,11801,86811,67.2952554042,train
az_108,65005,47348,606,10736,2384,8352,17585,5223,12362,417,125,292,3994,517,3477,10817,2012,8805,3193,3432,14225,72.8374740405,train
oh_116,42479,34015,322,10958,3170,7788,14301,5131,9170,811,449,362,595,340,255,4946,2942,2004,2082,1305,7159,80.0748605193,train
wi_88,74771,53240,1201,11510,3206,8304,23561,6607,16954,3027,798,2229,3182,724,2458,7240,3496,3744,3519,2965,18566,71.2040764468,train
wa_93,63777,51132,342,6224,2819,3405,36558,15819,20739,823,480,343,684,120,564,4664,2271,2393,1837,1784,10861,80.1731031563,train
la_73,42419,28759,297,4472,1213,3259,17349,5288,12061,1452,339,1113,180,0,180,3223,966,2257,1786,999,12661,67.7974492562,train
wa_37,27630,19492,121,3645,1061,2584,10430,3798,6632,143,74,69,372,115,257,3290,1821,1469,1491,1927,6211,70.5465074195,train
il_162,44662,36480,202,8946,4260,4686,19743,11647,8096,1709,731,978,720,449,271,3426,2264,1162,1734,1648,6534,81.6801755407,train
ny_209,35538,30142,155,553,126,427,23947,5989,17958,2703,521,2182,387,0,387,2232,1347,885,165,1158,4238,84.8162530249,train
mo_108,50713,37911,820,11985,4375,7610,14591,6027,8564,4160,1592,2568,800,479,321,4412,2714,1698,1143,4122,8680,74.7559797291,train
ca_524,67081,55172,1026,14719,6750,7969,28463,12419,16044,1280,773,507,904,340,564,4815,2359,2456,3965,2387,9522,82.2468359148,train
tx_120,42519,28301,146,4631,1890,2741,15926,7506,8420,1464,821,643,656,171,485,3394,1585,1809,2084,1010,13208,66.5608316282,train
md_69,54411,36814,337,4752,1189,3563,23145,7414,15731,1383,1033,350,635,311,324,3691,2152,1539,2871,2347,15250,67.659113047,train
fl_157,41320,28603,449,5862,2187,3675,12414,6401,6013,1703,710,993,541,318,223,5685,1948,3737,1949,2348,10369,69.2231364956,train
pr_81,53970,27521,1829,5615,1096,4519,10540,4686,5854,630,304,326,455,293,162,4083,2135,1948,4369,1377,25072,50.9931443394,train
fl_203,50530,37089,1157,16339,7247,9092,11998,4560,7438,406,185,221,1299,453,846,3819,1845,1974,2071,1616,11825,73.3999604196,train
mo_31,28560,19265,330,3583,1466,2117,10938,4114,6824,254,150,104,437,226,211,1835,1062,773,1888,1269,8026,67.4544817927,train
il_213,44561,30559,647,5849,2117,3732,16131,6475,9656,614,256,358,464,193,271,4441,1842,2599,2413,4599,9403,68.5779044456,train
tx_386,42888,27287,821,7824,3078,4746,2346,561,1785,474,372,102,5061,2398,2663,3003,1668,1335,7758,2624,12977,63.6238574893,train
tx_81,23344,17179,0,3689,1414,2275,6011,3423,2588,240,0,240,1162,219,943,2914,1789,1125,3163,956,5209,73.5906442769,train
oh_19,40274,27595,1176,7382,2811,4571,12200,4172,8028,377,97,280,1807,873,934,2248,1057,1191,2405,1171,11508,68.5181506679,train
va_33,80014,64290,432,5891,2000,3891,30063,11815,18248,11404,3985,7419,802,388,414,12246,4142,8104,3452,2779,12945,80.3484390232,train
nv_42,55853,47913,306,6025,2628,3397,29876,13461,16415,641,89,552,1584,698,886,6697,4337,2360,2784,1903,6037,85.7841118651,train
ny_51,341755,277685,1498,10253,3225,7028,150584,73570,77014,57981,32691,25290,1489,611,878,50481,34566,15915,5399,12450,51620,81.2526517534,train
nc_131,61385,43691,458,19854,8834,11020,13110,6157,6953,1182,782,400,1553,271,1282,4043,1776,2267,3491,2667,15027,71.1753685754,train
al_101,32305,22207,149,2858,1272,1586,8125,3910,4215,862,624,238,503,359,144,2177,1167,1010,7533,707,9391,68.7416808544,train
pa_68,29325,19930,291,2846,585,2261,12575,4003,8572,1034,375,659,281,0,281,2156,953,1203,747,1629,7766,67.9624893436,train
tx_482,54727,42752,387,6765,3074,3691,16192,6685,9507,2894,1187,1707,1591,603,988,4362,2464,1898,10561,1401,10574,78.1186617209,train
oh_43,29356,19496,592,5047,314,4733,10001,1571,8430,247,0,247,921,326,595,1771,881,890,917,925,8935,66.4123177545,train
pa_56,40914,27293,380,6912,2646,4266,14433,5145,9288,183,157,26,265,206,59,2209,794,1415,2911,1404,12217,66.7082172362,train
nc_114,51936,45011,117,11314,5921,5393,25753,15455,10298,1378,1023,355,816,135,681,3605,2351,1254,2028,1620,5305,86.6662815773,train
ia_15,36801,27865,469,5386,1915,3471,11388,4192,7196,667,284,383,3360,1238,2122,4762,2619,2143,1833,1319,7617,75.7180511399,train
oh_156,48961,35158,196,4554,2059,2495,21457,9995,11462,668,381,287,527,527,0,3942,1877,2065,3814,3492,10311,71.8081738527,train
az_35,48007,42838,361,6916,1679,5237,25298,8927,16371,521,318,203,1613,469,1144,6060,2757,3303,2069,1334,3835,89.2328202137,train
nj_35,97530,76719,454,6036,2237,3799,36905,13811,23094,21950,8575,13375,895,500,395,6015,3165,2850,4464,2503,18308,78.6619501692,train
ut_25,29484,24029,928,7241,3299,3942,10333,5485,4848,557,268,289,583,311,272,3563,2645,918,824,2917,2538,81.4984398318,train
id_10,92255,67900,2074,22329,6557,15772,15857,5935,9922,1082,217,865,10694,2745,7949,5889,2357,3532,9975,3131,21224,73.6003468647,train
ny_175,47459,39355,589,7267,2831,4436,25763,9661,16102,759,229,530,338,162,176,3758,2098,1660,881,1149,6955,82.924208264,train
ny_89,55060,35104,208,2177,546,1631,22232,7106,15126,2123,356,1767,415,299,116,5775,2903,2872,2174,2786,17170,63.7559026517,train
mn_89,51254,41844,241,6996,3545,3451,27418,15643,11775,586,411,175,704,211,493,3257,1955,1302,2642,2560,6850,81.6404573302,train
or_59,42713,34239,942,7809,1578,6231,14882,3139,11743,1228,362,866,3630,1197,2433,4401,1232,3169,1347,1545,6929,80.160606841,train
mi_85,31181,21578,41,3058,1352,1706,13517,5016,8501,803,335,468,166,46,120,2221,996,1225,1772,2186,7417,69.2023988968,train
az_40,166515,123539,1445,21046,6665,14381,75960,26933,49027,2490,1034,1456,3437,1132,2305,10457,4872,5585,8704,6630,36346,74.1909137315,train
tx_207,42227,26333,1325,8208,2732,5476,4294,1579,2715,668,342,326,4434,1033,3401,2147,1038,1109,5257,2880,13014,62.3605749876,train
ok_76,31167,22967,31,3325,849,2476,15477,6547,8930,411,244,167,461,218,243,1555,668,887,1707,2032,6168,73.6901209613,train
nc_25,63398,42959,823,8726,2395,6331,24368,6893,17475,501,264,237,760,172,588,4789,1879,2910,2992,3432,17007,67.7608126439,train
fl_328,184123,140920,1792,12921,4763,8158,66216,19913,46303,34603,12727,21876,2251,572,1679,17291,9246,8045,5846,5212,37991,76.5357940073,train
la_78,43091,30092,456,5117,2658,2459,17211,5587,11624,1195,913,282,544,291,253,4595,2187,2408,974,2035,10964,69.833607946,train
ga_78,256649,175515,1395,81681,23878,57803,41161,16226,24935,5543,2170,3373,8163,2099,6064,29408,13496,15912,8164,11820,69314,68.3871747016,train
pa_129,60110,47012,1110,5063,1277,3786,21269,9180,12089,12749,6072,6677,112,0,112,4303,2489,1814,2406,1796,11302,78.2099484279,train
ma_40,38846,24337,292,3010,598,2412,16884,5588,11296,380,0,380,350,224,126,2046,751,1295,1375,1139,13370,62.6499510889,train
nc_46,26213,16112,678,6806,2176,4630,2401,494,1907,636,98,538,1896,598,1298,2049,1200,849,1646,517,9584,61.4656849655,train
sd_13,70929,53098,586,7273,2376,4897,29605,10903,18702,2786,933,1853,997,354,643,7646,3680,3966,4205,4038,13793,74.8607762692,train
al_25,33738,20287,553,5414,1459,3955,9921,2937,6984,195,11,184,794,205,589,2380,898,1482,1030,1508,11943,60.1310095441,train
fl_132,280539,220716,2322,18492,7108,11384,104225,32809,71416,55693,22500,33193,2513,683,1830,29184,15052,14132,8287,8752,51071,78.6756921498,train
va_64,165428,139970,597,11590,4167,7423,80891,23101,57790,25603,8258,17345,930,239,691,15272,8364,6908,5087,8083,17375,84.6108276713,train
ct_51,254241,214736,784,19301,7130,12171,156611,68418,88193,9823,4925,4898,1537,808,729,21280,13499,7781,5400,6245,33260,84.4615935274,train
co_37,42336,35486,320,10248,4968,5280,17859,8747,9112,428,213,215,629,135,494,3765,2602,1163,2237,1960,4890,83.8199168556,train
tx_457,25992,8794,86,1066,347,719,5474,1056,4418,227,82,145,259,50,209,958,499,459,724,1277,15921,33.8334872268,train
ny_179,41689,31854,347,2573,790,1783,18713,7706,11007,746,214,532,12,0,12,8724,4904,3820,739,1192,8643,76.4086449663,train
ga_115,47841,35929,128,6663,2290,4373,19506,9761,9745,1631,658,973,1068,507,561,5246,3401,1845,1687,4705,7207,75.1008549152,train
il_267,44329,41051,238,7468,3437,4031,25944,13541,12403,1357,1104,253,635,169,466,4078,2277,1801,1331,582,2696,92.6052922466,train
wi_111,55652,41477,418,6854,2231,4623,22307,8154,14153,1225,417,808,788,355,433,3832,2438,1394,6053,2771,11404,74.5292172788,train
tn_86,52500,32931,527,7358,2111,5247,11123,3157,7966,3968,942,3026,2365,468,1897,3369,1109,2260,4221,3338,16231,62.7257142857,train
nm_27,217856,159943,2014,46256,15600,30656,67508,28450,39058,3436,1727,1709,3737,1322,2415,21493,9569,11924,15499,7956,49957,73.4168441539,train
la_79,58999,42957,402,5834,2912,2922,24758,9757,15001,2562,1150,1412,617,257,360,6250,3243,3007,2534,2741,13301,72.8097086391,train
ny_208,44876,38288,254,1035,239,796,32942,6634,26308,483,313,170,239,106,133,3186,1758,1428,149,1025,5563,85.3195471967,train
mi_89,72284,50447,551,11622,4399,7223,28519,10118,18401,1586,605,981,631,348,283,4283,1933,2350,3255,4120,17717,69.7899950196,train
wa_11,62659,44739,1595,17213,5196,12017,8882,3663,5219,859,298,561,6405,1210,5195,5975,3367,2608,3810,2352,15568,71.4007564755,train
ny_203,33473,30135,0,600,353,247,17786,7944,9842,6038,2856,3182,129,0,129,5238,3372,1866,344,389,2949,90.0277835868,train
mi_92,49077,34533,343,6986,2475,4511,18717,8130,10587,944,261,683,639,100,539,2793,1182,1611,4111,2289,12255,70.3649367321,train
ak_23,32606,21811,161,3566,1388,2178,8686,2917,5769,362,231,131,2401,559,1842,4017,2147,1870,2618,1366,9429,66.8925964546,train
mi_62,37355,30650,364,4654,1911,2743,18033,7309,10724,1305,664,641,174,121,53,4808,2589,2219,1312,1029,5676,82.0505956365,train
la_44,77784,49892,398,13182,4642,8540,22581,8300,14281,787,206,581,687,298,389,5042,3063,1979,7215,2958,24934,64.1417258048,train
co_101,97803,79797,860,19362,8957,10405,37826,17487,20339,1153,458,695,2962,1170,1792,7228,4049,3179,10406,2738,15268,81.5895217938,train
ky_63,42700,28912,508,10383,4018,6365,11460,5610,5850,171,41,130,1082,240,842,2192,1154,1038,3116,3066,10722,67.7096018735,train
in_26,186553,132806,1887,39433,12129,27304,57345,25274,32071,5894,2965,2929,3808,1100,2708,14700,7368,7332,9739,8769,44978,71.1894207008,train
mi_125,77518,51707,1079,8778,2155,6623,28831,9074,19757,1194,716,478,2839,836,2003,4641,1682,2959,4345,2941,22870,66.7032173173,train
fl_20,130614,104170,1748,17977,8334,9643,62779,34933,27846,2020,1189,831,1924,1111,813,10987,6497,4490,6735,4115,22329,79.7540845545,train
nj_70,267573,213874,1818,12821,4279,8542,133405,49363,84042,37979,17529,20450,1544,449,1095,22406,12445,9961,3901,8374,45325,79.9310842275,train
ar_65,57876,41350,1028,16038,5051,10987,12875,4682,8193,2732,1469,1263,1519,922,597,3502,1826,1676,3656,3791,12735,71.4458497477,train
tx_385,48351,36531,1082,10031,2575,7456,12193,3859,8334,2196,693,1503,4484,1207,3277,4152,1898,2254,2393,1766,10054,75.5537631073,train
ma_103,68797,57329,32,8302,3194,5108,38197,15281,22916,1097,529,568,879,569,310,3500,1694,1806,5322,2002,9466,83.3306684885,train
pa_159,49007,26018,383,7645,1570,6075,9242,2981,6261,2005,496,1509,1120,367,753,4542,2497,2045,1081,2080,20909,53.0903748444,train
ca_415,56642,39276,604,10100,5085,5015,14818,7324,7494,1839,1130,709,1364,1017,347,7250,5108,2142,3301,3708,13658,69.3407718654,train
il_116,219830,143787,2822,37074,12832,24242,67067,29535,37532,3685,1947,1738,3807,1520,2287,14012,7418,6594,15320,10564,65479,65.4082700268,train
nc_93,53786,34780,654,12656,3931,8725,11488,3953,7535,1626,762,864,1298,254,1044,4564,2221,2343,2494,2364,16642,64.6636671253,train
tn_39,250302,147947,1273,34409,13535,20874,68655,26614,42041,4849,2487,2362,3635,1796,1839,23892,10718,13174,11234,21433,80922,59.1073982629,train
tx_354,38578,35328,75,6427,3060,3367,16510,8536,7974,2407,1500,907,2035,1576,459,4647,3705,942,3227,736,2514,91.5755093577,train
pa_175,63783,44373,646,7727,2619,5108,27966,12012,15954,464,341,123,1060,355,705,4351,2600,1751,2159,2306,17104,69.5686938526,train
tx_210,42181,31967,155,7550,4192,3358,14872,8289,6583,320,178,142,1554,662,892,2924,1480,1444,4592,1987,8227,75.7853061805,train
ga_64,44444,37696,142,7101,2584,4517,17985,8465,9520,1737,869,868,887,652,235,7976,4627,3349,1868,2102,4646,84.8168481685,train
fl_181,52598,43452,379,7702,3122,4580,24893,10106,14787,963,559,404,1582,207,1375,4443,1700,2743,3490,826,8320,82.6115061409,train
mn_17,489690,395429,5386,80859,32552,48307,227118,109711,117407,7587,3948,3639,8406,3871,4535,37941,21956,15985,28132,19126,75135,80.7508832118,train
co_107,41358,30809,314,5776,2282,3494,16742,7791,8951,555,57,498,1014,557,457,2800,1519,1281,3608,2864,7685,74.4934474588,train
ny_160,44882,35914,267,3856,1595,2261,27877,10293,17584,62,39,23,582,242,340,2430,1252,1178,840,1519,7449,80.0187157435,train
mi_159,58517,39277,464,3633,1095,2538,30512,12879,17633,339,293,46,478,254,224,1936,1160,776,1915,2053,17187,67.1206657894,train
ut_36,224216,177493,2586,49232,21450,27782,77436,33859,43577,6981,3679,3302,8562,4019,4543,19299,11459,7840,13397,18124,28599,79.161612017,train
mi_145,68221,55702,637,9317,4461,4856,32562,14543,18019,1562,876,686,1903,660,1243,5815,2618,3197,3906,2483,10036,81.6493455094,train
tx_415,275650,221241,1444,36660,15246,21414,131796,71460,60336,10407,6803,3604,4845,2922,1923,15278,9085,6193,20811,9385,45024,80.261563577,train
md_110,37037,27565,262,3941,1347,2594,17478,6439,11039,308,254,54,912,308,604,2703,1464,1239,1961,1702,7770,74.4255744256,train
va_140,80014,64290,432,5891,2000,3891,30063,11815,18248,11404,3985,7419,802,388,414,12246,4142,8104,3452,2779,12945,80.3484390232,train
ok_21,33316,23828,309,6683,2982,3701,6604,2765,3839,1410,577,833,3434,1534,1900,2223,1313,910,3165,2034,7454,71.5211910193,train
oh_23,54886,43572,927,7806,2908,4898,22226,10931,11295,1395,599,796,1596,917,679,2777,1309,1468,6845,1608,9706,79.3863644645,train
tx_430,17159,6727,129,1188,170,1018,2339,655,1684,0,0,0,461,0,461,1029,500,529,1581,322,10110,39.2039163121,train
ky_73,125138,97607,501,13740,5765,7975,57674,30844,26830,1219,377,842,1768,625,1143,15049,8307,6742,7656,5568,21963,77.9994885646,train
tx_380,42656,35834,176,6593,1383,5210,17075,6325,10750,2239,889,1350,1026,393,633,4657,2735,1922,4068,1377,5445,84.0069392348,train
az_85,56659,41381,513,8004,2190,5814,21824,6637,15187,475,262,213,1729,268,1461,5942,2552,3390,2894,2418,12860,73.0351753473,train
mi_186,51522,36581,305,7309,2665,4644,20054,8160,11894,1005,261,744,639,100,539,2943,1332,1611,4326,2148,12793,71.000737549,train
ca_541,50020,46671,326,11005,4948,6057,27387,14896,12491,2432,1251,1181,408,168,240,4410,2873,1537,703,1142,2207,93.3046781287,train
in_128,45403,31468,886,9580,2399,7181,9456,1989,7467,1363,574,789,2061,1061,1000,4506,1828,2678,3616,2302,11633,69.3081954937,train
ga_22,89106,63187,617,15604,6283,9321,25824,13848,11976,3979,2619,1360,1934,909,1025,10363,6757,3606,4866,4143,21776,70.9121720198,train
me_17,81605,63876,822,9084,1635,7449,44861,15359,29502,1116,273,843,958,218,740,4346,2199,2147,2689,2944,14785,78.274615526,train
tx_44,105838,77563,1313,18117,5142,12975,31574,12542,19032,5608,2518,3090,3635,944,2691,10720,5602,5118,6596,8708,19567,73.2846425669,train
fl_120,146193,107500,479,6036,1073,4963,51104,14187,36917,28740,9966,18774,979,594,385,14248,6172,8076,5914,5924,32769,73.5329324933,train
ct_50,270267,196659,1351,39287,10735,28552,112607,39086,73521,7620,3399,4221,2619,649,1970,25308,11450,13858,7867,12900,60708,72.764710453,train
ca_401,31480,24031,477,8311,1594,6717,9627,2206,7421,769,65,704,764,318,446,2784,1522,1262,1299,1139,6310,76.3373570521,train
wi_75,49979,33973,1072,9793,2908,6885,10411,3444,6967,575,396,179,3618,1052,2566,3455,1358,2097,5049,1837,14169,67.9745493107,train
nd_24,79441,57458,765,17335,6810,10525,14890,6880,8010,6101,2944,3157,1362,595,767,12427,7328,5099,4578,5897,16086,72.3278911393,train
wa_49,27630,19492,121,3645,1061,2584,10430,3798,6632,143,74,69,372,115,257,3290,1821,1469,1491,1927,6211,70.5465074195,train
fl_174,35495,26607,397,6045,3595,2450,14252,8686,5566,342,117,225,649,310,339,3042,1756,1286,1880,1164,7724,74.9598535005,train
mi_44,27961,19798,93,2574,1041,1533,11394,6540,4854,836,564,272,550,361,189,1936,1194,742,2415,2365,5798,70.8057651729,train
nd_28,68282,54394,476,11479,5482,5997,29267,14510,14757,1343,720,623,2188,787,1401,4396,2456,1940,5245,4168,9720,79.6608183709,train
fl_198,40133,28787,1067,7546,1598,5948,13294,4053,9241,103,0,103,903,471,432,4029,1066,2963,1845,1851,9495,71.7290010714,train
sc_23,114103,87041,1403,12486,3919,8567,50978,23688,27290,1316,688,628,1144,420,724,13032,7602,5430,6682,6094,20968,76.2828321779,train
tn_19,180231,136644,1244,27519,5986,21533,75227,30913,44314,6115,2969,3146,2887,794,2093,11214,5782,5432,12438,4680,38907,75.816036087,train
pa_124,64311,44920,1367,9528,2580,6948,26857,10246,16611,854,258,596,502,142,360,3150,1423,1727,2662,1925,17466,69.8480819766,train
de_20,62101,48809,361,2847,797,2050,23833,9196,14637,13568,5010,8558,396,139,257,6006,3112,2894,1798,1943,11349,78.5961578719,train
ny_18,54551,37066,583,12328,3401,8927,16629,4864,11765,282,141,141,730,253,477,3757,1522,2235,2757,2597,14888,67.9474253451,train
co_64,60158,49927,753,13958,4999,8959,24816,10833,13983,799,294,505,2575,673,1902,4004,2449,1555,3022,2144,8087,82.9931181223,train
ca_118,32824,29031,0,6630,2138,4492,18356,8166,10190,1879,690,1189,268,81,187,1443,1021,422,455,772,3021,88.4444309042,train
az_115,20727,12951,141,2406,833,1573,6957,2456,4501,252,96,156,211,0,211,2083,844,1239,901,2593,5183,62.483716891,train
ca_323,42704,36392,571,8196,3996,4200,18835,11411,7424,1041,780,261,542,473,69,4009,2642,1367,3198,876,5436,85.2191832147,train
tx_225,42449,34828,158,3639,1597,2042,11829,5823,6006,12226,4923,7303,588,523,65,3938,1925,2013,2450,2288,5333,82.0466913237,train
tn_65,46329,29010,474,12004,2806,9198,7146,2126,5020,1119,428,691,1352,372,980,3745,1961,1784,3170,1415,15904,62.6173670919,train
ca_448,43263,35003,504,11972,4791,7181,10572,5009,5563,933,626,307,2914,989,1925,4803,3014,1789,3305,1030,7230,80.9074728983,train
sc_16,67998,52203,644,10969,5172,5797,27863,12754,15109,2802,556,2246,556,167,389,5956,2857,3099,3413,2000,13795,76.7713756287,train
mt_34,53805,41622,879,7749,2180,5569,23995,7138,16857,640,220,420,1198,100,1098,4890,2513,2377,2271,2657,9526,77.357122944,train
sc_55,75087,48407,545,15372,3294,12078,16940,5860,11080,3938,405,3533,1559,498,1061,5929,2939,2990,4124,2060,24620,64.4678839213,train
hi_22,35274,30649,413,4168,2244,1924,20528,10498,10030,811,370,441,205,19,186,3561,2270,1291,963,1066,3559,86.8883596984,train
oh_154,51842,31443,466,4262,1728,2534,19322,6015,13307,963,431,532,267,183,84,4230,2325,1905,1933,3957,16442,60.6515952317,train
mi_36,77518,51707,1079,8778,2155,6623,28831,9074,19757,1194,716,478,2839,836,2003,4641,1682,2959,4345,2941,22870,66.7032173173,train
mn_23,29288,25279,170,8806,2982,5824,10291,4887,5404,462,181,281,1030,324,706,2833,1979,854,1687,1055,2954,86.3118000546,train
fl_125,252359,163664,1903,33856,9991,23865,80801,28622,52179,3803,1701,2102,3547,1980,1567,26343,8590,17753,13411,15160,73535,64.8536410431,train
wa_36,32142,26653,201,3746,1854,1892,16371,7586,8785,459,171,288,547,304,243,2714,1606,1108,2615,952,4537,82.9226557153,train
ca_494,48413,42069,682,6340,2580,3760,25115,11933,13182,1553,1036,517,1135,306,829,6256,4251,2005,988,1168,5176,86.896081631,train
ct_82,26998,17163,535,4548,835,3713,8515,1893,6622,325,171,154,153,47,106,2068,1082,986,1019,1454,8381,63.5713756575,train
ca_338,34953,28399,904,6161,2642,3519,11022,4391,6631,1940,875,1065,872,520,352,4730,2568,2162,2770,1397,5157,81.2491059423,train
la_17,168824,122526,1237,20445,8098,12347,69216,30798,38418,5609,3310,2299,2516,1207,1309,11700,5532,6168,11803,8183,38115,72.5761740037,train
va_24,112749,103822,733,7496,3601,3895,27346,14406,12940,46163,27157,19006,2310,1325,985,14223,8899,5324,5551,3452,5475,92.0824131478,train
az_34,99860,88739,438,10995,4669,6326,61436,27756,33680,1246,339,907,1693,863,830,9017,5696,3321,3914,3221,7900,88.8634087723,train
il_85,31325,26058,38,6341,1793,4548,15216,5769,9447,974,223,751,319,0,319,1494,897,597,1676,971,4296,83.1859537111,train
in_45,60932,34071,612,8210,1981,6229,16490,5344,11146,1960,419,1541,693,182,511,3513,1036,2477,2593,2948,23913,55.9164314318,train
in_56,30868,28177,442,6794,3127,3667,14335,7489,6846,3086,1138,1948,284,46,238,2217,1533,684,1019,1281,1410,91.2822340288,train
sc_41,26168,14978,41,1744,906,838,9939,2757,7182,135,33,102,287,120,167,1406,636,770,1426,3258,7932,57.237847753,train
tx_318,33312,16242,150,4383,1405,2978,5757,3030,2727,1370,141,1229,666,218,448,1744,640,1104,2172,1797,15273,48.757204611,train
pa_144,63594,54933,313,2448,777,1671,21207,8496,12711,17785,9308,8477,272,132,140,11551,3957,7594,1357,1517,7144,86.3807906406,train
il_249,24566,21409,0,3216,1657,1559,13349,6783,6566,544,355,189,351,254,97,2593,1874,719,1356,526,2631,87.1489049906,train
fl_215,36591,30908,212,4326,1540,2786,14176,2613,11563,891,426,465,984,182,802,3708,1693,2015,6611,701,4982,84.4688584625,train
oh_73,133301,81831,1066,14488,4540,9948,39773,15223,24550,8598,3901,4697,1561,392,1169,9379,4700,4679,6966,11109,40361,61.3881366231,train
nc_144,42505,35999,299,8075,2945,5130,20950,10663,10287,1173,296,877,644,224,420,2864,1586,1278,1994,1146,5360,84.6935654629,train
ca_222,31317,21324,43,6423,1022,5401,6362,2062,4300,4270,1016,3254,688,201,487,3082,1583,1499,456,2555,7438,68.0908132963,train
in_23,34435,24621,333,4235,878,3357,12806,3592,9214,865,399,466,964,233,731,2061,756,1305,3357,1573,8241,71.4999273994,train
oh_68,33438,24602,251,6181,2365,3816,12512,5887,6625,1303,514,789,484,128,356,2732,1076,1656,1139,580,8256,73.5749745798,train
il_16,37526,30275,240,4361,2307,2054,20069,11836,8233,92,50,42,1541,537,1004,1708,753,955,2264,1091,6160,80.6773970047,train
tx_184,255892,174017,2507,23713,6993,16720,84470,34301,50169,4324,1849,2475,13372,4157,9215,20459,10955,9504,25172,14143,67732,68.0040798462,train
tx_151,37890,28653,0,3292,1766,1526,15314,8464,6850,440,99,341,693,272,421,2720,2086,634,6194,879,8358,75.6215360253,train
nc_156,67573,49288,785,9526,2647,6879,27636,8164,19472,721,105,616,2077,124,1953,3961,2466,1495,4582,3212,15073,72.9403755938,train
ky_39,65955,40390,631,16127,4237,11890,11920,2733,9187,2135,596,1539,1313,267,1046,5419,1877,3542,2845,2501,23064,61.238723372,train
oh_201,32560,28619,180,5437,2352,3085,15797,6091,9706,2470,681,1789,492,112,380,2694,1557,1137,1549,1778,2163,87.8961916462,train
va_78,48525,44288,490,4679,2270,2409,14906,7919,6987,14955,9773,5182,45,45,0,7852,3454,4398,1361,615,3622,91.2684183411,train
nc_182,26593,20274,390,9243,4251,4992,5478,2283,3195,422,230,192,923,261,662,1993,590,1403,1825,739,5580,76.2381077727,train
wv_26,48331,29666,1240,8201,2330,5871,8022,2167,5855,420,49,371,2759,740,2019,7730,3600,4130,1294,1526,17139,61.3808942501,train
ks_34,75038,65928,117,6877,3085,3792,46609,27573,19036,2503,1791,712,794,514,280,5350,2476,2874,3678,1339,7771,87.8594845278,train
ca_45,142577,115900,953,24622,10137,14485,50489,25157,25332,9163,3020,6143,5701,1880,3821,14025,7525,6500,10947,4960,21717,81.2894085301,train
pa_146,49909,41046,365,4139,1504,2635,20374,8858,11516,8630,4001,4629,559,150,409,5674,3013,2661,1305,1200,7663,82.2416798573,train
ma_81,42773,38228,181,2920,1038,1882,23517,11818,11699,7197,3713,3484,216,79,137,3602,1918,1684,595,531,4014,89.3741378907,train
nj_69,274012,226431,1939,23581,8794,14787,140999,55088,85911,27141,11555,15586,2529,776,1753,23708,12675,11033,6534,6506,41075,82.6354320249,train
ia_57,48465,31199,831,7638,2345,5293,15030,4821,10209,580,114,466,1432,534,898,3478,1867,1611,2210,2901,14365,64.3742907253,train
ca_161,27198,14851,353,4566,1057,3509,6553,1544,5009,467,467,0,333,121,212,1953,467,1486,626,405,11942,54.6032796529,train
in_139,27872,18264,608,3856,1315,2541,8647,4025,4622,434,75,359,330,251,79,2221,1088,1133,2168,1156,8452,65.5281285878,train
md_11,26573,17824,177,3719,1883,1836,10264,5246,5018,213,100,113,716,323,393,1304,586,718,1431,1223,7526,67.0756030557,train
nj_169,23931,20913,113,1435,586,849,13990,7449,6541,2353,1035,1318,0,0,0,2198,1827,371,824,649,2369,87.3887426351,train
ct_76,54248,42421,307,9092,3352,5740,23743,8880,14863,1061,495,566,693,46,647,5975,2714,3261,1550,2466,9361,78.1982745908,train
in_36,39311,26137,518,7767,2225,5542,11277,3649,7628,699,165,534,931,201,730,2672,1358,1314,2273,849,12325,66.4877515199,train
ga_111,44972,32387,222,7895,2492,5403,8640,3978,4662,1260,242,1018,996,401,595,10981,4374,6607,2393,3209,9376,72.0159210175,train
md_22,306730,241157,2715,17455,6493,10962,84545,27215,57330,75421,30567,44854,4034,805,3229,46042,23252,22790,10945,10832,54741,78.6219150393,train
wi_12,609143,426998,12716,138334,38097,100237,144114,48543,95571,12434,4065,8369,29796,9210,20586,46640,18511,28129,42964,22413,159732,70.0981542922,train
ca_128,44467,33612,313,6090,1213,4877,8841,2802,6039,1159,424,735,366,121,245,15980,1828,14152,863,795,10060,75.5886387658,train
az_83,38488,33173,211,7933,2794,5139,18798,7364,11434,232,90,142,612,119,493,3362,1309,2053,2025,864,4451,86.1905009354,train
ga_18,24808,18779,561,5897,969,4928,7137,2276,4861,2334,725,1609,335,270,65,1519,582,937,996,628,5401,75.6973556917,train
fl_289,54984,44367,236,6131,1909,4222,21715,3859,17856,9045,2418,6627,907,270,637,5001,2585,2416,1332,1763,8854,80.690746399,train
nc_154,46834,32501,470,7029,2346,4683,18066,8130,9936,196,112,84,310,213,97,2090,1308,782,4340,1485,12848,69.3961651791,train
tx_113,27493,25583,123,6689,3344,3345,13244,7593,5651,463,219,244,367,145,222,3842,3191,651,855,361,1549,93.0527770705,train
ma_16,175846,128758,1474,16334,5657,10677,87854,39552,48302,1590,627,963,1463,798,665,11675,5605,6070,8368,3722,43366,73.2220238163,train
in_69,101860,72589,684,6486,1717,4769,31557,11554,20003,20223,9357,10866,557,133,424,8315,2989,5326,4767,6655,22616,71.2634989201,train
ma_28,43140,34674,171,3650,1188,2462,25692,12329,13363,907,475,432,350,277,73,2053,1250,803,1851,2843,5623,80.3755215577,train
vt_15,55000,41683,1439,14468,3829,10639,16013,4879,11134,1199,226,973,2206,332,1874,4594,1802,2792,1764,1891,11426,75.7872727273,train
ak_13,103445,87801,797,13411,6361,7050,52516,27298,25218,440,226,214,2497,1198,1299,12645,8690,3955,5495,2365,13279,84.8769877713,train
fl_102,38532,28053,190,5720,1226,4494,15952,6237,9715,1013,370,643,250,171,79,2722,1384,1338,2206,1345,9134,72.8044222983,train
ny_39,167629,131473,418,5482,1435,4047,48081,12812,35269,57610,15948,41662,1255,275,980,16323,7530,8793,2304,5600,30556,78.4309397539,train
ca_26,33609,23343,1192,7191,1898,5293,6362,1846,4516,131,49,82,3636,1294,2342,2539,1155,1384,2292,1809,8457,69.4546103722,train
mi_162,54649,43804,446,6857,2783,4074,24925,10494,14431,1813,873,940,634,418,216,7212,3864,3348,1917,2026,8819,80.1551720983,train
co_77,80264,64502,1116,11735,4933,6802,39247,16989,22258,872,361,511,1389,827,562,6129,2982,3147,4014,3027,12735,80.3623043955,train
va_14,98973,88366,798,11026,4116,6910,31436,16982,14454,22785,14834,7951,252,226,26,18486,6833,11653,3583,2155,8452,89.2829357502,train
tx_141,36186,32209,293,6360,1918,4442,18410,10851,7559,3120,1824,1296,316,196,120,2456,1620,836,1254,678,3299,89.0095617089,train
fl_253,50047,29594,1500,3478,1462,2016,17539,4724,12815,514,326,188,644,176,468,4894,1530,3364,1025,2473,17980,59.1324155294,train
ma_11,94479,77398,1567,9928,2656,7272,52158,18349,33809,1010,512,498,1181,272,909,9568,3594,5974,1986,3351,13730,81.920850136,train
mi_11,281593,176009,7872,36212,9938,26274,64912,19435,45477,2170,648,1522,23478,5754,17724,18560,8058,10502,22805,16512,89072,62.504749763,train
md_107,306730,241157,2715,17455,6493,10962,84545,27215,57330,75421,30567,44854,4034,805,3229,46042,23252,22790,10945,10832,54741,78.6219150393,train
vt_14,59381,44162,929,18724,3566,15158,15944,4040,11904,379,106,273,2549,484,2065,2973,1280,1693,2664,2271,12948,74.3705899193,train
fl_335,77916,64754,433,17833,5620,12213,32328,14035,18293,1605,779,826,1051,303,748,9655,5920,3735,1849,3129,10033,83.1074490477,train
ky_52,50910,24210,233,2844,1626,1218,15052,8040,7012,370,241,129,225,106,119,3427,1573,1854,2059,7107,19593,47.5545079552,train
in_123,46572,26680,741,6374,2604,3770,11487,2803,8684,846,275,571,2045,725,1320,2615,1121,1494,2572,3198,16694,57.2876406424,train
md_103,88531,74279,751,10779,3874,6905,47748,19989,27759,1313,371,942,1997,501,1496,6730,3559,3171,4961,2354,11898,83.9016841558,train
ca_379,58884,53932,466,16607,6191,10416,28245,10219,18026,1242,883,359,598,381,217,5848,3236,2612,926,832,4120,91.5902452279,train
tn_13,29503,17446,187,2195,510,1685,11512,3815,7697,473,202,271,348,98,250,1847,1097,750,884,1066,10991,59.1329695285,train
wa_129,52203,46700,190,6251,2775,3476,32209,18612,13597,2047,1665,382,270,105,165,4349,2517,1832,1384,2178,3325,89.4584602417,train
me_18,28026,20338,182,3035,969,2066,14605,5769,8836,218,73,145,123,50,73,1241,421,820,934,1776,5912,72.5683294084,train
mi_123,51399,30092,967,4565,1368,3197,12883,3422,9461,385,203,182,4469,1099,3370,2833,1185,1648,3990,3455,17852,58.5458861067,train
nc_78,49069,37720,91,4655,1486,3169,26908,12634,14274,749,636,113,407,281,126,3118,1666,1452,1792,2243,9106,76.8713444333,train
fl_92,75202,59592,541,8875,3645,5230,43788,21478,22310,121,51,70,270,197,73,3562,2476,1086,2435,4988,10622,79.2425733358,train
hi_29,450120,358307,4369,56710,23742,32968,235543,111177,124366,5807,2955,2852,4150,1645,2505,31049,19118,11931,20679,14243,77570,79.602550431,train
ny_211,32590,24566,0,533,159,374,16892,4295,12597,4258,939,3319,82,0,82,2373,1035,1338,428,1132,6892,75.3789505983,train
ky_40,45541,34516,441,5155,2115,3040,19643,8579,11064,221,0,221,1227,344,883,2584,1842,742,5245,3746,7279,75.7910454316,train
tx_313,56809,48056,226,12801,7285,5516,21428,13365,8063,2056,1096,960,410,340,70,6296,4732,1564,4839,3690,5063,84.5922301044,train
tn_50,251718,185608,1360,26581,9921,16660,120015,59337,60678,5381,2386,2995,3025,1406,1619,17383,9125,8258,11863,12021,54089,73.7364828896,train
ga_40,71861,48140,207,10988,3871,7117,28824,13498,15326,460,384,76,303,119,184,5104,1565,3539,2254,5072,18649,66.990439877,train
il_180,51704,45884,86,7807,3590,4217,27865,15024,12841,1350,614,736,600,412,188,5224,3222,2002,2952,1251,4569,88.7436175151,train
fl_161,33643,21027,69,5130,1511,3619,10699,2442,8257,1022,503,519,0,0,0,3015,1264,1751,1092,1469,11147,62.5003715483,train
co_21,58466,47305,789,11586,5566,6020,24246,14002,10244,891,644,247,1754,654,1100,3362,2201,1161,4677,1317,9844,80.9102726371,train
pa_58,39767,26741,356,3545,1098,2447,15764,4470,11294,2606,703,1903,41,0,41,2361,731,1630,2068,1673,11353,67.2441974501,train
nv_44,59197,36969,549,8184,2038,6146,19535,6415,13120,884,385,499,590,130,460,4271,1883,2388,2956,4501,17727,62.4507998716,train
ca_363,32088,25220,157,5315,1329,3986,10866,3440,7426,3474,774,2700,701,91,610,3991,1386,2605,716,1205,5663,78.59636001,train
mn_106,80870,67976,1166,16272,6724,9548,36988,16635,20353,1568,696,872,1223,292,931,6579,3803,2776,4180,2203,10691,84.0558921726,train
ca_376,54085,46590,828,7694,2921,4773,24373,16571,7802,7372,5179,2193,265,242,23,4319,2930,1389,1739,1569,5926,86.1421835999,train
md_91,65089,47245,1015,9732,4172,5560,20835,8887,11948,918,291,627,2670,757,1913,5021,2543,2478,7054,2922,14922,72.5852294551,train
la_49,271501,158982,3977,43303,14929,28374,52023,20928,31095,2882,752,2130,13550,3568,9982,23674,12789,10885,19573,10526,101993,58.5566903989,train
ky_44,47939,27260,608,11433,1901,9532,10395,2583,7812,203,54,149,904,123,781,2059,467,1592,1658,2611,18068,56.863931246,train
ak_22,58011,44724,775,14702,4556,10146,19484,8654,10830,324,157,167,1185,508,677,5691,3625,2066,2563,3145,10142,77.0957232249,train
nj_59,44262,27672,264,2530,1091,1439,15863,7561,8302,2016,804,1212,1829,190,1639,3408,1956,1452,1762,1543,15047,62.5186390131,train
pr_52,50595,20064,500,3699,874,2825,11561,2556,9005,112,0,112,828,146,682,862,348,514,2502,4154,26377,39.6560924993,train
ca_79,32096,26721,250,6045,3225,2820,15522,8417,7105,564,207,357,162,54,108,3130,1560,1570,1048,417,4958,83.2533649053,train
sc_47,250372,157129,3632,39532,10799,28733,69153,21745,47408,5671,1582,4089,7376,1529,5847,17993,7862,10131,13772,17836,75407,62.7582157749,train
az_133,35463,29806,95,9366,4772,4594,13360,5544,7816,127,0,127,1071,375,696,4306,1699,2607,1481,2026,3631,84.048162874,train
ia_33,30982,19496,760,3979,1075,2904,11855,3474,8381,92,0,92,413,140,273,1424,796,628,973,1958,9528,62.9268607579,train
ca_444,39291,28453,544,5174,1340,3834,14301,3077,11224,1660,704,956,605,45,560,3983,2117,1866,2186,1139,9699,72.4160749281,train
ma_82,38499,25604,211,3887,982,2905,18038,6212,11826,474,190,284,607,141,466,1802,1257,545,585,2026,10869,66.5056235227,train
fl_323,28272,20729,413,8376,1410,6966,7910,3076,4834,481,232,249,454,292,162,2377,1063,1314,718,1474,6069,73.3198924731,train
ma_62,55448,37565,373,6243,2598,3645,22158,11104,11054,512,329,183,232,130,102,3547,2135,1412,4500,909,16974,67.7481604386,train
ca_374,37352,34162,89,7897,3398,4499,15918,7844,8074,3101,1509,1592,782,196,586,5517,3329,2188,858,898,2292,91.4596273292,train
pa_179,49061,34440,1107,8872,1823,7049,18351,4749,13602,595,8,587,1087,0,1087,2781,942,1839,1647,1041,13580,70.1983245348,train
co_85,41570,38066,294,9809,4621,5188,16313,8355,7958,556,246,310,2375,889,1486,7668,5175,2493,1051,329,3175,91.5708443589,train
ok_34,280361,162431,4019,52508,19527,32981,28533,10570,17963,3596,1555,2041,25129,7332,17797,17334,7812,9522,31312,14581,103349,57.9363748881,train
ny_112,244865,158161,986,6122,2383,3739,101319,28422,72897,6083,2104,3979,1224,450,774,36818,16374,20444,5609,14196,72508,64.591101219,train
nv_33,50798,39524,279,12483,5206,7277,16453,7838,8615,1908,1313,595,1228,440,788,4665,2660,2005,2508,2485,8789,77.806212843,train
ny_269,38752,26512,265,2859,354,2505,7916,1477,6439,10606,2100,8506,387,51,336,3193,1738,1455,1286,1452,10788,68.4145334434,train
nv_27,237234,153951,1914,24067,7496,16571,84640,28199,56441,2098,673,1425,5453,2546,2907,21332,12327,9005,14447,13514,69769,64.894155138,train
il_251,25456,20035,313,4610,2303,2307,11107,6355,4752,261,192,69,249,130,119,1269,899,370,2226,508,4913,78.7044311754,train
md_93,66812,53639,1153,8602,2773,5829,34463,12517,21946,925,262,663,1298,150,1148,5041,2331,2710,2157,2218,10955,80.2834820092,train
az_140,82502,64067,522,14148,2944,11204,36670,15203,21467,1519,845,674,1830,560,1270,6135,3498,2637,3243,4059,14376,77.6550871494,train
ny_68,167629,131473,418,5482,1435,4047,48081,12812,35269,57610,15948,41662,1255,275,980,16323,7530,8793,2304,5600,30556,78.4309397539,train
la_95,158354,95105,555,18655,8115,10540,49466,21658,27808,1165,527,638,2608,1777,831,17226,6005,11221,5430,9677,53572,60.0584765778,train
fl_305,67630,56721,985,15043,5199,9844,28669,11557,17112,1046,609,437,1456,752,704,4709,2977,1732,4813,2128,8781,83.8695845039,train
ca_568,51936,36667,287,5276,1797,3479,14488,6374,8114,2418,1450,968,218,218,0,11678,3798,7880,2302,2035,13234,70.6003542822,train
nm_55,50984,36939,866,10610,3783,6827,13421,5246,8175,793,277,516,1924,559,1365,6580,2564,4016,2745,2909,11136,72.4521418484,train
in_96,50063,34417,1508,12134,2873,9261,8268,2244,6024,2917,822,2095,1672,624,1048,4651,2095,2556,3267,2724,12922,68.7473783033,train
al_82,47753,28352,574,7189,2253,4936,12970,3780,9190,402,0,402,2137,295,1842,2500,1140,1360,2580,2011,17390,59.3721860407,train
ny_26,26518,20782,360,3821,722,3099,12814,5445,7369,136,98,38,633,256,377,1593,408,1185,1425,703,5033,78.3694094577,train
fl_199,69185,54697,873,9431,2871,6560,30248,8180,22068,2471,721,1750,1553,147,1406,7345,2836,4509,2776,3752,10736,79.0590445906,train
sc_74,54749,42254,496,7436,2889,4547,25283,9049,16234,2017,627,1390,502,116,386,4524,2064,2460,1996,3136,9359,77.1776653455,train
ia_37,310669,239118,4211,71927,29363,42564,101755,45108,56647,5396,2243,3153,9408,3903,5505,22551,11975,10576,23870,13449,58102,76.9687352134,train
oh_35,24084,16471,166,4005,1411,2594,8212,2878,5334,140,96,44,722,403,319,820,172,648,2406,1085,6528,68.3898023584,train
mn_108,27776,22682,35,5863,2007,3856,12768,4855,7913,80,80,0,480,355,125,2054,1070,984,1402,969,4125,81.6604262673,train
co_38,41668,34539,396,9011,3141,5870,19158,8319,10839,453,249,204,474,184,290,3889,2234,1655,1158,1333,5796,82.8909474897,train
tx_456,44290,35142,123,7846,4553,3293,13463,7042,6421,2392,1799,593,1310,678,632,7991,6242,1749,2017,986,8162,79.3452246557,train
ct_17,53396,43219,531,7569,2953,4616,27772,11690,16082,2049,632,1417,237,188,49,4227,2150,2077,834,2852,7325,80.9405198891,train
wa_88,42058,35246,240,7292,3575,3717,21463,11076,10387,358,284,74,973,347,626,2921,1808,1113,1999,1902,4910,83.8033192258,train
fl_205,40393,34601,612,5247,2150,3097,21495,8764,12731,1085,593,492,565,242,323,3818,1990,1828,1779,1437,4355,85.660881836,train
ga_63,35066,29309,82,6457,3444,3013,15298,6740,8558,1586,1040,546,580,328,252,3969,2203,1766,1337,1395,4362,83.5823874979,train
tx_392,44358,33833,69,2717,1222,1495,19496,9503,9993,728,422,306,1603,286,1317,4019,2785,1234,5201,1587,8938,76.2726002074,train
fl_202,61479,50404,755,12735,4977,7758,22647,7479,15168,1156,530,626,3237,2245,992,6504,3945,2559,3370,3292,7783,81.9857187007,train
ca_262,225136,157746,2296,45393,10576,34817,51790,18145,33645,22815,7506,15309,6895,2141,4754,17422,8199,9223,11135,13886,53504,70.0669817355,train
fl_293,33593,29838,34,3808,1936,1872,19326,9671,9655,1877,679,1198,554,554,0,3104,1551,1553,1135,1191,2564,88.8220760277,train
ok_57,89764,65776,383,11207,3730,7477,37064,15513,21551,2889,1487,1402,828,249,579,8832,4372,4460,4573,4212,19776,73.2765919522,train
sd_25,52461,38414,499,5237,1589,3648,14522,5003,9519,5611,1380,4231,2794,888,1906,5435,2395,3040,4316,2786,11261,73.2239187206,train
in_90,42025,27400,741,7025,2322,4703,11778,3727,8051,1452,798,654,459,265,194,2844,997,1847,3101,2041,12584,65.1992861392,train
tx_48,22687,14082,918,4171,1091,3080,5901,1394,4507,258,0,258,1228,269,959,1034,397,637,572,880,7725,62.0707894389,train
sc_96,79083,52819,404,8352,2585,5767,20760,8763,11997,2349,712,1637,1173,555,618,13895,7342,6553,5886,3740,22524,66.7893226104,train
tx_383,40182,38288,124,5918,2123,3795,21004,7419,13585,3690,1814,1876,545,237,308,5243,3283,1960,1764,554,1340,95.2864466677,train
md_100,60362,48844,1116,8833,3546,5287,27797,11218,16579,511,210,301,2966,733,2233,3610,2045,1565,4011,1722,9796,80.9184586329,train
ms_43,63409,46246,563,15563,5397,10166,13127,6293,6834,2305,1253,1052,1498,207,1291,7407,4723,2684,5783,1565,15598,72.9328644199,train
pa_105,46972,32063,789,10536,2760,7776,15896,3984,11912,534,291,243,1004,94,910,1743,793,950,1561,1570,13339,68.2598143575,train
nj_48,44262,27672,264,2530,1091,1439,15863,7561,8302,2016,804,1212,1829,190,1639,3408,1956,1452,1762,1543,15047,62.5186390131,train
nc_151,48553,32483,79,8251,2315,5936,14991,5262,9729,258,56,202,3821,383,3438,3843,1034,2809,1240,449,15621,66.902148168,train
il_209,49178,30857,271,8226,3713,4513,12767,6164,6603,367,199,168,1062,452,610,2916,1631,1285,5248,3168,15153,62.7455366221,train
in_33,103404,72026,1509,16962,6655,10307,33627,12604,21023,2501,1255,1246,2559,831,1728,8741,2745,5996,6127,4682,26696,69.6549456501,train
oh_18,73238,57304,974,11200,4755,6445,31134,14366,16768,3527,1844,1683,1115,433,682,5522,3013,2509,3832,3002,12932,78.243534777,train
ks_30,75038,65928,117,6877,3085,3792,46609,27573,19036,2503,1791,712,794,514,280,5350,2476,2874,3678,1339,7771,87.8594845278,train
nj_129,43684,38631,155,1731,673,1058,19525,8487,11038,11680,5483,6197,117,74,43,4786,3100,1686,637,595,4458,88.4328358209,train
ut_69,49394,40289,441,11924,4283,7641,13594,5571,8023,587,123,464,4311,1804,2507,4381,2262,2119,5051,1822,7283,81.5665870349,train
nd_18,49568,38354,297,8106,3630,4476,20652,10281,10371,925,483,442,1556,596,960,3484,1801,1683,3334,3667,7547,77.3765332473,train
nc_136,39561,26437,533,4905,1532,3373,13167,2970,10197,652,140,512,498,36,462,2202,1042,1160,4480,820,12304,66.8259144107,train
la_64,44100,37898,42,7072,1808,5264,17501,6290,11211,4801,1703,3098,309,23,286,6934,2306,4628,1239,2235,3967,85.9365079365,train
wa_84,44156,31592,371,7860,3034,4826,15390,5758,9632,434,67,367,1105,178,927,2845,1420,1425,3587,2657,9907,71.5463357188,train
ct_55,70124,59672,129,3576,1268,2308,46205,26402,19803,2798,1497,1301,754,405,349,4759,3410,1349,1451,1246,9206,85.0949746164,train
ca_532,36031,21687,483,7675,1830,5845,8347,2186,6161,566,467,99,454,242,212,2968,998,1970,1194,836,13508,60.1898365297,train
ca_235,28091,23747,237,5815,2577,3238,13177,5335,7842,751,370,381,179,0,179,2393,1410,983,1195,496,3848,84.5359723755,train
al_90,70259,48222,1194,23660,7087,16573,10824,3641,7183,1366,430,936,1192,233,959,5741,3087,2654,4245,4623,17414,68.6346233223,train
az_11,31201,13649,337,3379,1069,2310,2318,1194,1124,42,12,30,1173,336,837,4819,1779,3040,1581,2058,15494,43.7453927759,train
il_27,75671,52617,802,11470,3665,7805,29153,14088,15065,482,124,358,1752,543,1209,4364,2180,2184,4594,3622,19432,69.5339033447,train
wa_127,33601,26062,79,2948,858,2090,17247,8093,9154,439,338,101,584,137,447,2589,1748,841,2176,1704,5835,77.5631677629,train
nj_152,23601,19818,58,1790,831,959,14005,8054,5951,551,160,391,152,85,67,2440,1469,971,822,553,3230,83.9710181772,train
co_39,42307,37030,145,7206,3295,3911,21817,11654,10163,687,398,289,295,86,209,5611,3246,2365,1269,2197,3080,87.5268868036,train
mi_33,65559,46477,959,8896,2131,6765,25839,6437,19402,770,126,644,1735,786,949,4533,1819,2714,3745,2840,16242,70.8933937369,train
ga_80,266188,221785,1627,58872,26048,32824,95864,44288,51576,9589,4835,4754,6242,2937,3305,33709,17794,15915,15882,8053,36350,83.3189324838,train
fl_307,23827,15098,368,3898,2033,1865,6078,2864,3214,141,0,141,857,340,517,1496,690,806,2260,2610,6119,63.3650900239,train
nc_19,29961,22504,672,2701,916,1785,14735,6424,8311,134,38,96,643,72,571,1905,1018,887,1714,1787,5670,75.1109776042,train
tx_224,42241,39320,280,9131,3802,5329,16466,6600,9866,5102,1954,3148,890,219,671,3986,2304,1682,3465,566,2355,93.0849174972,train
tx_461,48546,43972,1055,10917,4104,6813,14341,5109,9232,8301,2909,5392,1890,790,1100,4965,2769,2196,2503,821,3753,90.5780084868,train
de_14,40926,23972,361,3143,699,2444,14645,4284,10361,2103,476,1627,306,135,171,2627,994,1633,787,1834,15120,58.5740116307,train
ny_36,32251,27990,214,1513,597,916,15401,8002,7399,6351,3212,3139,44,0,44,3386,1648,1738,1081,1218,3043,86.7880065734,train
mo_122,51304,40302,208,8914,2817,6097,21854,8472,13382,2263,1045,1218,525,152,373,3527,1871,1656,3011,1987,9015,78.5552783409,train
ca_473,48189,41307,222,10485,4561,5924,15241,7232,8009,4408,2944,1464,726,341,385,8468,5062,3406,1757,2339,4543,85.7187324908,train
pa_17,153271,113654,2557,30242,10093,20149,61443,24055,37388,1493,445,1048,3097,1878,1219,8542,4628,3914,6280,5266,34351,74.1523184425,train
ca_496,41642,31727,228,5404,1535,3869,20277,4267,16010,1599,438,1161,1069,28,1041,2212,1441,771,938,1155,8760,76.1899044234,train
ny_257,58518,40403,141,8135,548,7587,21941,5100,16841,4971,947,4024,634,473,161,2994,739,2255,1587,2476,15639,69.0437130456,train
wi_27,72057,53024,885,8780,2997,5783,32125,9927,22198,1223,348,875,1399,282,1117,4626,2350,2276,3986,3120,15913,73.5861887117,train
il_75,49401,38080,362,7571,2444,5127,19754,8257,11497,830,372,458,1273,413,860,5248,2642,2606,3042,2796,8525,77.083459849,train
ca_371,36099,25078,284,5949,2337,3612,11211,3040,8171,2592,863,1729,400,184,216,3478,1723,1755,1164,1794,9227,69.4700684229,train
ny_33,43028,33149,262,5096,1643,3453,21726,10710,11016,261,0,261,754,568,186,3392,2301,1091,1658,1466,8413,77.0405317468,train
fl_142,311055,242933,2065,54029,21841,32188,125895,51236,74659,10045,4735,5310,4642,1764,2878,33486,17832,15654,12771,11638,56484,78.0996929803,train
ny_119,274813,200636,3321,31108,7930,23178,128726,40394,88332,1619,653,966,5275,1202,4073,20194,7209,12985,10393,10509,63668,73.0081910244,train
ca_493,37109,28674,469,5162,1113,4049,16390,3697,12693,475,205,270,1788,83,1705,3970,1544,2426,420,1209,7226,77.2696650408,train
ny_65,726357,584109,4131,66510,26553,39957,365398,175442,189956,63083,36069,27014,3418,2185,1233,55760,30025,25735,25809,28250,113998,80.4162416002,train
la_63,44353,29555,74,6540,774,5766,12939,4144,8795,1805,424,1381,1184,176,1008,5813,1987,3826,1200,2835,11963,66.6358532681,train
wa_147,47941,43218,264,5258,3147,2111,26133,14005,12128,5349,3290,2059,142,46,96,4187,2609,1578,1885,1381,3342,90.1483072944,train
ut_67,31568,24979,159,3717,1403,2314,11341,5726,5615,5494,3509,1985,529,98,431,2085,1234,851,1654,2807,3782,79.1275975672,train
wa_109,54561,48996,112,6802,3071,3731,33622,19838,13784,2131,1749,382,270,105,165,4566,2741,1825,1493,2178,3387,89.800406884,train
mn_93,50354,44233,818,10273,3487,6786,25799,10215,15584,595,287,308,689,200,489,2940,1846,1094,3119,1712,4409,87.8440640267,train
ca_42,619337,540751,4688,144820,52789,92031,281115,128639,152476,21925,10232,11693,8974,3426,5548,53379,30975,22404,25850,15071,63515,87.3112699548,train
fl_268,54841,37437,436,3358,592,2766,19632,4722,14910,8314,1687,6627,455,209,246,4217,1777,2440,1025,1416,15988,68.2646195365,train
nj_128,41157,36865,629,2185,796,1389,26330,9573,16757,4063,1202,2861,0,0,0,3021,1560,1461,637,695,3597,89.5716403042,train
ga_39,40848,27427,259,12700,2602,10098,9263,2054,7209,89,89,0,721,86,635,3180,1773,1407,1215,1647,11774,67.1440462201,train
in_157,38253,30672,295,5807,1872,3935,15787,7318,8469,2310,1178,1132,465,77,388,3474,1722,1752,2534,1229,6352,80.181946514,train
ca_559,38753,25830,633,7534,3177,4357,10020,3979,6041,944,143,801,801,323,478,3876,1837,2039,2022,1432,11491,66.6529042913,train
ca_404,33054,22832,290,6446,1791,4655,7495,2279,5216,1964,577,1387,408,76,332,4978,2239,2739,1251,2589,7633,69.0748472197,train
ma_135,40240,32234,517,4284,1406,2878,22346,11507,10839,541,297,244,373,39,334,2313,1477,836,1860,1120,6886,80.1043737575,train
tn_97,41087,25122,988,7719,3135,4584,5010,2547,2463,1171,484,687,3143,880,2263,2432,1345,1087,4659,1575,14390,61.1434273615,train
al_70,70018,57492,306,15736,8048,7688,27571,12756,14815,3583,2495,1088,954,466,488,6908,3774,3134,2434,3091,9435,82.1103144906,train
fl_338,200107,145201,1328,20740,5199,15541,85703,27131,58572,5275,1950,3325,4462,1182,3280,19556,7389,12167,8137,6933,47973,72.5616795015,train
ar_37,279618,190377,3881,69186,24236,44950,57687,25759,31928,10823,4962,5861,9995,5046,4949,19708,9950,9758,19097,15769,73472,68.0846726606,train
tx_73,44792,28735,576,7876,1791,6085,14510,2901,11609,282,106,176,553,91,462,2667,1321,1346,2271,666,15391,64.1520807287,train
ky_41,42619,25544,788,12838,3116,9722,3987,2144,1843,1664,272,1392,558,122,436,4378,1814,2564,1331,1057,16018,59.9357094254,train
nc_169,41890,28643,577,6919,2873,4046,13529,7267,6262,73,0,73,1029,531,498,4482,2413,2069,2034,2692,10555,68.3767008833,train
ny_182,26655,16519,121,1022,199,823,9592,3299,6293,3183,1466,1717,92,92,0,2210,1082,1128,299,2065,8071,61.9733633465,train
nj_147,52177,45119,228,2830,1260,1570,19878,11508,8370,15385,9245,6140,0,0,0,4412,2295,2117,2386,2165,4893,86.4729670161,train
pa_28,96667,74060,1763,13765,4650,9115,33790,14800,18990,12962,6139,6823,382,84,298,7028,3606,3422,4370,3004,19603,76.6135289189,train
nc_148,50249,33345,348,8496,2106,6390,16013,5433,10580,1892,375,1517,412,137,275,4368,1505,2863,1816,2337,14567,66.3595295429,train
wi_50,26732,19084,291,3677,1117,2560,11847,2853,8994,570,233,337,283,42,241,963,467,496,1453,1251,6397,71.390094269,train
ut_27,36344,28105,295,5914,1594,4320,13551,4258,9293,734,250,484,2224,365,1859,2469,1466,1003,2918,2808,5431,77.3305084746,train
ca_102,84808,78899,273,12394,5697,6697,52886,28014,24872,2385,955,1430,535,445,90,9238,6040,3198,1188,1965,3944,93.0324969343,train
tx_443,40447,28144,314,6668,3004,3664,7844,3318,4526,2203,879,1324,580,140,440,8197,4716,3481,2338,1889,10414,69.5824164957,train
fl_91,31800,24485,49,3975,1776,2199,14869,4902,9967,2436,918,1518,167,140,27,2329,1444,885,660,613,6702,76.9968553459,train
me_24,44087,29432,764,9726,1751,7975,10756,2828,7928,341,168,173,2311,495,1816,3324,1333,1991,2210,1559,13096,66.7589085218,train
ks_39,276876,197456,3489,48725,16382,32343,84819,32689,52130,8091,3312,4779,15378,4967,10411,19495,8913,10582,17459,11557,67863,71.315679221,train
ca_246,56034,50678,204,10157,3370,6787,31873,13757,18116,2813,1162,1651,533,453,80,3655,2341,1314,1443,849,4507,90.44151765,train
fl_283,65748,55499,155,14480,4733,9747,29382,13158,16224,1001,724,277,791,253,538,8350,5292,3058,1340,2749,7500,84.4116931314,train
ia_21,36340,30055,266,10438,2474,7964,12651,3998,8653,512,241,271,711,165,546,2736,1554,1182,2741,2434,3851,82.7050082554,train
in_73,28881,19181,479,3152,1369,1783,11270,4108,7162,462,267,195,275,132,143,1306,754,552,2237,2325,7375,66.4139053357,train
az_123,28589,17466,426,5237,796,4441,6002,1800,4202,225,46,179,1764,389,1375,1830,1210,620,1982,815,10308,61.0934275421,train
or_56,41969,31224,1306,11341,4676,6665,6824,2651,4173,306,141,165,3142,645,2497,4416,1934,2482,3889,2292,8453,74.3977697825,train
ma_124,49101,42965,479,2200,866,1334,20225,7972,12253,10181,4565,5616,152,0,152,8715,4026,4689,1013,932,5204,87.5033095049,train
al_29,31769,22182,216,11917,4226,7691,4105,1150,2955,380,193,187,661,104,557,2500,1285,1215,2403,3588,5999,69.8227832163,train
ma_75,67065,50103,679,6972,1684,5288,36652,8021,28631,336,36,300,839,182,657,3493,1770,1723,1132,3442,13520,74.708118989,train
tn_119,30254,17067,117,5499,1810,3689,8283,3829,4454,390,0,390,263,192,71,1632,374,1258,883,1338,11849,56.4123752231,train
fl_243,41890,32541,426,5662,1105,4557,16381,6211,10170,512,325,187,1584,1212,372,6083,1878,4205,1893,1136,8213,77.6820243495,train
ma_12,54963,41502,1046,12328,4493,7835,21222,8889,12333,621,348,273,808,226,582,3405,1554,1851,2072,2209,11252,75.5089787675,train
nj_164,39976,27265,900,3286,474,2812,16481,2877,13604,1279,487,792,600,152,448,3651,1389,2262,1068,1727,10984,68.2034220532,train
ca_302,263117,229179,2274,36300,13262,23038,125100,55220,69880,25083,10180,14903,3298,1258,2040,28612,16062,12550,8512,6307,27631,87.1015555817,train
tx_56,79043,58156,393,13304,7787,5517,26680,15663,11017,612,381,231,3228,1314,1914,4972,2791,2181,8967,3399,17488,73.5751426439,train
tn_74,56036,36271,268,6001,1907,4094,12895,6436,6459,1433,210,1223,3261,995,2266,5939,2946,2993,6474,2766,16999,64.7280319794,train
dc_13,57146,28494,503,7008,1900,5108,11756,3134,8622,747,211,536,1286,97,1189,4862,2563,2299,2332,5568,23084,49.8617576033,train
il_130,286467,217844,3883,57160,18347,38813,100232,42954,57278,4839,2316,2523,11644,4694,6950,20768,10352,10416,19318,10317,58306,76.0450592913,train
tx_87,59638,44413,424,9557,3721,5836,14077,6785,7292,3748,1801,1947,743,224,519,12278,6709,5569,3586,2470,12755,74.4709748818,train
ct_72,44500,33566,271,5627,1306,4321,20694,7692,13002,1107,511,596,659,157,502,3485,2150,1335,1723,2675,8259,75.4292134831,train
il_28,59810,44438,1118,7649,2446,5203,23889,9420,14469,205,89,116,1439,695,744,4065,1477,2588,6073,2524,12848,74.2986122722,train
mn_43,30294,26786,460,5495,1913,3582,15772,8018,7754,316,127,189,536,286,250,3466,1898,1568,741,653,2855,88.4201492045,train
ar_26,26475,19400,160,3423,1987,1436,11904,6010,5894,45,45,0,211,0,211,2102,995,1107,1555,1479,5596,73.2766761095,train
nj_95,53432,39452,756,3314,648,2666,21959,4994,16965,7053,1155,5898,654,69,585,4613,2052,2561,1103,1837,12143,73.8359035784,train
ny_216,46196,33185,115,1632,427,1205,20286,4657,15629,4442,747,3695,560,119,441,5492,2267,3225,658,980,12031,71.8352238289,train
nc_135,47814,36476,305,10812,4056,6756,17130,7345,9785,1235,554,681,870,291,579,4046,1659,2387,2078,1495,9843,76.2872798762,train
in_62,326395,227610,2724,52306,13617,38689,114072,36898,77174,17803,5646,12157,4276,718,3558,18828,8769,10059,17601,13967,84818,69.7345241195,train
pa_54,29758,16992,264,4309,1013,3296,8671,2597,6074,110,49,61,246,246,0,1468,1044,424,1924,1463,11303,57.1006116002,train
pa_50,82956,61255,1267,11881,4394,7487,30066,10649,19417,4642,2726,1916,2230,730,1500,5958,3056,2902,5211,2790,18911,73.8403491007,train
nj_126,47485,40628,135,2835,713,2122,26645,9105,17540,6349,2076,4273,176,85,91,3951,2146,1805,537,1594,5263,85.5596504159,train
ny_29,726357,584109,4131,66510,26553,39957,365398,175442,189956,63083,36069,27014,3418,2185,1233,55760,30025,25735,25809,28250,113998,80.4162416002,train
nm_29,32027,23256,681,6554,2333,4221,9236,3257,5979,433,171,262,1107,272,835,3793,1495,2298,1452,1518,7253,72.6137321635,train
la_28,46039,29060,703,8624,3091,5533,9349,3298,6051,262,23,239,2508,386,2122,5016,2389,2627,2598,3261,13718,63.1203979235,train
mi_200,33909,26929,104,4388,1747,2641,17207,5704,11503,1372,583,789,308,50,258,1955,1275,680,1595,1899,5081,79.4154944115,train
fl_124,270405,214782,2558,47771,15936,31835,116285,55098,61187,7114,3664,3450,3893,1100,2793,24587,12108,12479,12574,9351,46272,79.4297442725,train
nh_31,42307,34758,902,7886,1291,6595,21273,8155,13118,308,144,164,758,325,433,2575,1255,1320,1056,1447,6102,82.1566171083,train
nj_145,55175,46404,382,4476,1808,2668,27093,13562,13531,5725,3048,2677,430,350,80,5566,3505,2061,2732,1321,7450,84.1033076575,train
il_256,75359,63935,496,13124,5689,7435,35444,20868,14576,2993,1438,1555,1091,598,493,6969,3784,3185,3818,1977,9447,84.840563171,train
ca_144,45988,39166,202,7046,2837,4209,17366,8810,8556,4060,2564,1496,503,204,299,7539,5080,2459,2450,1183,5639,85.1656953988,train
or_10,151421,108729,3579,31906,9672,22234,36157,11594,24563,2140,566,1574,10778,2875,7903,14858,6403,8455,9311,6290,36402,71.8057600993,train
nc_62,40800,28928,509,6087,1857,4230,15436,6315,9121,1626,878,748,390,69,321,2598,1858,740,2282,2821,9051,70.9019607843,train
fl_66,70280,41973,1013,6447,1372,5075,20148,2396,17752,968,168,800,1281,48,1233,4881,1905,2976,7235,659,27648,59.7225384178,train
wv_24,50295,39149,537,10031,2867,7164,21931,9065,12866,276,101,175,1793,466,1327,2929,1540,1389,1652,1383,9763,77.8387513669,train
ks_53,46055,35311,578,8782,3381,5401,14137,4364,9773,1551,753,798,2677,1234,1443,4288,1689,2599,3298,1586,9158,76.6713711866,train
ny_123,304142,208496,3026,23684,6598,17086,121327,42597,78730,30234,11908,18326,2472,473,1999,17926,8098,9828,9827,14682,80964,68.5521894378,train
ma_123,36447,31675,314,1859,776,1083,18379,8371,10008,4768,2234,2534,228,24,204,4918,2591,2327,1209,958,3814,86.9070156666,train
ia_59,49643,34054,433,9717,2507,7210,10001,3109,6892,4107,1461,2646,1885,584,1301,4102,2145,1957,3809,2878,12711,68.5977882078,train
mi_130,71418,53883,920,8510,2117,6393,33301,9640,23661,1106,428,678,1757,393,1364,4204,1576,2628,4085,3638,13897,75.4473662102,train
md_60,42378,34320,539,1776,341,1435,17813,5161,12652,8267,4097,4170,478,198,280,4498,3518,980,949,986,7072,80.9854169616,train
wv_33,72479,46672,795,10097,3573,6524,26073,10355,15718,501,50,451,1281,417,864,3920,1716,2204,4005,2295,23512,64.3938244181,train
va_47,19498,17290,43,1247,445,802,5458,2348,3110,5510,1705,3805,43,0,43,1693,639,1054,3296,625,1583,88.6757616166,train
az_57,49580,37197,463,6100,1979,4121,23745,7860,15885,589,80,509,1062,257,805,3371,1926,1445,1867,1116,11267,75.0242033078,train
tx_471,32751,29050,344,5532,2838,2694,11220,4734,6486,993,474,519,848,623,225,8920,7354,1566,1193,1633,2068,88.6995816922,train
tx_284,51726,38286,534,9572,4180,5392,18082,6831,11251,413,99,314,1930,1062,868,3769,2079,1690,3986,1941,11499,74.0169353903,train
ca_340,53191,40170,537,10445,3430,7015,18440,5928,12512,1207,247,960,1820,454,1366,5257,1106,4151,2464,2865,10156,75.5202947867,train
tx_108,105977,94994,164,10514,3800,6714,27058,11569,15489,31796,14501,17295,876,451,425,22950,4839,18111,1636,2799,8184,89.6364305463,train
md_53,43487,37120,368,5897,2129,3768,21606,9093,12513,626,154,472,1708,278,1430,3791,1635,2156,3124,967,5400,85.3588428726,train
ky_60,76096,63153,122,10459,4499,5960,36102,18768,17334,884,332,552,1370,504,866,10394,5437,4957,3822,2952,9991,82.9912216148,train
fl_308,839491,590120,7011,149344,37670,111674,278848,77329,201519,30339,15927,14412,12312,3256,9056,78224,37489,40735,34042,28228,221143,70.2949763607,train
tx_398,30215,12387,397,1460,204,1256,4667,1454,3213,330,68,262,993,482,511,1017,539,478,3523,3917,13911,40.9961939434,train
az_81,45891,34602,73,5702,1522,4180,22377,9690,12687,822,579,243,520,105,415,3109,1608,1501,1999,1129,10160,75.4004053082,train
mo_42,49305,36425,379,8028,2842,5186,16171,7497,8674,4049,2821,1228,909,706,203,3520,2109,1411,3369,1455,11425,73.8768887537,train
oh_146,63267,51177,961,10748,3618,7130,29984,13395,16589,304,166,138,968,278,690,3024,1724,1300,5188,1606,10484,80.8905116411,train
oh_179,40679,32568,637,7171,2344,4827,14313,6508,7805,4140,1390,2750,428,59,369,2150,1166,984,3729,824,7287,80.0609651171,train
ms_18,24601,11570,424,3592,825,2767,3832,1264,2568,260,106,154,280,199,81,2188,991,1197,994,918,12113,47.0306085118,train
oh_158,35152,24652,108,2626,994,1632,12130,4111,8019,414,44,370,118,0,118,8050,1140,6910,1206,1006,9494,70.1297223487,train
md_33,32198,28997,330,1995,915,1080,8342,3505,4837,13240,5982,7258,254,166,88,3959,1968,1991,877,424,2777,90.0583887198,train
co_81,55348,46870,921,11872,4848,7024,22275,10131,12144,554,274,280,1184,584,600,8022,4219,3803,2042,1645,6833,84.6823733468,train
al_81,52007,22885,1116,10781,1994,8787,3651,907,2744,77,0,77,2114,725,1389,1885,754,1131,3261,2056,27066,44.0036918107,train
nj_155,26531,20556,278,2734,616,2118,13555,5001,8554,1507,493,1014,285,0,285,1732,977,755,465,1074,4901,77.4791753044,train
fl_275,48122,34126,176,3644,930,2714,23144,6323,16821,1621,921,700,457,201,256,3596,1359,2237,1488,1790,12206,70.9155895432,train
wa_144,25186,21605,352,3055,1471,1584,10252,5155,5097,1792,970,822,799,108,691,3557,1736,1821,1798,685,2896,85.7817835305,train
ny_249,45918,35548,215,3050,923,2127,22547,7299,15248,827,272,555,876,568,308,6319,4290,2029,1714,2198,8172,77.4162637746,train
md_64,44469,34945,752,2792,1004,1788,18901,6908,11993,7606,2586,5020,313,219,94,3402,1981,1421,1179,2667,6857,78.5828329848,train
ks_63,50475,32202,687,9299,2082,7217,12518,3118,9400,1298,500,798,4127,822,3305,2803,1233,1570,1470,1586,16687,63.7979197623,train
md_20,108188,99651,227,4591,2311,2280,26933,13727,13206,46526,27825,18701,462,177,285,17531,12368,5163,3381,1458,7079,92.1091063704,train
il_128,268223,203876,3088,44737,13885,30852,103715,45062,58653,1490,522,968,13952,4327,9625,19165,9910,9255,17729,7736,56611,76.0098872953,train
tx_427,395816,260627,1861,64753,29410,35343,84408,39619,44789,23835,10359,13476,4968,2408,2560,48130,23691,24439,32672,15931,119258,65.8454938658,train
tx_321,40683,34928,158,7252,3883,3369,16371,10256,6115,2225,936,1289,860,219,641,4459,3046,1413,3603,1452,4303,85.8540422289,train
fl_140,241443,157069,2456,36695,12492,24203,80628,28662,51966,7390,3451,3939,1931,1045,886,20583,8657,11926,7386,12522,71852,65.0542778213,train
ma_47,40240,32234,517,4284,1406,2878,22346,11507,10839,541,297,244,373,39,334,2313,1477,836,1860,1120,6886,80.1043737575,train
oh_93,278193,211062,3599,37451,14762,22689,109470,48440,61030,5276,2849,2427,10474,3440,7034,25159,9122,16037,19633,12330,54801,75.8689111516,train
fl_216,28793,18307,88,4043,823,3220,10098,2293,7805,323,127,196,462,83,379,2162,561,1601,1131,1539,8947,63.5814260411,train
ma_70,281574,212314,1026,28006,10369,17637,144024,57705,86319,5627,2095,3532,3660,1685,1975,18006,8233,9773,11965,12719,56541,75.4025584749,train
ca_204,48280,41750,828,7266,2849,4417,22348,15465,6883,6098,4361,1737,216,216,0,3431,2290,1141,1563,1360,5170,86.4747307374,train
ar_55,64827,41690,1694,9324,3427,5897,12681,4707,7974,538,468,70,3066,942,2124,4252,1843,2409,10135,4615,18522,64.3096240764,train
ms_36,65089,34441,730,11505,2533,8972,11387,3666,7721,114,45,69,2061,355,1706,3456,987,2469,5188,5998,24650,52.9137027762,train
nc_68,299823,236011,1802,41644,14609,27035,133357,53309,80048,10981,5857,5124,5601,2357,3244,24416,15631,8785,18210,9886,53926,78.7167762313,train
tx_34,1497363,1111627,8744,275032,104974,170058,443342,213826,229516,59254,26356,32898,25415,10784,14631,168564,89125,79439,131276,70144,315592,74.2389787914,train
ga_125,45132,37920,95,7975,2741,5234,16086,5520,10566,1951,1230,721,1693,183,1510,8255,3858,4397,1865,1472,5740,84.0202073917,train
tx_397,41591,23496,135,5621,2414,3207,11371,4664,6707,273,212,61,235,71,164,2476,724,1752,3385,851,17244,56.4929912722,train
nj_134,39376,32138,296,1265,412,853,12713,5936,6777,13005,6857,6148,49,0,49,3972,2248,1724,838,1454,5784,81.618244616,train
va_143,23219,18515,375,2400,991,1409,7880,3483,4397,132,87,45,3136,1433,1703,1649,1034,615,2943,829,3875,79.7407295749,train
nc_14,48444,35952,744,10123,2456,7667,17367,5803,11564,860,280,580,495,191,304,4159,2657,1502,2204,2262,10230,74.2135248947,train
mi_171,58672,25762,785,4347,1425,2922,15240,4132,11108,248,94,154,391,0,391,2959,1340,1619,1792,10007,22903,43.9085083174,train
nc_11,249904,139781,4279,56757,16520,40237,29146,9182,19964,5098,1812,3286,9476,2684,6792,19038,8062,10976,15987,10445,99678,55.9338786094,train
id_16,65923,46056,1243,13720,4562,9158,16059,5197,10862,945,642,303,4181,1834,2347,4654,2695,1959,5254,5060,14807,69.8633253948,train
oh_112,64036,45682,504,14783,4469,10314,18741,5878,12863,1882,662,1220,1052,97,955,5446,2422,3024,3274,2754,15600,71.3379973765,train
tx_96,88815,64647,884,14265,3853,10412,29311,11300,18011,4225,2057,2168,2718,525,2193,8341,4431,3910,4903,7922,16246,72.7883803412,train
nj_170,24250,20055,186,1500,701,799,8829,3597,5232,7323,3459,3864,151,78,73,1791,892,899,275,763,3432,82.7010309278,train
nd_21,28761,21166,123,1537,483,1054,12443,5698,6745,574,156,418,241,35,206,5134,1550,3584,1114,1657,5938,73.5927123535,train
il_122,250517,207231,1798,33847,13425,20422,125936,58617,67319,8512,3418,5094,4618,2480,2138,21326,11739,9587,11194,7952,35334,82.7213322848,train
mn_47,24071,22406,111,4737,2309,2428,13488,5883,7605,547,233,314,91,91,0,2488,1765,723,944,292,1373,93.0829629014,train
az_86,43022,38748,361,6120,1432,4688,23565,7720,15845,419,216,203,1341,310,1031,5727,2757,2970,1215,1200,3074,90.0655478592,train
in_116,47217,35580,354,7864,1903,5961,18918,4314,14604,3803,464,3339,188,0,188,3090,1675,1415,1363,1506,10131,75.3542156427,train
ca_50,265788,215353,1147,41231,20613,20618,87607,44760,42847,27896,16664,11232,3629,1424,2205,44976,24480,20496,8867,7623,42812,81.024350234,train
il_201,56748,43979,290,12232,4146,8086,23944,9157,14787,1219,721,498,797,353,444,3892,1660,2232,1605,1577,11192,77.4987664764,train
ca_221,31802,27737,173,2003,800,1203,7304,2593,4711,12814,4490,8324,901,0,901,3876,2051,1825,666,718,3347,87.217785045,train
tx_403,31216,19897,754,4889,411,4478,7959,1833,6126,581,127,454,973,141,832,3509,784,2725,1232,287,11032,63.7397488467,train
me_14,116017,93585,798,14549,4258,10291,65138,27098,38040,519,258,261,851,345,506,7259,3508,3751,4471,5064,17368,80.6649025574,train
mt_26,63202,45406,527,10681,2679,8002,17179,6111,11068,1213,175,1038,5037,1255,3782,6568,2327,4241,4201,2419,15377,71.8426632069,train
ca_406,52275,37863,498,12758,3571,9187,12276,4879,7397,2400,1405,995,594,222,372,6300,2226,4074,3037,1960,12452,72.4304160689,train
al_42,33198,27938,113,7440,4322,3118,12014,6051,5963,2750,1876,874,445,445,0,3948,2657,1291,1228,787,4473,84.1556720284,train
ny_252,55923,38587,329,4382,1064,3318,23595,5929,17666,2333,779,1554,614,306,308,6130,3216,2914,1204,3550,13786,69.0002324625,train
ms_12,597398,309368,8660,104777,34423,70354,72182,23778,48404,6355,2894,3461,26900,8242,18658,39134,17350,21784,51360,40278,247752,51.7859115698,train
ca_447,43127,38327,229,8383,3812,4571,13105,5997,7108,4963,2505,2458,1811,665,1146,6409,3973,2436,3427,1362,3438,88.8700813875,train
sc_87,36404,25029,105,5580,1422,4158,15346,3846,11500,145,0,145,771,338,433,1963,1047,916,1119,1096,10279,68.7534336886,train
ma_53,26519,22385,67,798,267,531,9736,4154,5582,7760,3107,4653,0,0,0,2321,1142,1179,1703,481,3653,84.411176892,train
wv_32,44589,26251,403,10599,3408,7191,7119,2368,4751,514,176,338,1397,427,970,3968,1586,2382,2251,2149,16189,58.8732647065,train
tn_78,59294,50606,336,8852,2734,6118,30414,12322,18092,2985,1583,1402,790,189,601,5109,2908,2201,2120,834,7854,85.3475899754,train
in_32,62471,49787,1042,13666,6343,7323,25662,13591,12071,691,332,359,1026,583,443,5130,3553,1577,2570,1324,11360,79.6961790271,train
nj_159,26533,15649,231,774,0,774,8884,1184,7700,3822,693,3129,49,0,49,1032,324,708,857,622,10262,58.9793841631,train
tx_251,41152,37251,151,6621,2638,3983,12483,5656,6827,11240,5416,5824,255,126,129,4683,2886,1797,1818,318,3583,90.5205093313,train
ky_31,280248,201008,3341,57450,20727,36723,84303,36487,47816,1672,658,1014,8925,3094,5831,27981,13865,14116,17336,11200,68040,71.7250435329,train
ca_256,277735,225362,3466,49448,18859,30589,113114,54265,58849,5118,2609,2509,12862,4441,8421,29059,13489,15570,12295,10334,42039,81.1428159937,train
ct_32,32258,27686,92,1568,613,955,21462,7275,14187,1003,390,613,136,0,136,3049,1763,1286,376,449,4123,85.8267716535,train
ri_25,200482,156893,517,4842,1843,2999,80482,32084,48398,43372,21806,21566,899,457,442,21025,10532,10493,5756,5238,38351,78.2578984647,train
wa_134,29583,21624,41,3210,1094,2116,13763,4942,8821,130,83,47,297,0,297,2554,1091,1463,1629,1097,6862,73.0960348849,train
ca_169,56034,50678,204,10157,3370,6787,31873,13757,18116,2813,1162,1651,533,453,80,3655,2341,1314,1443,849,4507,90.44151765,train
ut_59,81027,70178,394,16540,8478,8062,30421,19420,11001,6057,3356,2701,5252,2971,2281,6653,4175,2478,4861,3446,7403,86.6106359609,train
fl_224,31627,16787,642,4551,1522,3029,6267,918,5349,616,352,264,342,104,238,3117,749,2368,1252,1212,13628,53.0780662093,train
ct_52,265896,208301,2059,44279,13958,30321,122592,44443,78149,7340,3744,3596,2027,314,1713,21225,11790,9435,8779,9039,48556,78.3392755062,train
pa_15,28289,20436,374,8950,2486,6464,6410,2193,4217,97,0,97,374,12,362,3060,1467,1593,1171,495,7358,72.2400933225,train
mo_88,52074,43420,357,12050,6106,5944,19708,9385,10323,3220,1068,2152,1100,264,836,5075,3410,1665,1910,817,7837,83.3813419365,train
az_45,32012,22389,206,7393,4070,3323,8516,3174,5342,111,111,0,1229,121,1108,3627,1580,2047,1307,1228,8395,69.9393977259,train
fl_264,39854,36376,268,8487,2559,5928,18749,8231,10518,2982,743,2239,529,33,496,4333,2641,1692,1028,915,2563,91.2731469865,train
va_26,137636,122688,388,8438,3638,4800,43633,23305,20328,42559,18430,24129,1287,363,924,12960,8134,4826,13423,3802,11146,89.1394693249,train
tx_144,65685,34230,391,5837,1722,4115,19251,6156,13095,1569,1014,555,711,241,470,4865,2736,2129,1606,5079,26376,52.1123544188,train
oh_185,40229,35549,302,5968,2164,3804,19030,9362,9668,4998,2340,2658,356,161,195,3547,1847,1700,1348,1582,3098,88.3666012081,train
va_91,62124,39637,1210,10825,2465,8360,15219,4665,10554,2040,865,1175,2394,495,1899,3354,1498,1856,4595,1784,20703,63.8030390831,train
tn_123,97018,80639,1052,22427,8756,13671,36529,16480,20049,4112,2096,2016,2222,918,1304,8573,4755,3818,5724,5162,11217,83.1175658125,train
fl_235,28883,24922,620,7261,1153,6108,10769,2812,7957,1192,647,545,438,129,309,4107,1744,2363,535,709,3252,86.286050618,train
ar_10,137406,79077,2567,29117,7934,21183,17883,5290,12593,681,68,613,6868,2461,4407,10128,3498,6630,11833,7344,50985,57.5498886512,train
ga_139,70968,46175,464,7069,2744,4325,28162,8421,19741,614,56,558,640,289,351,7462,3614,3848,1764,3747,21046,65.064536129,train
ga_123,34649,25534,446,9072,3928,5144,10305,5595,4710,344,218,126,321,86,235,2228,721,1507,2818,1174,7941,73.6933244827,train
ky_69,53445,37728,884,17109,3210,13899,13807,3557,10250,799,448,351,1058,242,816,3133,1848,1285,938,1918,13799,70.5921975863,train
mn_95,40924,34766,370,11213,3810,7403,17059,5852,11207,718,379,339,704,239,465,3403,1992,1411,1299,1480,4678,84.9525950542,train
nj_133,38999,27993,203,1777,877,900,10998,2822,8176,8406,3039,5367,523,183,340,5304,2222,3082,782,2009,8997,71.778763558,train
mi_139,59239,41780,1049,9941,3952,5989,18363,8526,9837,1043,499,544,2764,1036,1728,3243,1426,1817,5377,1871,15588,70.5278617127,train
nh_33,38416,33825,290,7690,1919,5771,21444,7270,14174,164,88,76,293,46,247,3411,1478,1933,533,1031,3560,88.0492503124,train
wa_38,43876,33051,290,4790,1566,3224,21713,8173,13540,873,589,284,907,514,393,2621,1874,747,1857,3429,7396,75.3281976479,train
hi_14,53946,42103,497,7552,3177,4375,25392,13030,12362,389,199,190,335,143,192,3890,2582,1308,4048,1585,10258,78.0465650836,train
ar_12,448887,249838,7791,92131,23878,68253,61291,20676,40615,4209,1477,2732,19386,6392,12994,31562,12084,19478,33468,26062,172987,55.6572143992,train
ma_18,584142,492346,2735,32920,11909,21011,266046,120554,145492,120049,61386,58663,3242,1279,1963,54074,32031,22043,13280,16557,75239,84.2853278826,train
tx_352,39173,35183,221,5274,2526,2748,17414,7303,10111,2172,849,1323,265,197,68,5971,4399,1572,3866,1146,2844,89.8144129885,train
wv_18,36202,25737,131,2654,1457,1197,18628,7271,11357,272,75,197,987,298,689,2380,1401,979,685,1238,9227,71.0927573062,train
pa_163,45847,39630,463,2925,872,2053,16278,6765,9513,13043,6436,6607,235,0,235,5451,2924,2527,1235,1022,5195,86.4396798046,train
ga_150,48447,38922,140,12668,4134,8534,16114,6789,9325,962,605,357,1039,743,296,4739,2972,1767,3260,1828,7697,80.3393398972,train
la_22,47465,34320,397,6612,1581,5031,16660,5368,11292,2032,626,1406,959,123,836,6859,2697,4162,801,1417,11728,72.3059096176,train
or_90,29023,23042,335,4487,2300,2187,13410,6382,7028,241,116,125,722,271,451,1991,1100,891,1856,762,5219,79.3922061813,train
fl_59,40545,35445,85,10720,5268,5452,10791,6364,4427,3149,2092,1057,1024,902,122,7808,5286,2522,1868,1869,3231,87.4213836478,train
ca_74,32778,26667,808,5760,2543,3217,11025,4135,6890,1893,828,1065,647,339,308,4205,2514,1691,2329,1351,4760,81.3563975837,train
nj_132,39976,27265,900,3286,474,2812,16481,2877,13604,1279,487,792,600,152,448,3651,1389,2262,1068,1727,10984,68.2034220532,train
ut_30,31527,24938,159,3717,1403,2314,11300,5685,5615,5494,3509,1985,529,98,431,2085,1234,851,1654,2807,3782,79.1004535795,train
fl_332,59584,48889,521,15000,7822,7178,19326,8962,10364,2939,1269,1670,1897,577,1320,4857,2089,2768,4349,1830,8865,82.0505504834,train
fl_220,30081,12868,113,3338,676,2662,5120,1473,3647,107,0,107,252,69,183,2295,1221,1074,1643,1049,16164,42.7778331837,train
ca_171,46716,40657,292,3281,1496,1785,16059,8704,7355,11632,6838,4794,528,78,450,8248,5871,2377,617,1047,5012,87.0301395667,train
tn_15,38003,24214,364,3241,1770,1471,12693,5813,6880,1541,683,858,1097,140,957,2259,977,1282,3019,1489,12300,63.7160224193,train
pa_180,54844,37026,1082,13547,4011,9536,13268,4007,9261,255,36,219,2359,469,1890,3020,1339,1681,3495,2190,15628,67.5114871271,train
ca_206,25415,21987,0,3991,1928,2063,11646,6001,5645,1105,985,120,425,425,0,4369,2841,1528,451,675,2753,86.5119024198,train
fl_134,292964,208863,1362,11410,2629,8781,106814,29447,77367,47712,15888,31824,1910,1029,881,29279,13695,15584,10376,13403,70698,71.2930598981,train
ny_267,72260,51794,711,3100,1015,2085,24532,4007,20525,13141,1770,11371,703,105,598,4998,1910,3088,4609,2205,18261,71.6772765015,train
va_127,50634,47558,271,3185,1346,1839,15899,8196,7703,20686,12565,8121,444,363,81,5664,3669,1995,1409,273,2803,93.9250306118,train
il_254,1030136,716717,8627,166587,63558,103029,369792,173632,196160,18884,11011,7873,15553,6310,9243,76939,40312,36627,60335,56938,256481,69.5749881569,train
mo_80,44109,35269,801,11191,4166,7025,10660,4920,5740,1340,658,682,2764,1146,1618,4736,2470,2266,3777,1645,7195,79.9587385794,train
tx_28,258587,168663,2637,36938,14180,22758,74763,25425,49338,7201,3108,4093,3818,1627,2191,20100,11330,8770,23206,13149,76775,65.2248566247,train
va_39,88110,59676,1161,4847,1792,3055,26836,9882,16954,13380,5810,7570,734,215,519,5294,2742,2552,7424,5768,22666,67.7289751447,train
fl_242,30682,18117,344,8756,2579,6177,3722,1361,2361,510,221,289,1328,635,693,2099,439,1660,1358,984,11581,59.047650088,train
nc_139,43735,27338,386,5462,1668,3794,12529,3712,8817,1392,830,562,1097,766,331,3342,1634,1708,3130,2047,14350,62.5082885561,train
pr_15,36844,25432,194,6023,2040,3983,9371,4522,4849,894,478,416,439,389,50,3017,1691,1326,5494,690,10722,69.0261643687,train
ca_28,125553,94707,1599,29244,13137,16107,28176,13969,14207,1515,920,595,9096,1966,7130,17476,6473,11003,7601,4636,26210,75.4318893216,train
nc_129,44155,25946,349,10079,2695,7384,7766,2167,5599,366,0,366,1792,552,1240,1921,956,965,3673,1924,16285,58.7611821991,train
wa_33,52279,46877,112,6627,3078,3549,31939,18477,13462,2089,1707,382,270,105,165,4544,2705,1839,1296,2039,3363,89.6669790929,train
wa_64,233400,160967,3322,36411,12328,24083,59948,22690,37258,7876,2298,5578,13694,3246,10448,20499,9802,10697,19217,14566,57867,68.9661525278,train
co_15,123498,107145,1213,26954,10779,16175,58298,29856,28442,1619,920,699,3464,1154,2310,11457,7422,4035,4140,4842,11511,86.758490016,train
oh_200,24036,19887,193,3473,1879,1594,9894,4396,5498,2639,992,1647,273,69,204,1720,1001,719,1695,409,3740,82.7383924114,train
ca_167,15763,12014,84,2146,484,1662,3135,864,2271,2933,938,1995,486,265,221,2561,574,1987,669,1039,2710,76.2164562583,train
il_80,68784,47486,955,8503,2520,5983,27069,12957,14112,136,0,136,1081,269,812,5572,2529,3043,4170,2845,18453,69.0364038148,train
la_91,167442,116193,1278,21079,8758,12321,61748,23432,38316,4972,2482,2490,1621,710,911,17841,8131,9710,7654,7967,43282,69.3929838392,train
ri_20,60595,41076,118,1583,652,931,20849,5477,15372,10290,4259,6031,304,265,39,3832,1924,1908,4100,1931,17588,67.7877712683,train
ga_156,24412,16539,66,3640,1855,1785,6711,3087,3624,666,266,400,259,146,113,1460,949,511,3737,387,7486,67.749467475,train
tx_25,256391,224573,1381,31791,12583,19208,73329,35621,37708,67637,32001,35636,5004,1878,3126,28555,16917,11638,16876,7671,24147,87.5900480126,train
nc_147,39216,28595,424,10017,4158,5859,9434,4152,5282,192,51,141,239,31,208,6697,3186,3511,1592,1430,9191,72.9166666667,train
ct_48,280887,213685,1969,42369,15099,27270,124287,50613,73674,6958,3494,3464,2033,951,1082,26330,13202,13128,9739,9248,57954,76.0750764542,train
wa_40,20288,12236,191,2135,936,1199,5232,1688,3544,296,56,240,837,287,550,2028,944,1084,1517,2377,5675,60.3115141956,train
oh_95,48325,36283,1085,8642,2415,6227,14239,5265,8974,887,262,625,3166,979,2187,4563,1510,3053,3701,1135,10907,75.0812209002,train
ca_127,50820,35419,313,5368,1875,3493,13451,5822,7629,2790,1822,968,264,155,109,10865,3870,6995,2368,1665,13736,69.6950019677,train
ny_213,34199,28262,289,653,192,461,19158,4949,14209,4572,1012,3560,55,7,48,2975,1394,1581,560,682,5255,82.6398432703,train
ma_101,54426,46474,340,3017,801,2216,25357,12122,13235,10624,6284,4340,303,0,303,5511,3575,1936,1322,1446,6506,85.3893359791,train
tx_273,52655,40576,220,5770,2990,2780,21302,10300,11002,1468,884,584,1968,738,1230,5903,4035,1868,3945,4062,8017,77.0601082518,train
mi_118,72801,50861,468,11632,4409,7223,29038,10482,18556,1661,680,981,631,348,283,4176,1933,2243,3255,3902,18038,69.8630513317,train
ok_69,32788,21083,292,6662,2704,3958,7789,3184,4605,135,31,104,539,118,421,3758,2183,1575,1908,3957,7748,64.3009637672,train
nv_45,52984,36961,462,4757,1059,3698,23657,5342,18315,995,127,868,1075,187,888,2964,1562,1402,3051,2028,13995,69.758795108,train
nc_202,37261,23492,365,4683,1894,2789,12111,4674,7437,177,47,130,976,615,361,1430,721,709,3750,1286,12483,63.0471538606,train
il_64,49046,39071,509,6732,3254,3478,23552,10937,12615,823,531,292,543,209,334,5311,3348,1963,1601,1667,8308,79.6619500061,train
il_148,58497,40787,1563,13562,3749,9813,13776,6073,7703,481,51,430,2972,739,2233,3678,2204,1474,4755,2428,15282,69.7249431595,train
ut_47,58165,47263,405,13713,5913,7800,23575,9019,14556,1070,511,559,1410,626,784,4643,2527,2116,2447,1327,9575,81.2567695349,train
ny_74,68356,60871,137,1125,579,546,35796,15284,20512,11884,5727,6157,250,74,176,10776,6282,4494,903,1768,5717,89.0499736673,train
ca_157,76284,56840,1218,10776,3099,7677,29172,6421,22751,2580,1127,1453,1542,168,1374,7777,4124,3653,3775,2221,17223,74.5110377012,train
ny_24,925489,662576,5715,70242,20120,50122,403109,127757,275352,53280,20614,32666,7411,2824,4587,89753,48633,41120,33066,32817,230096,71.5919908286,train
ma_100,42865,38121,205,1179,514,665,15616,5955,9661,15063,7599,7464,198,136,62,5562,2937,2625,298,884,3860,88.9326956725,train
ca_373,60078,49589,731,11965,3839,8126,27012,8021,18991,2093,645,1448,595,181,414,5396,3132,2264,1797,1670,8819,82.5410299943,train
me_32,52675,43025,317,4846,1089,3757,31215,11791,19424,213,103,110,577,199,378,4387,2302,2085,1470,1375,8275,81.680113906,train
wa_13,68334,52008,1122,9492,3346,6146,24453,9464,14989,611,383,228,2544,824,1720,9499,4604,4895,4287,4418,11908,76.1085257705,train
ks_19,70732,51128,1014,11478,3797,7681,26386,8597,17789,1568,745,823,1132,512,620,5112,2049,3063,4438,3508,16096,72.2841146864,train
ky_20,309533,227148,1972,34862,15672,19190,127171,58870,68301,10155,4979,5176,3017,1645,1372,35958,20071,15887,14013,15095,67290,73.3840979799,train
mi_126,51464,33141,1317,9618,2501,7117,9902,2899,7003,373,133,240,4615,1343,3272,3728,1601,2127,3588,2092,16231,64.3964713198,train
il_155,43647,30929,455,8516,1966,6550,13447,4834,8613,456,238,218,2649,941,1708,2944,1381,1563,2462,899,11819,70.8616857974,train
ca_121,37332,34112,539,5570,2518,3052,20867,11370,9497,848,310,538,236,184,52,4556,2784,1772,1496,540,2680,91.3746919533,train
il_53,50737,43260,348,8587,3917,4670,26448,14249,12199,2029,1057,972,578,219,359,3764,2286,1478,1506,661,6816,85.2632201352,train
ny_274,109511,65205,1105,9064,2577,6487,42029,12890,29139,2781,846,1935,630,113,517,5279,2447,2832,4317,8627,35679,59.541963821,train
ca_565,44040,22389,709,6652,2033,4619,3301,965,2336,254,110,144,2380,1030,1350,1862,855,1007,7231,3728,17923,50.8378746594,train
mo_63,285264,175963,5307,58619,15700,42919,45216,15384,29832,5628,1200,4428,18239,5263,12976,16724,5690,11034,26230,13875,95426,61.6842644007,train
ga_66,71861,48140,207,10988,3871,7117,28824,13498,15326,460,384,76,303,119,184,5104,1565,3539,2254,5072,18649,66.990439877,train
nj_168,22653,12111,168,1778,391,1387,7574,1523,6051,584,87,497,203,0,203,1490,586,904,314,1334,9208,53.4631174679,train
pa_203,26682,17933,413,6284,2330,3954,9319,3989,5330,175,100,75,55,0,55,1238,602,636,449,851,7898,67.2101041901,train
il_97,21781,17185,112,4165,1196,2969,10109,4612,5497,215,42,173,296,211,85,1735,918,817,553,282,4314,78.8990404481,train
wa_135,60523,52158,498,6333,2513,3820,28402,15777,12625,7378,3737,3641,988,626,362,6827,4251,2576,1732,1521,6844,86.1788080564,train
ga_185,70968,46175,464,7069,2744,4325,28162,8421,19741,614,56,558,640,289,351,7462,3614,3848,1764,3747,21046,65.064536129,train
ma_112,49692,39761,605,5388,1802,3586,27102,14212,12890,796,552,244,404,39,365,3325,2282,1043,2141,2158,7773,80.0148917331,train
wy_11,155553,118288,1792,34762,10774,23988,40303,11808,28495,3460,1519,1941,12774,3169,9605,12679,6008,6671,12518,8399,28866,76.0435350009,train
in_22,55273,46445,1092,13254,4192,9062,17387,6976,10411,4347,1335,3012,2003,584,1419,3473,1903,1570,4889,2330,6498,84.0283682811,train
ca_361,31784,26360,125,5273,1692,3581,10295,2767,7528,6032,2760,3272,405,156,249,3310,1808,1502,920,926,4498,82.9348099673,train
mi_87,54898,37035,394,3295,1012,2283,29040,12145,16895,339,293,46,478,254,224,1891,1115,776,1598,1694,16169,67.4614740063,train
ny_176,60293,50438,213,2408,808,1600,31486,14098,17388,9197,4639,4558,59,59,0,5565,2962,2603,1510,2144,7711,83.6548189674,train
nh_21,33630,28803,76,1926,823,1103,21282,9982,11300,1311,764,547,478,436,42,1713,1262,451,2017,558,4269,85.6467439786,train
tx_65,161887,142016,744,22336,9766,12570,69773,32144,37629,7426,3663,3763,6025,4030,1995,20705,13959,6746,15007,4718,15153,87.7253886971,train
tx_246,36018,28504,215,7597,3684,3913,7376,3049,4327,968,672,296,1061,636,425,7648,4628,3020,3639,1523,5991,79.1382086734,train
nm_34,30223,18334,751,5332,2211,3121,5297,1347,3950,546,254,292,1031,494,537,3365,1564,1801,2012,1555,10334,60.6624094233,train
al_18,40135,23766,278,6480,1977,4503,11198,2931,8267,229,142,87,722,55,667,3095,913,2182,1764,3253,13116,59.2151488726,train
tx_105,45715,31391,268,6454,2735,3719,15610,8574,7036,1108,506,602,560,393,167,2618,1509,1109,4773,2102,12222,68.6667395822,train
ga_163,24808,18779,561,5897,969,4928,7137,2276,4861,2334,725,1609,335,270,65,1519,582,937,996,628,5401,75.6973556917,train
ok_71,49768,40869,472,5778,2138,3640,23800,10461,13339,1724,1015,709,446,209,237,6176,4428,1748,2473,1402,7497,82.1190323099,train
mi_175,33880,22339,85,1873,946,927,17053,4192,12861,123,36,87,202,42,160,2306,1146,1160,697,1356,10185,65.9356552538,train
tx_59,43376,31072,208,4791,1432,3359,16552,5196,11356,376,0,376,2832,859,1973,2530,1169,1361,3783,1381,10923,71.6340833641,train
ca_131,16881,12175,39,1703,534,1169,4443,968,3475,4167,888,3279,115,0,115,1598,642,956,110,818,3888,72.122504591,train
tx_13,30103,20733,978,9065,4312,4753,5788,2850,2938,49,0,49,1139,363,776,2236,630,1606,1478,1276,8094,68.8735341992,train
ca_153,32580,26713,207,6311,2373,3938,13784,4993,8791,1015,331,684,211,86,125,2393,1135,1258,2792,1245,4622,81.992019644,train
ma_132,32721,25418,77,1847,1298,549,10810,5922,4888,7459,4938,2521,448,180,268,1921,812,1109,2856,1162,6141,77.6809999694,train
va_68,273700,221500,2062,27924,7366,20558,117758,40567,77191,36452,14362,22090,1986,881,1105,24116,12297,11819,11202,12386,39814,80.9280233833,train
ca_101,36681,25908,306,8522,3075,5447,11043,5676,5367,1267,888,379,479,215,264,2113,1247,866,2178,1442,9331,70.6305716856,train
la_38,88748,59063,677,9833,3381,6452,31950,14810,17140,2800,1443,1357,1456,669,787,5528,3090,2438,6819,5318,24367,66.5513589039,train
ca_385,38266,27654,360,7510,1743,5767,9543,3621,5922,2243,313,1930,803,564,239,6282,1286,4996,913,1373,9239,72.2678095437,train
va_20,29643,21522,849,2171,786,1385,11884,4532,7352,647,49,598,1798,448,1350,2048,1145,903,2125,2040,6081,72.6039874507,train
ca_70,19107,16457,72,1596,705,891,3657,2441,1216,8796,5236,3560,37,0,37,1851,1349,502,448,286,2364,86.1307374261,train
la_32,24845,16233,313,2357,704,1653,9633,2775,6858,859,735,124,269,269,0,2269,942,1327,533,1248,7364,65.3370899577,train
pa_178,47326,36011,1162,10871,3571,7300,18114,7407,10707,282,224,58,1213,374,839,2566,892,1674,1803,1111,10204,76.091366268,train
nm_13,258707,187124,2535,54926,18113,36813,77454,32902,44552,4096,1978,2118,4396,1779,2617,25402,12219,13183,18315,9359,62224,72.3304742431,train
ny_161,63981,50070,639,5759,1722,4037,34764,16100,18664,1200,426,774,696,360,336,2442,1167,1275,4570,3316,10595,78.2576077273,train
nj_13,50066,35238,606,3075,1035,2040,21992,8493,13499,3918,1392,2526,752,118,634,3928,2137,1791,967,1387,13441,70.3830943155,train
al_24,137072,105599,1292,19526,8033,11493,64929,31949,32980,1749,702,1047,1280,655,625,10629,5185,5444,6194,4279,27194,77.0390743551,train
ca_297,237198,177025,1998,50595,19482,31113,70219,29786,40433,7994,4378,3616,2825,1272,1553,29094,17581,11513,14300,9671,50502,74.6317422575,train
in_101,68442,52393,1050,9960,3920,6040,30973,11038,19935,979,422,557,1156,489,667,3597,1487,2110,4678,6781,9268,76.5509482482,train
tx_94,36845,32937,288,2542,1374,1168,10942,5694,5248,11812,5501,6311,230,62,168,2939,1463,1476,4184,822,3086,89.3934048039,train
va_57,29631,19695,425,4919,1621,3298,9817,4217,5600,300,128,172,309,0,309,2880,1036,1844,1045,3328,6608,66.4675508758,train
ca_368,48787,41959,351,9150,4376,4774,21737,11929,9808,2701,1089,1612,979,660,319,5176,3452,1724,1865,1064,5764,86.0044684035,train
ia_44,61048,44230,738,11430,3729,7701,15807,5840,9967,1579,475,1104,4276,1529,2747,7246,4085,3161,3154,2344,14474,72.451185952,train
ga_129,37544,32139,72,6767,3214,3553,14469,7591,6878,1636,877,759,1138,564,574,4121,2327,1794,3936,718,4687,85.6035584914,train
ca_330,33921,29993,175,7540,3097,4443,13679,5069,8610,1988,622,1366,327,277,50,4821,2768,2053,1463,861,3067,88.4201527078,train
mo_16,37378,30898,509,9202,3561,5641,10241,4792,5449,1242,658,584,2077,1025,1052,4360,2351,2009,3267,1338,5142,82.6635989084,train
sc_56,46305,31635,284,5378,1991,3387,13433,6401,7032,1837,1086,751,405,263,142,4887,2524,2363,5411,2332,12338,68.3187560739,train
tn_21,32913,23264,255,3790,1700,2090,12027,4694,7333,437,364,73,753,434,319,1599,755,844,4403,1786,7863,70.6833166226,train
mn_101,44395,34707,407,10972,4150,6822,12645,3847,8798,781,344,437,1783,358,1425,3738,1443,2295,4381,1760,7928,78.1777227165,train
mi_19,163740,110385,1615,15536,3936,11600,71942,20846,51096,3200,1367,1833,2614,360,2254,9555,4572,4983,5923,8804,44551,67.4148039575,train
ks_15,220432,194657,1253,26190,13345,12845,122973,69049,53924,11110,6814,4296,2145,1259,886,18578,10526,8052,12408,5018,20757,88.3070516078,train
il_207,76224,60416,310,14956,6462,8494,33672,17229,16443,1604,782,822,1190,588,602,4507,2671,1836,4177,2819,12989,79.261125105,train
co_67,46378,37368,531,9762,3781,5981,20745,10209,10536,405,111,294,298,137,161,4371,2819,1552,1256,1012,7998,80.5726853249,train
tx_239,50940,39293,194,7615,2773,4842,14867,5225,9642,9274,2575,6699,568,173,395,4313,2149,2164,2462,1225,10422,77.1358460934,train
ca_149,24902,22776,0,2589,1148,1441,16759,9699,7060,256,180,76,141,88,53,1766,1137,629,1265,244,1882,91.4625331299,train
mn_109,38680,28589,363,6793,1786,5007,15440,5325,10115,422,263,159,835,372,463,1776,1041,735,2960,1712,8379,73.911582213,train
ar_60,30645,20010,104,3550,1578,1972,12313,5152,7161,822,563,259,723,212,511,1735,786,949,763,7046,3589,65.2961331375,train
ca_431,76844,70921,273,11161,5678,5483,47996,24258,23738,1727,971,756,535,445,90,7960,5654,2306,1269,1965,3958,92.2921763573,train
wa_97,41962,32731,41,4904,2106,2798,21531,8855,12676,392,155,237,321,20,301,3544,1732,1812,1998,1273,7958,78.0015251895,train
fl_278,63106,46120,543,6848,1644,5204,25761,10671,15090,3183,1636,1547,1014,603,411,5263,2604,2659,3508,2766,14220,73.0833835135,train
wa_136,50170,40725,477,4701,1574,3127,22636,12346,10290,5524,2489,3035,543,224,319,4978,2740,2238,1866,1621,7824,81.1740083715,train
co_96,33712,30524,103,10436,3871,6565,14437,7122,7315,542,205,337,470,208,262,3062,1924,1138,1474,939,2249,90.543426673,train
wy_14,224003,171700,2488,46256,15821,30435,65039,21120,43919,5136,2512,2624,15909,4058,11851,19533,10050,9483,17339,11359,40944,76.6507591416,train
ga_52,69075,44901,464,6709,2541,4168,27491,8070,19421,614,56,558,492,266,226,7367,3567,3800,1764,3747,20427,65.003257329,train
az_22,69744,46424,1753,14464,6750,7714,15992,4655,11337,188,153,35,4109,184,3925,6341,2408,3933,3577,2548,20772,66.5634319798,train
ks_50,55453,50712,30,6027,3017,3010,35509,22262,13247,2639,1850,789,392,125,267,4036,2478,1558,2079,1114,3627,91.4504174707,train
pr_49,28382,12800,344,3022,785,2237,4305,941,3364,0,0,0,549,248,301,745,126,619,3835,532,15050,45.0990064125,train
mi_46,27658,21966,242,4015,1849,2166,12180,5118,7062,944,224,720,72,0,72,2624,1752,872,1889,1421,4271,79.4200592957,train
ks_28,34991,29609,81,5164,2613,2551,18505,10718,7787,1210,509,701,329,0,329,2808,2048,760,1512,1381,4001,84.6189020034,train
wi_95,46984,37391,314,5569,1642,3927,22608,10427,12181,3464,2099,1365,285,68,217,3847,1916,1931,1304,1111,8482,79.5824110335,train
pa_94,51123,36081,1209,12828,3368,9460,14761,3955,10806,516,165,351,1238,403,835,2703,1037,1666,2826,2595,12447,70.5768440819,train
ga_151,45193,23606,518,6286,2724,3562,9896,4082,5814,21,21,0,625,103,522,4703,2607,2096,1557,3428,18159,52.2337530148,train
mt_31,45837,35078,836,6301,1896,4405,20687,5989,14698,539,220,319,627,48,579,4331,2250,2081,1757,2403,8356,76.5276959661,train
wa_125,49778,39452,534,7943,2720,5223,21673,10893,10780,402,205,197,1200,250,950,4159,2088,2071,3541,2493,7833,79.255896179,train
ca_41,140665,106540,1486,24286,7670,16616,58723,26986,31737,937,561,376,2664,472,2192,13414,5601,7813,5030,5079,29046,75.740233889,train
nj_116,45543,33981,283,2336,933,1403,21241,7495,13746,5073,1331,3742,482,197,285,3942,1359,2583,624,1323,10239,74.613003096,train
fl_67,54557,41181,298,11342,3406,7936,18822,8512,10310,2091,1673,418,430,295,135,4517,2688,1829,3681,2642,10734,75.482522866,train
wi_113,103755,82255,912,19794,8859,10935,41128,20477,20651,5381,2464,2917,976,382,594,10092,5213,4879,3972,6946,14554,79.2781070792,train
ca_56,34223,26030,377,5279,2354,2925,13884,6012,7872,1451,677,774,220,0,220,3638,2523,1115,1181,2697,5496,76.0599596762,train
pa_67,39767,26741,356,3545,1098,2447,15764,4470,11294,2606,703,1903,41,0,41,2361,731,1630,2068,1673,11353,67.2441974501,train
mi_91,27961,19798,93,2574,1041,1533,11394,6540,4854,836,564,272,550,361,189,1936,1194,742,2415,2365,5798,70.8057651729,train
mo_15,29621,19687,253,4876,1367,3509,9456,3348,6108,323,46,277,1227,535,692,1522,716,806,2030,953,8981,66.4629823436,train
az_131,81411,70492,561,13921,5208,8713,42186,18858,23328,1272,647,625,1165,232,933,7495,4364,3131,3892,3261,7658,86.5878075444,train
al_22,56840,41997,102,9458,3247,6211,22477,9491,12986,93,93,0,1534,524,1010,4829,2546,2283,3504,2722,12121,73.8863476425,train
il_205,50485,35128,347,8554,3671,4883,19950,11325,8625,922,497,425,767,87,680,2572,1248,1324,2016,1622,13735,69.5810636823,train
co_54,40727,27561,805,8886,3478,5408,5047,1519,3528,1520,546,974,4384,1266,3118,3080,1589,1491,3839,1605,11561,67.6725513787,train
wa_56,297920,249459,1855,39661,20667,18994,157286,86288,70998,5158,2521,2637,4547,2789,1758,24213,17725,6488,16739,12026,36435,83.7335526316,train
nm_19,47593,33802,500,11809,3636,8173,10712,5000,5712,265,67,198,1989,829,1160,5957,3219,2738,2570,2004,11787,71.0230496081,train
fl_128,279825,222115,2677,42694,11479,31215,133186,46861,86325,7474,3331,4143,2576,1194,1382,23667,11716,11951,9841,9866,47844,79.3763959618,train
tx_20,118546,63643,514,14950,5631,9319,26594,10685,15909,1560,286,1274,2534,813,1721,7343,2672,4671,10148,6177,48726,53.6863327316,train
ny_71,25054,15711,92,1116,234,882,10693,3921,6772,2166,736,1430,0,0,0,934,243,691,710,909,8434,62.708549533,train
nc_45,50249,33345,348,8496,2106,6390,16013,5433,10580,1892,375,1517,412,137,275,4368,1505,2863,1816,2337,14567,66.3595295429,train
ny_50,35349,23466,132,1468,586,882,17886,5640,12246,144,0,144,784,125,659,1824,510,1314,1228,1430,10453,66.3837732326,train
ms_22,54237,42557,351,14162,4980,9182,13017,6183,6834,2063,1196,867,1012,207,805,6439,4310,2129,5513,1287,10393,78.4648855947,train
ca_220,56274,34747,612,9338,2227,7111,13185,2239,10946,4169,646,3523,629,314,315,4374,1752,2622,2440,5329,16198,61.746099442,train
ar_15,42636,31632,603,9687,5232,4455,12804,7795,5009,1184,586,598,1572,1089,483,2471,1030,1441,3311,1817,9187,74.1908246552,train
al_52,274535,193750,3762,42402,15559,26843,99128,43738,55390,4468,1404,3064,4470,1779,2691,21910,10164,11746,17610,11791,68994,70.5738794689,train
ca_228,40369,29625,214,9527,4614,4913,6704,3339,3365,366,246,120,2843,201,2642,7678,2212,5466,2293,2310,8434,73.385518591,train
az_139,99433,86354,474,12548,5284,7264,58027,24833,33194,1192,688,504,1543,676,867,7565,4640,2925,5005,3771,9308,86.8464191968,train
ca_51,71024,53978,588,16369,6717,9652,20636,8777,11859,2660,1255,1405,2303,1328,975,5931,2972,2959,5491,3716,13330,75.9996620861,train
ca_309,70143,51095,497,11837,5133,6704,24640,13697,10943,2197,942,1255,817,412,405,7306,3810,3496,3801,2769,16279,72.8440471608,train
ut_31,26205,21064,354,6543,2738,3805,7267,2838,4429,493,123,370,1603,697,906,1827,1081,746,2977,1138,4003,80.3816065636,train
ia_56,50043,32698,645,11082,2858,8224,7835,2494,5341,1669,552,1117,2267,736,1531,6459,1878,4581,2741,1981,15364,65.3398077653,train
va_56,165428,139970,597,11590,4167,7423,80891,23101,57790,25603,8258,17345,930,239,691,15272,8364,6908,5087,8083,17375,84.6108276713,train
mi_149,65356,46109,514,7138,3025,4113,27695,11950,15745,1411,633,778,827,303,524,3359,2022,1337,5165,4055,15192,70.5505232878,train
oh_71,81989,52146,646,11767,4527,7240,23235,10101,13134,1619,711,908,834,381,453,9581,1605,7976,4464,3731,26112,63.6012147971,train
il_217,61746,52781,259,11264,6997,4267,28764,16417,12347,2826,1333,1493,1346,538,808,5153,3287,1866,3169,1518,7447,85.4808408642,train
tx_163,258472,206271,6282,57628,22103,35525,62201,22534,39667,24796,9976,14820,12564,4033,8531,24420,13492,10928,18380,10635,41566,79.8040019809,train
va_116,56712,42672,369,2826,848,1978,20143,7402,12741,9430,3146,6284,889,400,489,5073,2744,2329,3942,2563,11477,75.243334744,train
mt_23,406288,299783,7044,88787,21115,67672,112609,33201,79408,8129,2178,5951,20049,4626,15423,37876,15550,22326,25289,16017,90488,73.7858366479,train
or_39,38494,33682,108,3419,1194,2225,18085,8513,9572,6336,3068,3268,146,0,146,2913,1502,1411,2675,553,4259,87.4993505481,train
ca_52,25053,19147,201,5707,3025,2682,6058,2743,3315,860,476,384,1392,452,940,1478,793,685,3451,766,5140,76.4259769289,train
ct_38,48169,39403,0,2346,635,1711,31706,18856,12850,799,408,391,550,364,186,3122,2409,713,880,710,8056,81.8015736262,train
ar_46,42509,19655,243,4951,1781,3170,6726,2146,4580,292,110,182,1855,955,900,1917,669,1248,3671,2879,19975,46.2372674022,train
wa_96,43220,35168,282,7137,3536,3601,20884,11752,9132,702,342,360,379,339,40,3521,2267,1254,2263,1288,6764,81.3697362332,train
tx_448,57830,47565,306,12357,5219,7138,18284,9053,9231,3999,2357,1642,1727,875,852,7737,5303,2434,3155,3213,7052,82.2496973889,train
il_266,27944,18044,33,2133,626,1507,11472,5520,5952,310,99,211,200,0,200,1638,544,1094,2258,1920,7980,64.5720011451,train
pa_188,27479,18980,506,4448,876,3572,9940,2906,7034,456,0,456,905,0,905,1605,471,1134,1120,879,7620,69.0709268896,train
ca_162,48280,41750,828,7266,2849,4417,22348,15465,6883,6098,4361,1737,216,216,0,3431,2290,1141,1563,1360,5170,86.4747307374,train
pa_118,81010,59396,646,5768,1793,3975,23967,10293,13674,17089,7415,9674,1092,501,591,7943,4377,3566,2891,2459,19155,73.319343291,train
tn_122,36836,24595,170,4296,1521,2775,9833,5440,4393,937,167,770,1934,406,1528,3748,2319,1429,3677,1853,10388,66.768921707,train
pr_56,1253690,585087,18819,127155,40560,86595,217786,82112,135674,10075,3840,6235,25159,9069,16090,55255,24621,30634,130838,46505,622098,46.6691925436,train
co_114,78919,64688,732,18078,8761,9317,34392,17717,16675,587,164,423,994,220,774,6634,4207,2427,3271,2248,11983,81.9675870196,train
in_75,271596,198371,3173,56357,19279,37078,90054,40564,49490,6758,3316,3442,5610,1953,3657,22870,12182,10688,13549,10649,62576,73.0389991016,train
mo_65,42926,28685,556,6005,2007,3998,13434,5318,8116,279,171,108,2378,1012,1366,2970,1924,1046,3063,2031,12210,66.8243022877,train
nc_28,80175,56108,860,8431,2761,5670,27483,7110,20373,2130,462,1668,949,152,797,4363,2123,2240,11892,2062,22005,69.9819145619,train
wv_35,41281,30128,967,8716,3030,5686,14751,5649,9102,44,0,44,733,378,355,1557,962,595,3360,1230,9923,72.9827281316,train
pa_75,283007,178105,2377,27723,9117,18606,89427,36284,53143,20347,9260,11087,3317,1264,2053,25396,13760,11636,9518,13234,91668,62.9330723268,train
de_16,51591,41015,247,3164,659,2505,20529,7591,12938,10566,3978,6588,340,252,88,4714,2545,2169,1455,2478,8098,79.50030044,train
fl_324,73931,59543,329,6645,1508,5137,42782,12564,30218,299,109,190,1151,224,927,4724,1751,2973,3613,2681,11707,80.5386103258,train
wa_124,48076,43341,619,12218,6081,6137,23498,13994,9504,444,113,331,225,108,117,3694,2730,964,2643,683,4052,90.1510108994,train
la_18,26536,16870,236,4475,1047,3428,8695,2965,5730,240,56,184,604,64,540,1646,893,753,974,621,9045,63.574012662,train
nc_145,42205,35968,367,7128,2563,4565,22186,8159,14027,692,277,415,486,129,357,3718,2664,1054,1391,1658,4579,85.2221300794,train
ma_128,38846,24337,292,3010,598,2412,16884,5588,11296,380,0,380,350,224,126,2046,751,1295,1375,1139,13370,62.6499510889,train
la_93,34469,22900,149,4266,2057,2209,12250,4145,8105,1196,665,531,279,0,279,3337,1402,1935,1423,1343,10226,66.4365081668,train
tx_233,31618,17176,425,4934,1757,3177,2630,718,1912,640,42,598,727,358,369,5019,2428,2591,2801,1463,12979,54.3234866215,train
ga_94,51364,44074,142,8280,3181,5099,21437,10353,11084,1903,925,978,887,652,235,8903,5363,3540,2522,2158,5132,85.8071801262,train
in_38,28502,22388,357,1167,423,744,9880,4444,5436,6509,3266,3243,268,33,235,2934,906,2028,1273,1321,4793,78.5488737632,train
ca_325,51114,46433,152,10799,6120,4679,26954,16898,10056,958,508,450,519,158,361,5352,3663,1689,1699,1091,3590,90.842039363,train
ma_99,48443,38741,853,4682,1378,3304,26546,11802,14744,271,137,134,493,198,295,4287,2107,2180,1609,1081,8621,79.9723386248,train
tn_44,25638,15665,150,3181,1327,1854,8026,2347,5679,1723,942,781,63,63,0,1548,704,844,974,2401,7572,61.1007098838,train
ca_428,71660,64232,360,7207,2978,4229,42556,25242,17314,2740,1288,1452,991,766,225,6912,4796,2116,3466,1040,6388,89.6343845939,train
oh_40,61623,47722,1412,10345,1683,8662,27360,8662,18698,768,419,349,765,307,458,4827,2187,2640,2245,2675,11226,77.441864239,train
md_46,260778,206744,2952,12946,4680,8266,74572,26042,48530,66121,27525,38596,2575,506,2069,39774,19011,20763,7804,8165,45869,79.2796938392,train
tx_180,217563,144059,3503,31206,10057,21149,57264,21145,36119,5643,2372,3271,9030,4250,4780,19180,11260,7920,18233,10322,63182,66.2148435166,train
ny_15,76714,57777,1217,6422,1715,4707,42255,13814,28441,438,145,293,859,72,787,4199,2009,2190,2387,2840,16097,75.3148056417,train
nj_11,185774,143734,971,9992,4069,5923,82710,35888,46822,27632,11778,15854,924,345,579,15873,8766,7107,5632,5570,36470,77.3703532249,train
ne_26,70201,47982,1450,11902,3935,7967,16519,5557,10962,2292,788,1504,4167,1598,2569,7095,3132,3963,4557,3003,19216,68.3494537115,train
ca_393,26409,14018,164,7314,1152,6162,2989,896,2093,457,72,385,302,27,275,1888,310,1578,904,747,11644,53.0803892612,train
oh_117,39393,27063,479,7335,1719,5616,11524,2775,8749,242,41,201,668,82,586,5792,1212,4580,1023,2405,9925,68.7000228467,train
oh_103,62918,51986,1116,13164,5408,7756,26800,10328,16472,411,25,386,1142,559,583,5214,2890,2324,4139,2372,8560,82.6250039734,train
nc_83,302535,238636,1617,40654,17071,23583,146962,75149,71813,6405,3423,2982,4297,1574,2723,20340,12807,7533,18361,14722,49177,78.8788074107,train
co_106,57374,46539,747,11335,5566,5769,24216,14002,10214,891,644,247,1558,597,961,3137,2126,1011,4655,1258,9577,81.1151392617,train
ca_523,52914,36255,648,9502,2399,7103,14389,5155,9234,1166,674,492,2483,903,1580,2798,1763,1035,5269,2260,14399,68.5168386438,train
la_45,295271,218195,1687,49846,22165,27681,104871,42562,62309,9538,4650,4888,4342,2052,2290,34571,16102,18469,13340,12698,64378,73.8965221779,train
tx_372,39798,21107,306,7785,1169,6616,7097,2579,4518,720,256,464,279,107,172,2708,1096,1612,2212,3610,15081,53.0353284085,train
ga_142,44905,37493,82,8919,4136,4783,15174,5681,9493,1762,769,993,897,386,511,9290,3799,5491,1369,1085,6327,83.4940429796,train
la_15,98570,64790,896,18036,6599,11437,27114,10231,16883,772,270,502,2021,1072,949,6189,4000,2189,9762,3806,29974,65.729938115,train
ca_241,20668,18367,357,6068,1934,4134,8158,2875,5283,465,30,435,458,215,243,1853,1107,746,1008,177,2124,88.8668473002,train
wa_74,40980,26345,1313,8083,2248,5835,4237,1730,2507,1062,374,688,5852,1561,4291,2712,1360,1352,3086,1298,13337,64.2874572962,train
ma_126,31800,23325,249,2770,904,1866,17078,6595,10483,0,0,0,250,40,210,2218,766,1452,760,1154,7321,73.3490566038,train
fl_312,69373,51980,527,7704,1724,5980,36138,10203,25935,312,199,113,1250,416,834,4808,1790,3018,1241,1905,15488,74.9282862209,train
tn_25,100942,77430,686,15133,3991,11142,46701,16288,30413,3411,1689,1722,2000,573,1427,4952,2429,2523,4547,5791,17721,76.70741614,train
ca_60,17758,13151,324,2615,499,2116,3055,857,2198,1509,208,1301,578,410,168,4709,1015,3694,361,308,4299,74.056763149,train
pa_42,45590,30843,747,8371,2629,5742,16753,7305,9448,354,66,288,717,141,576,2286,989,1297,1615,1254,13493,67.6529940776,train
ga_12,643359,383524,7832,164509,46059,118450,92583,29175,63408,10193,3266,6927,23048,6907,16141,49070,20584,28486,36289,34642,225193,59.6127512011,train
ca_285,212481,159963,1753,36431,14875,21556,67891,25617,42274,21034,7068,13966,2983,1006,1977,19242,9899,9343,10629,10364,42154,75.2834371073,train
wi_15,31784,22352,1051,5079,960,4119,10312,3675,6637,264,66,198,2354,1244,1110,1249,444,805,2043,894,8538,70.3246916688,train
oh_204,32041,29400,74,4588,2605,1983,18324,10368,7956,1572,1174,398,278,156,122,3025,1615,1410,1539,494,2147,91.7574357854,train
wi_10,214534,158284,4765,45334,12558,32776,57736,20052,37684,4347,1473,2874,13756,4548,9208,14373,6713,7660,17973,7124,49126,73.7803797999,train
tx_377,39448,29598,321,6367,1479,4888,13039,5589,7450,2014,1022,992,1062,324,738,3978,1918,2060,2817,2120,7730,75.0304197931,train
fl_127,248763,208508,1748,28993,8822,20171,140354,54286,86068,5130,1904,3226,2754,1062,1692,21376,11539,9837,8153,6337,33918,83.8179311232,train
tn_128,32898,26175,598,5378,947,4431,12320,4857,7463,1684,824,860,664,367,297,3141,2155,986,2390,948,5775,79.5641072406,train
ok_12,505024,308416,7243,102792,35119,67673,75507,29392,46115,9112,3700,5412,36622,9854,26768,32802,16398,16404,44338,28459,168149,61.0695729312,train
nc_55,299823,236011,1802,41644,14609,27035,133357,53309,80048,10981,5857,5124,5601,2357,3244,24416,15631,8785,18210,9886,53926,78.7167762313,train
ga_27,34219,20652,94,7778,2291,5487,7259,1664,5595,19,0,19,362,169,193,3208,553,2655,1932,2532,11035,60.3524357813,train
ca_226,45988,39166,202,7046,2837,4209,17366,8810,8556,4060,2564,1496,503,204,299,7539,5080,2459,2450,1183,5639,85.1656953988,train
wa_152,25549,21276,218,3852,1462,2390,10683,4100,6583,149,74,75,836,359,477,3957,1978,1979,1581,1104,3169,83.2752749618,train
ms_25,28591,19377,211,2688,512,2176,8513,3614,4899,611,410,201,386,92,294,1483,815,668,5485,1429,7785,67.7730754433,train
co_76,56814,46787,327,9558,3654,5904,29162,15522,13640,529,182,347,273,132,141,4568,2830,1738,2370,2863,7164,82.3511810469,train
wi_70,52758,41130,112,12069,5333,6736,19722,10267,9455,1946,692,1254,728,258,470,4727,2477,2250,1826,5005,6623,77.9597407028,train
tx_164,284082,235918,920,63362,26677,36685,90933,46210,44723,12527,5932,6595,3541,1887,1654,40366,22227,18139,24269,11522,36642,83.0457403144,train
wi_54,26665,20963,263,4506,1039,3467,14037,4309,9728,217,59,158,225,137,88,1211,432,779,504,1141,4561,78.6161635102,train
ca_173,25150,22648,0,4954,1820,3134,10034,4097,5937,1396,647,749,246,71,175,3255,1290,1965,2763,1012,1490,90.0516898608,train
tx_320,40289,32553,282,7513,3616,3897,13915,7670,6245,3434,1641,1793,698,209,489,4058,2718,1340,2653,1406,6330,80.7987291817,train
wi_72,85072,71529,1411,20569,7583,12986,34206,16012,18194,3218,1286,1932,949,534,415,7504,4229,3275,3672,2917,10626,84.0805435396,train
tx_347,38319,35339,0,8090,4061,4029,16824,6711,10113,1279,703,576,1432,1128,304,5354,3589,1765,2360,631,2349,92.2231791018,train
tx_242,58296,48324,90,11164,6784,4380,19597,11066,8531,5157,3053,2104,1219,810,409,5568,4450,1118,5529,2941,7031,82.894195142,train
tx_299,41338,35839,293,7985,2538,5447,20395,11423,8972,2999,1559,1440,399,271,128,2567,1687,880,1201,1423,4076,86.6974696405,train
ut_54,31613,25024,159,3717,1403,2314,11341,5726,5615,5494,3509,1985,529,98,431,2130,1279,851,1654,2807,3782,79.1573087021,train
nm_46,39738,21923,959,7637,1281,6356,4068,1437,2631,331,44,287,3038,879,2159,3752,1274,2478,2138,2200,15615,55.1688560068,train
ca_416,42402,37258,178,6979,3425,3554,16785,8188,8597,4329,2057,2272,339,219,120,7495,5382,2113,1153,1398,3746,87.868496769,train
pa_138,59981,46515,744,7382,2559,4823,31704,11151,20553,583,375,208,652,403,249,3548,2174,1374,1902,2070,11396,77.5495573598,train
ne_30,55939,38695,1267,15655,4345,11310,9525,2902,6623,1306,483,823,3430,1078,2352,4239,2060,2179,3273,2227,15017,69.1735640609,train
ca_514,59924,48984,364,10921,6253,4668,29637,19839,9798,625,388,237,718,269,449,4331,2587,1744,2388,1592,9348,81.7435418196,train
nd_10,25351,18857,185,7223,2788,4435,3022,1323,1699,2648,817,1831,677,319,358,3751,1734,2017,1351,1346,5148,74.3836535048,train
pa_137,50640,38643,796,6757,2802,3955,26071,9831,16240,617,312,305,435,9,426,2284,1206,1078,1683,1146,10851,76.3092417062,train
mo_110,67701,42870,906,12303,4410,7893,15602,5629,9973,1003,393,610,3963,1601,2362,4135,1929,2206,4958,4523,20308,63.322550627,train
il_194,42243,36305,348,7162,3178,3984,21916,11486,10430,1752,910,842,402,193,209,3441,2048,1393,1284,302,5636,85.9432331984,train
il_245,91520,78316,920,16713,8151,8562,46810,26061,20749,2927,1688,1239,919,353,566,6529,4187,2342,3498,1908,11296,85.5725524476,train
ct_62,63339,53723,539,9374,3247,6127,33670,14616,19054,1582,806,776,177,90,87,5811,3087,2724,2570,1888,7728,84.8182004768,train
ca_239,19958,16628,122,4122,1725,2397,9346,3822,5524,388,137,251,123,0,123,2020,1270,750,507,332,2998,83.314961419,train
nj_135,32049,23738,69,1105,324,781,8292,3404,4888,8685,3360,5325,167,86,81,4724,2306,2418,696,1580,6731,74.0678336298,train
sc_52,60979,41820,455,10631,4126,6505,19984,7320,12664,1866,1053,813,461,44,417,6178,3919,2259,2245,2061,17098,68.5809868971,train
ny_221,44874,30595,117,1184,629,555,20414,7656,12758,686,229,457,287,182,105,6868,4098,2770,1039,2251,12028,68.1797923073,train
ct_40,49986,28662,211,4938,1573,3365,14876,4651,10225,911,402,509,721,0,721,5813,1659,4154,1192,3385,17939,57.3400552155,train
mn_57,267512,226614,3098,48177,19623,28554,131855,63605,68250,3188,1814,1374,5347,2210,3137,22573,12976,9597,12376,8243,32655,84.711713867,train
ms_45,44963,23387,834,7815,2349,5466,8074,2259,5815,110,97,13,1899,376,1523,2626,1065,1561,2029,4911,16665,52.0138780775,train
nc_116,59131,39497,500,8731,2153,6578,21301,6674,14627,576,170,406,957,266,691,3258,1467,1791,4174,2554,17080,66.79575857,train
tx_67,30231,27822,80,6777,3398,3379,11924,5185,6739,4707,2892,1815,532,380,152,2551,2053,498,1251,147,2262,92.0313585392,train
sc_53,46272,33216,428,8278,3156,5122,15010,5451,9559,1560,665,895,928,85,843,5118,3037,2081,1894,1176,11880,71.7842323651,train
nv_31,71387,51752,780,13404,6052,7352,18713,7050,11663,2137,1141,996,566,176,390,13290,8262,5028,2862,2997,16638,72.4949920854,train
in_43,60452,39928,724,12869,2872,9997,16678,6375,10303,1641,651,990,786,188,598,5128,1926,3202,2102,4283,16241,66.0490968041,train
ny_205,38383,33889,139,1751,663,1088,27273,8554,18719,1822,903,919,253,0,253,2475,1350,1125,176,834,3660,88.2916916343,train
nc_107,41553,33155,116,9086,4494,4592,17359,7392,9967,744,231,513,402,194,208,3806,2293,1513,1642,2651,5747,79.7896662094,train
tx_421,83265,72770,363,12051,6604,5447,36386,17811,18575,4299,1674,2625,1377,455,922,11466,7727,3739,6828,2417,8078,87.3956644448,train
tn_93,49983,37716,472,5424,2011,3413,25044,12548,12496,937,551,386,867,562,305,3274,1566,1708,1698,2372,9895,75.4576556029,train
fl_237,34047,28526,161,9554,2417,7137,11885,3390,8495,2395,1125,1270,634,124,510,3253,2415,838,644,424,5097,83.7841806914,train
oh_57,26384,14094,192,3960,673,3287,6708,2402,4306,157,114,43,418,103,315,1014,557,457,1645,2160,10130,53.4187386295,train
tx_39,30727,19951,758,4918,2471,2447,4650,2258,2392,56,56,0,3492,1093,2399,2934,1708,1226,3143,2375,8401,64.9298662414,train
nj_139,57671,48166,479,5003,1907,3096,30095,9331,20764,5935,1691,4244,503,173,330,4217,2245,1972,1934,1281,8224,83.5185795287,train
ct_57,48273,34731,55,2589,721,1868,25939,7409,18530,1252,237,1015,128,0,128,2835,1775,1060,1933,1828,11714,71.9470511466,train
ca_400,39983,26842,682,10290,4335,5955,7791,2951,4840,791,224,567,1150,354,796,2422,732,1690,3716,1870,11271,67.133531751,train
fl_135,250769,191419,1668,22281,4657,17624,90960,31493,59467,39018,16178,22840,2597,1283,1314,27042,14324,12718,7853,11779,47571,76.3328003063,train
pa_73,26682,17933,413,6284,2330,3954,9319,3989,5330,175,100,75,55,0,55,1238,602,636,449,851,7898,67.2101041901,train
ca_270,205264,127679,3717,29446,12402,17044,50920,19482,31438,4285,1672,2613,5742,2350,3392,13757,8296,5461,19812,10425,67160,62.2023345545,train
tx_160,278461,246392,902,41788,16385,25403,89488,39066,50422,57596,25780,31816,5001,2792,2209,40170,13805,26365,11447,6160,25909,88.4834860178,train
in_24,52838,41875,678,8548,2986,5562,15770,6994,8776,10532,1832,8700,633,362,271,3994,1940,2054,1720,2006,8957,79.2516749309,train
ma_29,26519,22385,67,798,267,531,9736,4154,5582,7760,3107,4653,0,0,0,2321,1142,1179,1703,481,3653,84.411176892,train
sc_45,253222,159467,2748,52327,16553,35774,48024,17933,30091,8327,2302,6025,8022,2305,5717,23830,12139,11691,16189,14137,79618,62.9751759326,train
al_16,22754,10078,117,3983,1073,2910,1737,556,1181,641,203,438,611,228,383,2236,924,1312,753,3312,9364,44.2911136503,train
az_117,54454,43271,305,11590,3658,7932,20908,10230,10678,1661,306,1355,553,295,258,3847,1340,2507,4407,3562,7621,79.4634003012,train
ms_47,50036,23206,800,8170,1967,6203,4891,1633,3258,315,123,192,2290,553,1737,3383,1347,2036,3357,3603,23227,46.3786074027,train
oh_84,279247,181007,5624,42570,11256,31314,81356,23004,58352,3341,833,2508,15136,4952,10184,15599,7358,8241,17381,11217,87023,64.8196757709,train
ny_264,51022,41412,309,6482,800,5682,26526,8292,18234,3650,1029,2621,376,80,296,3337,1253,2084,732,1236,8374,81.1649876524,train
fl_129,241001,170121,3020,25835,9916,15919,105751,35234,70517,5100,3045,2055,2214,405,1809,22389,7934,14455,5812,14470,56410,70.5893336542,train
ut_58,36931,26219,331,7229,2530,4699,12560,4413,8147,304,163,141,1133,452,681,1847,974,873,2815,1367,9345,70.9945574179,train
oh_21,65807,57763,652,9978,3463,6515,36300,15229,21071,1265,497,768,1178,423,755,4560,2897,1663,3830,1721,6323,87.7763763733,train
ia_65,45972,38827,231,9175,4157,5018,22964,10770,12194,1594,978,616,479,398,81,2850,1400,1450,1534,2278,4867,84.4579309145,train
tn_61,54640,33710,455,11081,5267,5814,9660,2930,6730,983,339,644,3871,2010,1861,2595,847,1748,5065,1744,19186,61.6947291362,train
oh_77,118526,75940,1016,9752,3454,6298,46254,18288,27966,1983,462,1521,1090,358,732,10243,4951,5292,5602,7223,35363,64.0703305604,train
fl_166,43798,37825,63,8231,3470,4761,20547,6833,13714,1398,1083,315,838,244,594,5794,2419,3375,954,1300,4673,86.3623909768,train
mi_35,95068,76286,636,15141,5748,9393,42312,16572,25740,2476,721,1755,2382,880,1502,7564,3595,3969,5775,4394,14388,80.2436150966,train
ne_27,42512,27861,449,7134,2213,4921,10715,3077,7638,809,140,669,1476,386,1090,3115,1653,1462,4163,1782,12869,65.5367896123,train
tx_490,20512,8464,264,539,0,539,3767,965,2802,200,68,132,671,250,421,703,385,318,2320,3418,8630,41.263650546,train
sc_75,73785,53235,332,8807,3893,4914,35358,13283,22075,1486,323,1163,699,219,480,4326,2322,2004,2227,2689,17861,72.1488107339,train
ga_79,244205,176436,2826,68352,24210,44142,61731,26821,34910,4901,2317,2584,6758,2366,4392,20285,9138,11147,11583,10077,57692,72.2491349481,train
tn_99,41200,26289,209,7659,2990,4669,11597,3611,7986,2013,1040,973,496,161,335,2380,1256,1124,1935,2898,12013,63.8082524272,train
nj_72,250817,201675,1158,19142,7828,11314,132765,61859,70906,22505,9371,13134,1724,273,1451,19259,10546,8713,5122,6169,42973,80.4072291751,train
wv_11,281898,174124,4808,54864,12807,42057,65005,18635,46370,4001,439,3562,13790,2665,11125,21962,9210,12752,9694,11726,96048,61.7684410673,train
mo_119,84803,52493,388,10418,3865,6553,25411,9623,15788,2623,1237,1386,2568,633,1935,7637,3700,3937,3448,4815,27495,61.8999327854,train
mi_16,52980,35026,932,7666,2149,5517,15171,4824,10347,990,351,639,3110,733,2377,2459,870,1589,4698,2883,15071,66.1117402794,train
ca_511,51598,34213,323,4934,1288,3646,15362,5763,9599,1404,422,982,670,439,231,9450,1630,7820,2070,2668,14717,66.3068335982,train
nc_39,60764,46716,344,8026,3700,4326,30726,14841,15885,102,0,102,941,657,284,3403,1675,1728,3174,1823,12225,76.8810479889,train
mi_52,34201,28003,437,4749,1430,3319,18181,5702,12479,684,375,309,216,0,216,2964,1362,1602,772,867,5331,81.8777228736,train
la_16,76601,51398,738,8040,2273,5767,27928,10053,17875,1582,851,731,1227,110,1117,8184,3428,4756,3699,3690,21513,67.0983407527,train
ak_11,34056,24929,215,8891,2346,6545,10337,3820,6517,59,0,59,732,322,410,3055,2066,989,1640,2166,6961,73.2000234907,train
ca_362,36209,31853,520,6444,2254,4190,16526,5548,10978,3765,1341,2424,332,195,137,3080,1464,1616,1186,1175,3181,87.9698417521,train
ca_119,33271,29319,234,2313,627,1686,7012,2465,4547,14334,5188,9146,776,222,554,3679,1873,1806,971,583,3369,88.1217877431,train
ca_109,1320167,984069,11149,255904,98332,157572,494330,203847,290483,38184,18350,19834,16249,6115,10134,118004,64021,53983,50249,49081,287017,74.5412512205,train
tx_295,46867,31886,328,9759,2238,7521,14433,4428,10005,568,248,320,879,339,540,2621,1362,1259,3298,933,14048,68.0350779866,train
ma_87,48587,38674,40,4336,1931,2405,28976,13267,15709,1097,393,704,875,444,431,2598,1387,1211,752,1604,8309,79.597423179,train
nj_154,65131,57525,264,2365,1407,958,39209,17321,21888,8143,4331,3812,421,283,138,6464,3544,2920,659,2422,5184,88.3219972056,train
ok_13,41819,32597,497,7081,2660,4421,16275,6930,9345,2045,998,1047,1493,499,994,3547,2242,1305,1659,3113,6109,77.94782276,train
oh_55,25029,15939,321,4338,1913,2425,7343,2629,4714,175,0,175,582,326,256,1207,531,676,1973,1117,7973,63.6821287307,train
az_30,166515,123539,1445,21046,6665,14381,75960,26933,49027,2490,1034,1456,3437,1132,2305,10457,4872,5585,8704,6630,36346,74.1909137315,train
az_105,48003,37640,502,8789,2269,6520,17336,3676,13660,522,271,251,2198,404,1794,4802,1807,2995,3491,1771,8592,78.4117659313,train
ga_25,47841,35929,128,6663,2290,4373,19506,9761,9745,1631,658,973,1068,507,561,5246,3401,1845,1687,4705,7207,75.1008549152,train
in_20,107904,95874,867,22847,9762,13085,51502,23586,27916,8198,3612,4586,1461,660,801,6198,4040,2158,4801,2993,9037,88.8512010676,train
ma_56,67065,50103,679,6972,1684,5288,36652,8021,28631,336,36,300,839,182,657,3493,1770,1723,1132,3442,13520,74.708118989,train
ca_191,161474,108554,2696,24390,9379,15011,44837,20138,24699,5723,3486,2237,2475,1384,1091,16324,9631,6693,12109,9379,43541,67.2269219812,train
or_70,58045,44172,220,6305,2774,3531,23066,11267,11799,5197,2280,2917,798,485,313,5274,2676,2598,3312,2691,11182,76.0995779137,train
nv_49,713577,547535,4595,83939,32257,51682,311946,114767,197179,10226,2724,7502,17062,8442,8620,72444,43295,29149,47323,33660,132382,76.7310325305,train
ny_157,41579,29404,654,6220,1431,4789,16178,4526,11652,815,125,690,1222,266,956,2978,1216,1762,1337,1442,10733,70.7183914957,train
in_131,54479,35997,921,10010,3023,6987,10598,3735,6863,2986,1067,1919,3388,1073,2315,4109,2490,1619,3985,2696,15786,66.0750013767,train
tx_384,33283,28039,248,5807,2751,3056,13545,5225,8320,2675,1437,1238,341,181,160,3420,1651,1769,2003,834,4410,84.2442087552,train
ca_378,73093,62743,380,16559,6606,9953,33615,12334,21281,2707,1495,1212,592,166,426,6604,3423,3181,2286,928,9422,85.8399573147,train
ri_24,205884,155702,1327,14171,5257,8914,87387,27224,60163,26458,9233,17225,800,350,450,18172,7783,10389,7387,6665,43517,75.6260807056,train
ma_39,43140,34674,171,3650,1188,2462,25692,12329,13363,907,475,432,350,277,73,2053,1250,803,1851,2843,5623,80.3755215577,train
ky_30,279371,177247,4007,64794,19603,45191,51860,19844,32016,8049,2359,5690,10413,2978,7435,21180,9473,11707,16944,10738,91386,63.4450247162,train
ak_19,45404,36418,145,5108,2546,2562,21409,11052,10357,293,79,214,982,476,506,6360,4627,1733,2121,691,8295,80.2087921769,train
va_95,43986,30307,814,9104,3554,5550,8828,3556,5272,527,390,137,4005,1827,2178,2410,1259,1151,4619,2625,11054,68.9014686491,train
il_23,109032,93379,682,21840,11529,10311,48109,27475,20634,4523,1882,2641,4067,1376,2691,8462,4892,3570,5696,2482,13171,85.6436642454,train
oh_83,287029,217210,4154,39263,11935,27328,116832,44493,72339,5849,1962,3887,10895,3316,7579,24413,11243,13170,15804,12235,57584,75.6752801982,train
va_58,88110,59676,1161,4847,1792,3055,26836,9882,16954,13380,5810,7570,734,215,519,5294,2742,2552,7424,5768,22666,67.7289751447,train
pr_51,37391,17594,261,4166,1302,2864,9427,4289,5138,144,0,144,551,107,444,1436,933,503,1609,682,19115,47.0541039288,train
wa_47,32560,22309,313,5054,2085,2969,11260,4053,7207,390,67,323,766,123,643,1649,534,1115,2877,1920,8331,68.5165847666,train
wa_43,86332,66281,1098,11278,4129,7149,40999,17023,23976,1038,627,411,761,110,651,5447,2809,2638,5660,3074,16977,76.7745447806,train
il_102,29613,25293,42,5158,2418,2740,16088,9146,6942,529,282,247,502,270,232,2239,1217,1022,735,607,3713,85.4118123797,train
az_75,38190,34714,177,4907,2652,2255,22643,13725,8918,1142,768,374,606,291,315,2810,1659,1151,2429,941,2535,90.8981408746,train
wa_89,37706,32097,318,4283,1691,2592,20184,11701,8483,1619,832,787,753,252,501,3886,2496,1390,1054,1149,4460,85.1243833873,train
fl_330,214500,142303,2667,24396,4845,19551,74434,28522,45912,11016,5077,5939,3779,1149,2630,17000,8102,8898,9011,19700,52497,66.3417249417,train
ga_38,22980,17488,451,5931,955,4976,7700,1093,6607,14,0,14,313,41,272,1752,854,898,1327,1250,4242,76.1009573542,train
tx_258,39166,28695,298,9550,1900,7650,8133,1911,6222,3917,993,2924,1337,75,1262,3051,1370,1681,2409,2090,8381,73.2650768524,train
ma_55,55448,37565,373,6243,2598,3645,22158,11104,11054,512,329,183,232,130,102,3547,2135,1412,4500,909,16974,67.7481604386,train
la_54,64782,36847,1097,10866,4429,6437,9380,4613,4767,540,222,318,4862,1309,3553,3990,1901,2089,6112,3953,23982,56.8784538915,train
az_134,20972,15893,89,2239,333,1906,8278,1979,6299,260,119,141,1111,332,779,2950,969,1981,966,1043,4036,75.781995041,train
va_100,67955,37575,3513,13552,4311,9241,4989,1559,3430,727,288,439,5179,1443,3736,3224,1617,1607,6391,3565,26815,55.2939445221,train
ga_98,58637,50794,82,11726,6125,5601,25913,13069,12844,3499,1741,1758,1002,328,674,6498,4577,1921,2074,1903,5940,86.6244862459,train
or_48,47120,34199,619,10298,3509,6789,8199,3394,4805,2071,1055,1016,3748,1137,2611,3937,1520,2417,5327,2880,10041,72.5785229202,train
ny_226,45181,34575,89,4123,1924,2199,22594,9756,12838,1472,794,678,301,301,0,3316,1867,1449,2680,1737,8869,76.5255306434,train
ga_148,62640,47847,670,15271,5638,9633,19863,8315,11548,3689,2292,1397,984,385,599,4554,2145,2409,2816,3045,11748,76.3840996169,train
md_54,45044,37159,383,4882,1745,3137,26142,10896,15246,687,217,470,289,223,66,2939,1924,1015,1837,1387,6498,82.4948938815,train
ny_232,76952,68279,784,9046,3092,5954,37777,20278,17499,11153,7600,3553,303,117,186,6770,3518,3252,2446,1932,6741,88.729337769,train
ca_277,239071,180741,2964,52846,18011,34835,62454,26697,35757,6685,3748,2937,8538,2292,6246,27338,12931,14407,19916,9292,49038,75.6013903819,train
or_41,253021,205147,1998,35961,17784,18177,125547,71671,53876,3587,2460,1127,3235,1772,1463,19858,12997,6861,14961,10526,37348,81.0790408701,train
il_185,49185,37371,407,9724,4214,5510,19359,7815,11544,920,480,440,642,114,528,3509,2035,1474,2810,1670,10144,75.9804818542,train
ut_48,30033,23778,392,6767,3502,3265,10052,5026,5026,597,174,423,1110,634,476,3257,1764,1493,1603,3953,2302,79.1729097992,train
fl_185,70384,51839,379,9022,2393,6629,32590,8805,23785,2471,1147,1324,751,150,601,3527,1525,2002,3099,2494,16051,73.6516822005,train
ca_418,44549,29393,447,9800,2695,7105,10555,2202,8353,638,116,522,1164,376,788,2641,1779,862,4148,1671,13485,65.9790343218,train
nd_29,35215,26599,123,1902,576,1326,15260,6658,8602,1365,366,999,362,76,286,6289,2381,3908,1298,2091,6525,75.5331534857,train
ny_38,63981,50070,639,5759,1722,4037,34764,16100,18664,1200,426,774,696,360,336,2442,1167,1275,4570,3316,10595,78.2576077273,train
mi_114,51292,41441,351,7764,3099,4665,23926,9735,14191,1175,382,793,1445,390,1055,4139,1904,2235,2641,2237,7614,80.7942759105,train
mo_117,41947,29915,379,6581,2374,4207,13954,6645,7309,2886,1853,1033,848,540,308,2664,1601,1063,2603,1183,10849,71.3161847093,train
ca_275,179503,101210,2097,30611,11335,19276,36205,15140,21065,1700,816,884,3868,1751,2117,12608,5721,6887,14121,7815,70478,56.3834587723,train
tx_387,51901,28991,533,7102,2076,5026,12847,4556,8291,610,117,493,1497,608,889,3279,1649,1630,3123,2008,20902,55.8582686268,train
sd_10,28246,21523,727,4058,1635,2423,7007,2219,4788,2371,523,1848,2352,739,1613,2573,1302,1271,2435,1489,5234,76.1983997734,train
tx_356,46433,34540,160,6250,1455,4795,21390,7781,13609,1389,772,617,716,360,356,2695,1465,1230,1940,1896,9997,74.3867508022,train
wi_90,47295,35933,713,6780,2699,4081,19360,8188,11172,1251,511,740,1932,625,1307,2573,1358,1215,3324,1756,9606,75.9763188498,train
ny_127,51414,38380,782,4691,1215,3476,23232,7051,16181,357,142,215,2839,861,1978,2444,1011,1433,4035,1610,11424,74.6489283075,train
tx_227,52978,41010,812,14364,6494,7870,6478,2376,4102,3985,1699,2286,6584,2161,4423,3914,2525,1389,4873,2419,9549,77.409490732,train
ca_395,56817,35979,314,11035,4563,6472,13414,3789,9625,665,322,343,1421,512,909,6602,4074,2528,2528,3627,17211,63.3243571466,train
ny_212,33988,28186,182,373,83,290,18156,4478,13678,6000,1838,4162,14,14,0,3141,1556,1585,320,1289,4513,82.9292691538,train
mn_91,51933,39637,800,10276,3609,6667,21242,10509,10733,416,277,139,1115,736,379,3196,1823,1373,2592,2166,10130,76.3233396877,train
ca_163,64997,54117,581,14240,5975,8265,19848,11023,8825,2123,1316,807,1733,672,1061,11801,8630,3171,3791,2268,8612,83.2607658815,train
mn_88,67463,54584,366,9700,4500,5200,30099,14895,15204,2518,1257,1261,821,384,437,4086,2802,1284,6994,2817,10062,80.9095355973,train
mo_96,53469,45257,422,13861,5611,8250,18529,8993,9536,3950,1813,2137,1028,592,436,5177,3098,2079,2290,1342,6870,84.6415680114,train
co_70,38434,34650,463,9629,3676,5953,18992,6345,12647,583,323,260,650,308,342,3421,1790,1631,912,1185,2599,90.1545506583,train
pr_16,29928,13502,274,3411,1165,2246,6672,3290,3382,144,0,144,403,83,320,1034,531,503,1564,457,15969,45.1149425287,train
tx_77,35021,25108,0,3814,1815,1999,16135,8426,7709,151,95,56,320,167,153,2747,1643,1104,1941,7128,2785,71.6941263813,train
ca_278,249899,197930,3359,49025,18434,30591,103260,46023,57237,2606,1492,1114,7017,2014,5003,21309,9868,11441,11354,8486,43483,79.2039984154,train
tx_307,35545,20747,326,4921,1988,2933,6868,3380,3488,485,137,348,98,0,98,3217,2060,1157,4832,1647,13151,58.3682655788,train
ne_14,117048,93907,1090,19760,6287,13473,56414,18850,37564,946,143,803,1615,450,1165,8112,3908,4204,5970,4087,19054,80.2294785045,train
or_57,71637,49817,1816,11912,3564,8348,20080,4641,15439,387,142,245,4684,724,3960,7613,2745,4868,3325,3399,18421,69.540879713,train
tx_188,255663,210368,1595,34854,14812,20042,107719,45729,61990,8767,3799,4968,8924,5182,3742,27969,17669,10300,20540,10018,35277,82.2833182744,train
fl_76,154556,89728,1448,21978,5512,16466,44532,16876,27656,5286,3126,2160,1643,565,1078,10537,4943,5594,4304,7942,56886,58.0553326949,train
fl_27,485230,372951,2550,19632,5393,14239,174746,49216,125530,102180,38043,64137,3558,1704,1854,56338,27905,28433,13947,21074,91205,76.860664015,train
ny_196,36714,31771,0,956,273,683,19634,4898,14736,6066,2310,3756,119,0,119,4435,2174,2261,561,525,4418,86.5364711009,train
ut_11,46958,32581,611,16644,5077,11567,4632,1255,3377,632,265,367,2508,437,2071,4562,2382,2180,2992,2765,11612,69.3832786746,train
ca_549,47097,38251,678,13312,6858,6454,15432,8931,6501,588,363,225,1019,486,533,4364,2255,2109,2858,2289,6557,81.2174873134,train
sc_20,51056,32812,385,7892,1990,5902,18155,4388,13767,207,0,207,1086,338,748,3484,1314,2170,1603,1644,16600,64.2666875588,train
tx_418,52396,29212,135,7125,2879,4246,13370,5350,8020,273,212,61,369,137,232,3142,975,2167,4798,1364,21820,55.7523475074,train
oh_131,48584,33375,1165,6039,1038,5001,16555,4279,12276,1026,221,805,1686,222,1464,2997,1613,1384,3907,3567,11642,68.6954552939,train
in_145,120203,71705,1084,17249,4422,12827,32352,10190,22162,5443,1176,4267,1651,243,1408,6789,2540,4249,7137,5777,42721,59.6532532466,train
mi_148,63376,55547,217,6382,3056,3326,40114,18424,21690,1228,338,890,613,354,259,4647,1991,2656,2346,2005,5824,87.6467432467,train
pr_34,46143,15696,191,2919,1426,1493,9150,4244,4906,310,54,256,328,246,82,399,157,242,2399,865,29582,34.0159937585,train
ny_13,123251,96144,1475,9863,2348,7515,67130,22690,44440,7640,2703,4937,696,155,541,7494,3198,4296,1846,5662,21445,78.0066693171,train
mt_36,42862,32844,405,8431,1847,6584,16743,3873,12870,447,209,238,1315,577,738,2846,1115,1731,2657,2076,7942,76.6273155709,train
ny_69,28619,24013,151,423,230,193,12911,5116,7795,5821,2760,3061,60,0,60,4232,2097,2135,415,1135,3471,83.9057968482,train
az_125,213366,124092,962,21543,7576,13967,75961,27640,48321,1153,549,604,2200,647,1553,9867,5174,4693,12406,10765,78509,58.1592193695,train
wi_49,231386,143848,1469,29031,11311,17720,80797,38049,42748,5263,3017,2246,1902,562,1340,12964,5787,7177,12422,15409,72129,62.167979048,train
ny_261,53528,41033,533,4115,1264,2851,25220,5538,19682,5138,1581,3557,559,0,559,3831,1772,2059,1637,1137,11358,76.6570766702,train
ca_445,64044,56601,1078,11537,4518,7019,30314,9287,21027,3314,1356,1958,961,321,640,6977,3009,3968,2420,1668,5775,88.3783024171,train
ma_115,44104,37144,379,3110,1843,1267,25838,10981,14857,2945,1452,1493,470,0,470,3116,1395,1721,1286,746,6214,84.2191184473,train
ca_563,45616,33862,408,10038,4671,5367,13862,5893,7969,2199,884,1315,570,329,241,2262,1074,1188,4523,2470,9284,74.2327253595,train
pr_38,31052,19786,358,2644,1186,1458,7456,3887,3569,91,91,0,408,32,376,2289,1740,549,6540,1169,10097,63.7189230967,train
pa_127,68881,47454,1030,16031,4549,11482,21321,8633,12688,243,95,148,946,315,631,4143,1882,2261,3740,2605,18822,68.8927280382,train
ca_188,20950,14501,0,4191,1226,2965,6654,3626,3028,421,165,256,502,148,354,1668,835,833,1065,1587,4862,69.2171837709,train
wa_156,90849,70604,1142,11553,4194,7359,44265,18807,25458,944,533,411,765,110,655,5992,2795,3197,5943,3045,17200,77.7157701241,train
ut_46,39434,30076,562,5887,1615,4272,14672,4990,9682,1715,974,741,1181,267,914,3019,1509,1510,3040,2521,6837,76.2692093118,train
ga_182,69812,46357,207,10434,3664,6770,27674,12600,15074,460,384,76,303,119,184,5025,1529,3496,2254,4928,18527,66.4026241907,train
nc_208,27557,14865,183,5394,1366,4028,5441,1194,4247,1019,286,733,332,83,249,1897,445,1452,599,1960,10732,53.9427368727,train
ny_192,33790,29703,84,774,315,459,16178,7118,9060,7810,3195,4615,49,0,49,3740,1986,1754,1068,995,3092,87.9047055342,train
wa_142,57855,46039,445,7061,2467,4594,29732,13610,16122,1032,616,416,1196,729,467,3653,2532,1121,2920,3838,7978,79.5765275257,train
ca_165,23076,15798,109,6443,3220,3223,4208,2031,2177,448,89,359,740,286,454,1347,375,972,2503,616,6662,68.4607384295,train
wa_20,26815,18781,256,4512,1663,2849,9788,4033,5755,43,0,43,956,541,415,1619,877,742,1607,1043,6991,70.0391571881,train
tx_369,33673,15531,314,3370,994,2376,7753,2320,5433,142,142,0,266,222,44,1413,684,729,2273,1696,16446,46.1230065631,train
ct_47,39856,24584,178,6382,1259,5123,11315,2559,8756,1140,335,805,253,38,215,3116,1284,1832,2200,1851,13421,61.6820553994,train
ga_184,48447,38922,140,12668,4134,8534,16114,6789,9325,962,605,357,1039,743,296,4739,2972,1767,3260,1828,7697,80.3393398972,train
ok_17,26529,16251,349,3688,1904,1784,4516,2286,2230,166,134,32,1460,469,991,1403,549,854,4669,1480,8798,61.2574918014,train
ne_25,45357,30179,628,6428,2131,4297,10384,2702,7682,1228,346,882,3900,1041,2859,5014,2047,2967,2597,2593,12585,66.5365875168,train
sc_63,66480,49633,634,8118,2558,5560,20280,8354,11926,2702,658,2044,1456,622,834,14031,3907,10124,2412,2709,14138,74.658543923,train
in_146,25747,21850,248,6463,2198,4265,11465,5256,6209,1650,862,788,242,0,242,1072,633,439,710,450,3447,84.8642560298,train
wa_82,35778,25726,981,5315,1985,3330,11196,5049,6147,789,483,306,2456,698,1758,2390,1048,1342,2599,2453,7599,71.9045223322,train
or_85,32502,24532,106,4347,969,3378,14465,4181,10284,152,46,106,2059,527,1532,2781,964,1817,622,870,7100,75.4784320965,train
ne_16,171549,125564,1018,9695,2736,6959,89511,32476,57035,3753,1294,2459,2350,164,2186,11671,6400,5271,7566,6629,39356,73.1942477077,train
la_41,59686,43395,402,5891,2969,2922,25034,9868,15166,2562,1150,1412,668,257,411,6304,3297,3007,2534,2805,13486,72.7054920752,train
ms_50,75258,53510,441,9553,3953,5600,25838,9240,16598,1990,805,1185,1709,886,823,4328,2559,1769,9651,2667,19081,71.1020755269,train
pr_22,64547,36066,474,8584,2854,5730,10779,5483,5296,588,389,199,1558,941,617,4793,3722,1071,9290,1715,26766,55.8755635428,train
md_86,44758,34662,498,2822,1126,1696,13351,4553,8798,8831,2884,5947,549,41,508,6092,2052,4040,2519,998,9098,77.4431386568,train
va_136,65595,56207,403,7555,3701,3854,37308,20286,17022,1057,271,786,534,448,86,5772,3426,2346,3578,2048,7340,85.6879335315,train
sc_82,65301,52037,387,11647,2434,9213,28510,9809,18701,974,365,609,1364,676,688,6792,3633,3159,2363,3314,9950,79.6879067702,train
ny_268,36774,29587,208,2111,490,1621,14160,4490,9670,5258,1812,3446,400,31,369,6051,3080,2971,1399,767,6420,80.4563006472,train
nh_24,33630,28803,76,1926,823,1103,21282,9982,11300,1311,764,547,478,436,42,1713,1262,451,2017,558,4269,85.6467439786,train
ny_255,44986,26279,136,3161,469,2692,15696,3564,12132,3474,1048,2426,124,0,124,2638,1868,770,1050,1307,17400,58.4159516294,train
fl_252,38727,31800,440,8342,3540,4802,17104,7631,9473,1582,1148,434,243,76,167,2604,1570,1034,1485,1103,5824,82.1132543187,train
ca_276,235463,168294,3098,43878,17810,26068,63102,27693,35409,8375,4536,3839,5754,2783,2971,21759,12708,9051,22328,13495,53674,71.4736497879,train
tx_16,620467,446078,3743,88335,27407,60928,208362,80249,128113,26830,13071,13759,11835,5592,6243,56220,30806,25414,50753,29646,144743,71.8939121662,train
ky_48,61503,44938,804,13038,4541,8497,15490,6913,8577,181,105,76,1268,806,462,11445,5397,6048,2712,2144,14421,73.0663544868,train
mn_46,110770,84660,1242,18856,7690,11166,47545,24515,23030,1074,567,507,1191,493,698,7408,3924,3484,7344,5458,20652,76.4286359123,train
ky_35,292785,212102,2125,49784,20395,29389,100201,49565,50636,2265,676,1589,8118,2819,5299,28193,16058,12135,21416,14737,65946,72.4429188654,train
tx_178,302882,251079,2133,49803,16467,33336,122941,56746,66195,18124,9205,8919,10426,4476,5950,25546,14652,10894,22106,10437,41366,82.8966396154,train
tx_132,43673,35657,178,3190,1214,1976,10938,5006,5932,14383,5649,8734,598,407,191,4100,1844,2256,2270,2476,5540,81.6454102077,train
az_109,26117,10447,286,2247,458,1789,5606,1427,4179,85,39,46,140,105,35,1036,339,697,1047,2560,13110,40.0007657847,train
ca_40,258791,223741,2096,52961,25190,27771,125904,65444,60460,6943,3589,3354,2245,893,1352,24966,14492,10474,8626,5422,29628,86.4562523426,train
or_61,34831,24931,268,3049,711,2338,14409,4680,9729,715,79,636,1262,303,959,2645,1319,1326,2583,2202,7698,71.5770434383,train
oh_94,286445,224943,2978,41916,15290,26626,134592,55350,79242,5977,3150,2827,2890,1445,1445,25541,11918,13623,11049,6149,55353,78.5292115415,train
fl_236,30616,22062,119,7190,903,6287,10154,1667,8487,771,62,709,550,111,439,2548,1080,1468,730,707,7847,72.0603605958,train
mn_81,64321,50169,746,11688,4826,6862,27992,13855,14137,773,379,394,488,280,208,4665,2398,2267,3817,3739,10413,77.997854511,train
nm_48,41677,30104,484,9250,5524,3726,13994,5930,8064,439,325,114,1498,1100,398,2845,1774,1071,1594,2360,9213,72.2316865417,train
tx_376,35622,29176,73,4977,2145,2832,14644,5464,9180,2045,982,1063,413,413,0,3784,2418,1366,3240,1782,4664,81.9044410757,train
tn_37,28172,20747,129,3179,1068,2111,12287,5559,6728,784,716,68,183,0,183,2587,1048,1539,1598,928,6497,73.6440437314,train
fl_299,98247,75142,367,16200,7318,8882,44305,22370,21935,845,332,513,1716,816,900,6854,2854,4000,4855,6600,16505,76.4827424756,train
tx_131,476733,322168,2303,78021,33562,44459,109489,49119,60370,32477,13266,19211,5695,2966,2729,56807,29345,27462,37376,18925,135640,67.5782880564,train
nj_138,60377,52709,98,4080,1317,2763,30760,14092,16668,9761,5793,3968,259,136,123,6501,4234,2267,1250,1186,6482,87.2997995926,train
nc_167,40698,18605,612,3878,1012,2866,8957,1966,6991,68,24,44,982,241,741,1970,903,1067,2138,2895,19198,45.7147771389,train
va_123,44159,32243,188,3300,1219,2081,14902,4891,10011,5380,1334,4046,302,125,177,7003,1867,5136,1168,1898,10018,73.0156932902,train
me_25,61621,42083,1377,15909,2925,12984,14901,3303,11598,438,127,311,1915,474,1441,4154,1226,2928,3389,3392,16146,68.2932766427,train
de_10,77851,56541,1206,6764,1806,4958,33131,10711,22420,3685,1343,2342,1686,739,947,7371,2937,4434,2698,3250,18060,72.6271981092,train
fl_26,40368,25446,1030,10454,3043,7411,6944,1553,5391,124,28,96,936,498,438,3613,1367,2246,2345,1389,13533,63.0350772889,train
wa_67,317520,272142,1851,40650,21207,19443,173423,95420,78003,8478,4282,4196,4305,2283,2022,26433,18896,7537,17002,12916,32462,85.70861678,train
vt_10,168834,125194,2898,47981,10341,37640,48657,13104,35553,1988,403,1585,5628,929,4699,12010,4487,7523,6032,7206,36434,74.1521257567,train
ny_170,41853,28160,739,4620,756,3864,12884,3562,9322,363,142,221,2856,715,2141,4556,2447,2109,2142,1959,11734,67.2831099324,train
tx_329,42753,36204,56,9016,2544,6472,14847,5832,9015,2567,1060,1507,369,171,198,8291,2949,5342,1058,2291,4258,84.6817767174,train
ma_26,32721,25418,77,1847,1298,549,10810,5922,4888,7459,4938,2521,448,180,268,1921,812,1109,2856,1162,6141,77.6809999694,train
az_12,115970,68705,1593,15285,4160,11125,21717,7910,13807,539,408,131,5701,1855,3846,11266,4141,7125,12604,4837,42428,59.2437699405,train
mo_93,50185,43211,176,13616,4833,8783,19475,9371,10104,3801,1783,2018,495,157,338,4006,1919,2087,1642,2448,4526,86.1034173558,train
ri_14,25592,18617,162,1807,534,1273,9017,2758,6259,3669,1251,2418,191,37,154,2634,812,1822,1137,875,6100,72.7453891841,train
tx_221,45225,37549,196,3541,1664,1877,12125,7261,4864,11903,6502,5401,428,147,281,7997,5855,2142,1359,1150,6526,83.0270867883,train
ok_18,290073,207942,2397,33848,14056,19792,118792,51535,67257,5625,2973,2652,3528,1273,2255,21403,13065,8338,22349,19921,62210,71.6860928111,train
ca_355,33773,22088,165,3506,1047,2459,11287,2527,8760,2086,766,1320,508,47,461,3646,1626,2020,890,633,11052,65.4013561129,train
wi_24,70571,54969,879,11213,2852,8361,30361,10001,20360,1339,819,520,2262,589,1673,5894,2454,3440,3021,2350,13252,77.8917685735,train
ct_22,48169,39403,0,2346,635,1711,31706,18856,12850,799,408,391,550,364,186,3122,2409,713,880,710,8056,81.8015736262,train
ca_236,354651,291750,2622,81202,38083,43119,153424,88627,64797,7823,5344,2479,4603,2276,2327,28646,17561,11085,13430,9906,52995,82.2639721867,train
md_39,25478,23267,115,2316,1175,1141,7329,4058,3271,10163,6191,3972,248,104,144,2223,1571,652,873,440,1771,91.3219247979,train
tx_342,36451,26242,526,4399,2072,2327,7410,3034,4376,712,262,450,1470,826,644,8832,6246,2586,2893,2761,7448,71.9925379276,train
la_46,302127,177531,1787,36150,13908,22242,85988,35463,50525,4044,1393,2651,4071,2183,1888,29688,10055,19633,15803,15794,108802,58.7603888431,train
ar_63,35311,21925,405,3321,999,2322,13035,4444,8591,232,28,204,400,0,400,3327,1491,1836,1205,2019,11367,62.0911330747,train
pa_155,58211,35145,445,6192,2286,3906,16948,6259,10689,2628,1059,1569,437,117,320,4821,3025,1796,3674,2903,20163,60.3751868204,train
wa_30,78330,62034,1178,8582,3198,5384,34365,14324,20041,2023,1248,775,2734,560,2174,8239,4365,3874,4913,3883,12413,79.1957104558,train
ar_41,81198,60265,432,14029,3134,10895,33002,9320,23682,2194,752,1442,2108,749,1359,5077,2081,2996,3423,3801,17132,74.2198083697,train
mo_54,140536,85850,547,25200,9113,16087,32401,12504,19897,8414,2701,5713,1539,567,972,9940,4213,5727,7809,9871,44815,61.0875505209,train
ga_169,42147,35070,348,6480,1888,4592,21820,8750,13070,290,210,80,392,79,313,3977,1424,2553,1763,1630,5447,83.2087693074,train
nj_85,34173,30919,46,1933,488,1445,19545,8684,10861,5526,3070,2456,98,47,51,3176,2199,977,595,574,2680,90.4778626401,train
nj_127,46625,40707,319,3406,1043,2363,26293,9831,16462,6039,2493,3546,602,171,431,3526,1934,1592,522,797,5121,87.3072386059,train
ks_23,75038,65928,117,6877,3085,3792,46609,27573,19036,2503,1791,712,794,514,280,5350,2476,2874,3678,1339,7771,87.8594845278,train
wi_68,286968,215804,4451,51003,15609,35394,99895,35715,64180,4952,2310,2642,10485,3548,6937,20625,9905,10720,24393,9666,61498,75.2014161858,train
tx_98,48717,41238,138,8818,2860,5958,17908,6318,11590,5612,1568,4044,713,438,275,5471,2081,3390,2578,920,6559,84.6480694624,train
az_13,17948,6480,36,2302,908,1394,430,239,191,42,12,30,651,125,526,2508,1024,1484,511,495,10973,36.1043013149,train
fl_195,69654,57097,810,2691,940,1751,24296,6714,17582,16242,5849,10393,713,213,500,11373,4553,6820,972,2148,10409,81.9723203262,train
ny_44,41241,28954,588,4059,804,3255,14897,5065,9832,312,112,200,1877,493,1384,5144,2765,2379,2077,1897,10390,70.206833006,train
pa_116,62227,52598,373,10137,4229,5908,28053,12691,15362,6626,3446,3180,449,212,237,4398,2559,1839,2562,1452,8177,84.52600961,train
fl_239,35625,26385,155,6440,2031,4409,10320,3387,6933,1740,1094,646,670,154,516,5504,2030,3474,1556,2133,7107,74.0631578947,train
sc_97,49524,38790,229,5477,2226,3251,15091,6501,8590,2945,173,2772,417,201,216,13588,3146,10442,1043,2048,8686,78.3256602859,train
ny_227,55482,36936,360,4740,2034,2706,23807,9053,14754,2221,1387,834,75,75,0,3825,1684,2141,1908,2160,16386,66.572942576,train
nc_140,41936,31304,315,6187,1387,4800,15841,5179,10662,959,550,409,914,596,318,3155,1757,1398,3933,1237,9395,74.6470812667,train
nd_16,26680,21759,360,6592,3778,2814,7119,3339,3780,2246,1464,782,196,99,97,3085,2230,855,2161,1485,3436,81.5554722639,train
ca_483,42790,24581,324,6084,1568,4516,9767,1699,8068,3309,423,2886,300,222,78,2982,1224,1758,1815,4178,14031,57.445664875,train
il_211,45604,23574,259,4866,2215,2651,10298,3412,6886,617,491,126,423,45,378,2994,1638,1356,4117,4022,18008,51.6928339619,train
me_12,43736,31855,549,4678,1433,3245,20025,8230,11795,513,196,317,255,23,232,3053,1439,1614,2782,1638,10243,72.8347356868,train
tn_62,71914,54410,801,10445,3082,7363,23600,9589,14011,7986,3880,4106,2506,1141,1365,4084,1754,2330,4988,2715,14789,75.6598158912,train
ri_13,29837,22280,127,772,238,534,11506,4303,7203,6514,3899,2615,76,76,0,2836,1267,1569,449,565,6992,74.672386634,train
il_257,34834,30956,318,5714,3325,2389,18960,11292,7668,734,428,306,338,255,83,3408,2740,668,1484,599,3279,88.8671987139,train
ky_74,33948,26891,319,6606,2223,4383,11264,4797,6467,0,0,0,948,542,406,5631,3079,2552,2123,713,6344,79.2123247319,train
ne_21,171549,125564,1018,9695,2736,6959,89511,32476,57035,3753,1294,2459,2350,164,2186,11671,6400,5271,7566,6629,39356,73.1942477077,train
tx_228,53393,40496,821,11618,3418,8200,6560,1971,4589,3110,998,2112,6434,1205,5229,3782,1581,2201,8171,2743,10154,75.8451482404,train
mn_39,36010,26390,288,5952,1629,4323,15097,5346,9751,357,223,134,669,334,335,1578,934,644,2449,1698,7922,73.285198556,train
il_47,36300,29156,416,7001,2186,4815,16814,7765,9049,382,130,252,369,248,121,2919,1621,1298,1255,425,6719,80.3195592287,train
tx_291,52790,34815,1896,13236,5403,7833,11689,4244,7445,307,0,307,2367,632,1735,3270,1027,2243,2050,2156,15819,65.9499905285,train
pr_26,24594,11087,126,2798,994,1804,5211,2214,2997,144,0,144,403,83,320,1034,531,503,1371,457,13050,45.0801008376,train
il_247,25778,18530,165,4466,1635,2831,6649,2274,4375,473,256,217,733,258,475,5411,2231,3180,633,720,6528,71.8830010086,train
il_243,32958,26081,416,6296,1756,4540,15065,6945,8120,326,81,245,328,248,80,2454,1390,1064,1196,362,6515,79.1340493962,train
tx_75,28363,19384,25,3615,2019,1596,11589,5839,5750,21,21,0,700,575,125,1155,490,665,2279,1810,7169,68.3425589677,train
il_196,68429,53820,1227,11916,5058,6858,29133,13034,16099,2544,799,1745,572,74,498,5678,3254,2424,2750,1562,13047,78.6508643996,train
in_59,101860,72589,684,6486,1717,4769,31557,11554,20003,20223,9357,10866,557,133,424,8315,2989,5326,4767,6655,22616,71.2634989201,train
ca_269,240034,203840,977,41131,19637,21494,113191,60383,52808,8413,4439,3974,2944,1145,1799,23728,12902,10826,13456,6515,29679,84.9213028154,train
ca_538,39485,35552,562,11749,3625,8124,16095,5172,10923,1199,306,893,749,215,534,3407,2120,1287,1791,504,3429,90.0392554134,train
az_91,46323,35321,540,6466,1860,4606,19541,5839,13702,585,241,344,1294,541,753,3517,2276,1241,3378,2662,8340,76.249379358,train
wv_36,40095,26545,470,7097,2097,5000,13982,6357,7625,450,182,268,284,190,94,1973,733,1240,2289,1917,11633,66.2052625016,train
mi_188,28532,22395,293,2624,1278,1346,15449,5433,10016,938,556,382,366,207,159,1251,598,653,1474,763,5374,78.4908173279,train
wa_119,46063,36732,348,3112,1367,1745,22526,12925,9601,3618,2061,1557,964,572,392,4388,2225,2163,1776,2144,7187,79.7429607277,train
ga_122,65486,44443,900,18252,5868,12384,13265,5157,8108,656,152,504,2412,989,1423,6282,3251,3031,2676,1762,19281,67.8664141954,train
ut_52,29388,25317,63,8288,4243,4045,7881,5150,2731,1541,862,679,3053,1937,1116,2036,1396,640,2455,810,3261,86.1474071049,train
ca_353,58449,49502,502,9422,3753,5669,29279,15745,13534,2326,1411,915,1086,562,524,4446,2129,2317,2441,1204,7743,84.6926380263,train
pa_23,56729,47362,861,10679,3452,7227,27184,10034,17150,718,304,414,2043,182,1861,3818,1724,2094,2059,923,8444,83.4881630207,train
ny_106,270250,198454,1559,19540,6270,13270,129543,41901,87642,13908,5396,8512,2575,999,1576,25561,12882,12679,5768,10509,61287,73.4334875116,train
tx_365,47707,29780,1186,5367,1933,3434,3449,1326,2123,589,216,373,6257,2813,3444,5659,3387,2272,7273,1692,16235,62.4227052634,train
tx_128,35021,25108,0,3814,1815,1999,16135,8426,7709,151,95,56,320,167,153,2747,1643,1104,1941,7128,2785,71.6941263813,train
mo_101,47453,29660,950,7881,1883,5998,6131,1870,4261,1240,166,1074,4090,1210,2880,3683,887,2796,5685,1416,16377,62.5039512781,train
pa_160,69436,56691,447,5342,2965,2377,37093,22157,14936,3897,2195,1702,918,505,413,6619,4580,2039,2375,3243,9502,81.6449680281,train
ks_47,43242,38619,630,4944,3183,1761,24433,11447,12986,1287,910,377,678,499,179,4092,2251,1841,2555,986,3637,89.3090051339,train
wv_16,37766,30687,233,6097,1136,4961,20181,8189,11992,206,101,105,1219,383,836,2348,1243,1105,403,1090,5989,81.2556267542,train
ma_61,41489,25509,101,2422,919,1503,18768,8513,10255,86,0,86,374,184,190,2242,1081,1161,1516,1533,14447,61.4837667816,train
oh_140,56795,39739,487,7680,3345,4335,22380,10679,11701,1645,1120,525,636,183,453,3568,1498,2070,3343,1825,15231,69.9691874285,train
tx_147,23344,17179,0,3689,1414,2275,6011,3423,2588,240,0,240,1162,219,943,2914,1789,1125,3163,956,5209,73.5906442769,train
fl_159,64763,49176,918,11342,5440,5902,24872,10963,13909,2431,1437,994,847,191,656,6437,2415,4022,2329,2899,12688,75.9322452635,train
ny_220,42986,26921,155,1948,635,1313,19007,6693,12314,1245,594,651,228,144,84,3606,1384,2222,732,3373,12692,62.6273670497,train
mo_51,193340,135713,1067,26791,10431,16360,70958,28201,42757,6818,3510,3308,5586,1133,4453,14924,7595,7329,9569,10517,47110,70.193958829,train
nc_17,65725,52734,542,16588,7244,9344,27180,12135,15045,614,275,339,679,83,596,4994,2918,2076,2137,2553,10438,80.2343096234,train
ma_130,24206,16089,103,1580,118,1462,4865,2003,2862,1945,449,1496,181,72,109,1244,803,441,6171,327,7790,66.466991655,train
or_36,30413,24864,225,3835,2164,1671,14228,7719,6509,779,0,779,665,327,338,1989,1332,657,3143,1025,4524,81.7545128728,train
il_210,44859,32543,550,6779,2952,3827,15803,7202,8601,835,544,291,1548,854,694,2161,1382,779,4867,2966,9350,72.545085713,train
tx_492,63046,37478,554,8050,2092,5958,18342,4380,13962,1310,682,628,612,148,464,4764,2623,2141,3846,3932,21636,59.4454842496,train
tx_316,42000,28983,266,9266,2870,6396,10683,3567,7116,1255,572,683,512,28,484,3394,1145,2249,3607,2162,10855,69.0071428571,train
va_152,85484,62127,344,9897,3560,6337,37109,15540,21569,1249,811,438,654,475,179,4779,2328,2451,8095,4114,19243,72.6767582238,train
ok_43,37296,24432,319,7841,2977,4864,8530,3424,5106,272,168,104,745,146,599,4489,2553,1936,2236,4135,8729,65.5083655084,train
ne_29,45852,33168,614,9061,3175,5886,13790,4764,9026,1109,192,917,2533,755,1778,3070,1492,1578,2991,1965,10719,72.3370845328,train
co_79,46148,38014,347,10629,3935,6694,19728,8041,11687,321,208,113,630,294,336,3775,2170,1605,2584,2257,5877,82.3741007194,train
co_59,37830,31859,86,7477,3447,4030,13648,7590,6058,74,63,11,2605,675,1930,4029,2378,1651,3940,2038,3933,84.2162305049,train
ma_133,41489,25509,101,2422,919,1503,18768,8513,10255,86,0,86,374,184,190,2242,1081,1161,1516,1533,14447,61.4837667816,train
ca_497,37284,30965,252,2225,954,1271,20244,7237,13007,2034,1274,760,1173,311,862,3533,1796,1737,1504,1596,4723,83.0517111898,train
oh_92,284163,223910,3620,58181,17077,41104,107766,35330,72436,9003,3281,5722,3313,1309,2004,30956,13067,17889,11071,9682,50571,78.7963246447,train
wa_35,41413,30419,663,2968,1001,1967,17285,8528,8757,2647,1167,1480,318,42,276,3975,1997,1978,2563,2069,8925,73.4527805279,train
ca_520,56863,44732,367,9665,3108,6557,22828,8794,14034,1385,227,1158,872,468,404,5114,3136,1978,4501,1128,11003,78.6662680478,train
tx_176,251294,171308,3210,40647,13391,27256,63925,26730,37195,11061,5148,5913,10218,3390,6828,25259,12784,12475,16988,15906,64080,68.170350267,train
fl_86,41007,28925,434,7122,2038,5084,13168,6336,6832,1158,717,441,335,105,230,4138,1410,2728,2570,2396,9686,70.5367376302,train
tx_455,26761,11015,301,2972,238,2734,3402,380,3022,205,0,205,1593,0,1593,1349,200,1149,1193,821,14925,41.1606442211,train
ca_251,34112,26302,287,4778,1463,3315,12705,6457,6248,1523,555,968,511,176,335,3709,1987,1722,2789,2475,5335,77.1048311445,train
al_83,55264,28824,1081,8871,2414,6457,9008,2574,6434,285,111,174,2153,367,1786,2788,938,1850,4638,3081,23359,52.1569195136,train
ks_62,40737,26359,389,9310,2877,6433,6530,1954,4576,1047,384,663,3605,944,2661,3319,982,2337,2159,1897,12481,64.7053047598,train
tx_216,39822,34824,137,3824,1481,2343,9483,3496,5987,11150,5210,5940,485,197,288,8950,1381,7569,795,1169,3829,87.4491487118,train
sc_37,37024,23596,115,4017,1743,2274,16523,5149,11374,548,45,503,154,0,154,1588,878,710,651,1881,11547,63.731633535,train
il_153,63183,40607,1298,9456,2717,6739,16893,5028,11865,784,215,569,4861,1086,3775,3604,1305,2299,3711,2224,20352,64.2688697909,train
ca_244,314210,271467,2499,76944,27301,49643,132182,59208,72974,9704,5044,4660,3732,1530,2202,29497,17383,12114,16909,6382,36361,86.3966773814,train
co_92,47547,38249,532,9115,4259,4856,17460,7933,9527,699,254,445,1175,310,865,3218,1525,1693,6050,1292,8006,80.444612699,train
ky_65,61930,48230,354,7482,3100,4382,25283,11601,13682,4192,1601,2591,956,276,680,6555,3557,2998,3408,1939,11761,77.8782496367,train
fl_131,298181,221654,3169,43140,10499,32641,126224,35899,90325,6333,1949,4384,6721,2278,4443,26560,9514,17046,9507,12461,64066,74.3353868959,train
wa_120,44102,33640,446,3581,1185,2396,18147,8795,9352,3988,1802,2186,470,42,428,4706,2275,2431,2302,1733,8729,76.2777198313,train
ga_106,57062,41214,222,14414,2033,12381,18940,8050,10890,546,140,406,515,145,370,3317,1417,1900,3260,2232,13616,72.2267007816,train
ca_261,257540,207769,1826,53897,20396,33501,92991,46659,46332,16222,9754,6468,4432,1739,2693,26098,14547,11551,12303,12072,37699,80.6744583366,train
tx_217,42452,40560,432,7168,3766,3402,12677,5445,7232,14767,7284,7483,396,244,152,3604,2460,1144,1516,147,1745,95.5432017337,train
nj_53,27746,22887,78,1448,455,993,13974,7923,6051,2952,1526,1426,49,0,49,3968,2677,1291,418,668,4191,82.4875657752,train
ma_77,44568,35851,293,6142,1875,4267,23041,6693,16348,2103,858,1245,564,47,517,2399,1160,1239,1309,1064,7653,80.4411236762,train
nc_97,46007,28899,132,12660,3652,9008,9223,3241,5982,292,172,120,1606,513,1093,2627,1088,1539,2359,1682,15426,62.8143543374,train
ne_23,243694,188067,1384,17526,5437,12089,133746,49132,84614,5029,1760,3269,2809,381,2428,17308,9931,7377,10265,9400,46227,77.1734224068,train
wi_108,50053,42324,330,6490,2867,3623,26310,12401,13909,3411,1681,1730,672,490,182,2877,1004,1873,2234,965,6764,84.5583681298,train
ia_20,67314,49124,1062,11903,4062,7841,26832,10331,16501,827,118,709,979,330,649,3962,2090,1872,3559,2392,15798,72.9773895475,train
tx_185,212066,126279,2716,23229,8602,14627,53613,16685,36928,5582,3287,2295,8347,2812,5535,15850,7798,8052,16942,11813,73974,59.5470278121,train
ca_197,84808,78899,273,12394,5697,6697,52886,28014,24872,2385,955,1430,535,445,90,9238,6040,3198,1188,1965,3944,93.0324969343,train
ky_21,61930,48230,354,7482,3100,4382,25283,11601,13682,4192,1601,2591,956,276,680,6555,3557,2998,3408,1939,11761,77.8782496367,train
nc_142,43513,31927,242,3859,1403,2456,19064,7775,11289,2110,669,1441,964,243,721,3546,1810,1736,2142,2486,9100,73.3734745938,train
me_21,28026,20338,182,3035,969,2066,14605,5769,8836,218,73,145,123,50,73,1241,421,820,934,1776,5912,72.5683294084,train
oh_110,42983,26537,575,7053,1762,5291,10660,3438,7222,161,12,149,824,406,418,5764,2182,3582,1500,3805,12641,61.7383616779,train
ky_50,41717,29460,437,10540,4854,5686,12079,6686,5393,88,32,56,1348,164,1184,2512,1470,1042,2456,612,11645,70.6186926193,train
ma_51,251757,190835,999,27415,10463,16952,129418,49032,80386,3310,1431,1879,2457,1053,1404,15917,7721,8196,11319,10832,50090,75.8012686837,train
az_31,59438,47942,396,11256,1795,9461,27324,12303,15021,1205,725,480,1380,553,827,4599,2867,1732,1782,2076,9420,80.6588377805,train
or_38,29201,20916,103,3360,836,2524,13009,3572,9437,88,46,42,1473,207,1266,2180,801,1379,703,726,7559,71.6276839834,train
fl_83,54492,47132,457,9787,3581,6206,23734,9225,14509,2202,1182,1020,951,319,632,7653,3694,3959,2348,1212,6148,86.4934302283,train
tx_54,27818,24186,341,7101,2227,4874,8001,2996,5005,4025,1694,2331,1453,827,626,2408,1625,783,857,1380,2252,86.9437055144,train
ca_150,480730,411789,2851,56104,21774,34330,260854,119568,141286,14319,7540,6779,6722,2569,4153,48290,27804,20486,22649,11316,57625,85.6591017827,train
pa_53,130418,94551,923,15828,5080,10748,44491,16354,28137,17374,7725,9649,1834,588,1246,10021,6335,3686,4080,6323,29544,72.4984281311,train
az_69,41417,32571,372,4233,2268,1965,21908,9457,12451,647,440,207,858,332,526,2608,1613,995,1945,1239,7607,78.6416205906,train
nj_26,54765,45400,604,15307,7448,7859,23706,9558,14148,482,383,99,372,160,212,4156,2134,2022,773,1208,8157,82.899662193,train
wa_80,37889,26647,346,4488,1714,2774,12873,4551,8322,445,130,315,1609,479,1130,4473,2246,2227,2413,3079,8163,70.3291192694,train
wa_83,46659,33506,776,8867,2758,6109,8215,3704,4511,5100,1444,3656,3003,778,2225,2439,1187,1252,5106,3611,9542,71.8103688463,train
ny_230,92810,78409,338,9571,4049,5522,46722,21572,25150,7446,3599,3847,358,358,0,10814,6174,4640,3160,4700,9701,84.483353087,train
tx_275,36802,20945,716,5900,1635,4265,5149,1607,3542,560,135,425,1851,460,1391,3345,1785,1560,3424,4383,11474,56.9126677898,train
nc_181,31550,28333,45,5247,3019,2228,18437,11290,7147,1202,847,355,159,36,123,2428,1542,886,815,1005,2212,89.8034865293,train
va_75,290159,181528,6073,56998,16218,40780,69288,22734,46554,10207,3114,7093,11262,2080,9182,14779,5875,8904,12921,12631,96000,62.5615610751,train
md_36,25267,21979,34,1949,378,1571,8744,2435,6309,8329,2429,5900,91,91,0,2407,1231,1176,425,497,2791,86.9869790636,train
co_45,32954,25292,262,4715,1804,2911,14372,7306,7066,223,57,166,534,191,343,2017,1172,845,3169,2131,5531,76.7494082661,train
ok_31,232063,164144,2113,25524,11228,14296,92596,40371,52225,5791,3226,2565,2136,756,1380,17347,10758,6589,18637,18146,49773,70.7325166011,train
ga_110,53564,35142,858,15575,3508,12067,9527,2095,7432,784,265,519,1282,625,657,4613,2140,2473,2503,2166,16256,65.607497573,train
tx_15,102934,75102,851,13320,5046,8274,42984,15277,27707,1403,136,1267,3254,1152,2102,7452,3830,3622,5838,7375,20457,72.9613150174,train
oh_161,54372,38037,439,7398,2335,5063,21103,8690,12413,868,540,328,951,166,785,3749,2089,1660,3529,2890,13445,69.9569631428,train
la_69,46816,31482,381,6292,2280,4012,15123,4859,10264,1325,536,789,807,286,521,3272,1193,2079,4282,2039,13295,67.2462406015,train
il_20,37663,35306,28,6049,2671,3378,19251,6972,12279,1305,937,368,1527,71,1456,2896,1676,1220,4250,230,2127,93.7418686775,train
va_128,34781,32634,318,2539,1262,1277,12157,6057,6100,11926,7086,4840,280,202,78,4471,2552,1919,943,782,1365,93.8270895029,train
wi_85,70571,54969,879,11213,2852,8361,30361,10001,20360,1339,819,520,2262,589,1673,5894,2454,3440,3021,2350,13252,77.8917685735,train
ma_34,31800,23325,249,2770,904,1866,17078,6595,10483,0,0,0,250,40,210,2218,766,1452,760,1154,7321,73.3490566038,train
oh_191,212134,147959,1737,17933,6834,11099,89733,32022,57711,3757,1801,1956,1875,978,897,23227,8911,14316,9697,12558,51617,69.7478951983,train
oh_31,63267,51177,961,10748,3618,7130,29984,13395,16589,304,166,138,968,278,690,3024,1724,1300,5188,1606,10484,80.8905116411,train
il_46,49369,40186,1034,8072,3654,4418,23333,9997,13336,1987,474,1513,443,74,369,3584,1679,1905,1733,785,8398,81.3992586441,train
fl_213,53427,41341,771,10985,2235,8750,19511,5156,14355,1883,505,1378,904,493,411,5741,1986,3755,1546,1972,10114,77.3784790462,train
ms_17,49263,33408,523,9244,1558,7686,16367,4188,12179,491,272,219,1845,309,1536,3389,1340,2049,1549,2043,13812,67.8156019731,train
ms_52,59048,42357,275,11058,3772,7286,15432,6322,9110,809,369,440,2002,751,1251,10575,4748,5827,2206,3226,13465,71.7331662376,train
or_11,39695,27606,695,10986,3159,7827,5960,1818,4142,1178,318,860,3211,714,2497,3218,1440,1778,2358,2244,9845,69.5452827812,train
md_47,253925,211437,2281,22147,7318,14829,89839,32456,57383,54799,21855,32944,4306,1124,3182,28616,15933,12683,9449,8154,34334,83.2675002461,train
mt_32,30503,22408,559,3747,870,2877,12063,4199,7864,476,124,352,955,79,876,1562,604,958,3046,726,7369,73.4616267252,train
nj_153,30918,25372,142,2091,961,1130,17141,9792,7349,1376,628,748,152,85,67,2709,1508,1201,1761,760,4786,82.0622291222,train
co_48,297231,253710,2377,68316,30302,38014,121239,62025,59214,3327,1601,1726,13157,5413,7744,29032,17822,11210,16262,13153,30368,85.357852983,train
tx_35,23148,14842,561,3245,1707,1538,3404,826,2578,352,150,202,2131,691,1440,1865,464,1401,3284,1011,7295,64.1178503542,train
tx_97,41352,30478,667,3523,1427,2096,13202,6409,6793,538,105,433,2201,657,1544,5680,3354,2326,4667,1412,9462,73.703811182,train
tx_423,99078,80032,944,23020,7052,15968,34502,16970,17532,6161,2560,3601,1589,532,1057,6891,3949,2942,6925,3160,15886,80.7767617433,train
nj_104,43350,34614,331,4153,1327,2826,25075,8589,16486,1828,718,1110,345,133,212,1913,1067,846,969,1536,7200,79.8477508651,train
oh_22,33168,23146,352,3388,1171,2217,14827,5911,8916,262,153,109,490,105,385,2416,807,1609,1411,1682,8340,69.7841292812,train
wa_90,36743,31411,462,11408,4257,7151,13201,6315,6886,306,92,214,1026,499,527,3298,1702,1596,1710,1104,4228,85.4883923468,train
pa_133,58467,38415,974,12664,2810,9854,17374,4520,12854,199,7,192,747,110,637,5294,2426,2868,1163,2380,17672,65.7037303094,train
in_66,29578,22329,193,4470,1623,2847,13661,4550,9111,1240,595,645,869,202,667,1058,545,513,838,2998,4251,75.49191967,train
fl_103,37063,31638,180,6870,3141,3729,16129,7419,8710,1014,583,431,429,88,341,5978,4017,1961,1038,1020,4405,85.3627607047,train
ga_14,34649,25534,446,9072,3928,5144,10305,5595,4710,344,218,126,321,86,235,2228,721,1507,2818,1174,7941,73.6933244827,train
tx_69,135015,103142,4844,25181,10324,14857,39787,13496,26291,12160,5345,6815,2671,1103,1568,11663,6619,5044,6836,6323,25550,76.3929933711,train
tx_121,75280,53087,362,12416,3453,8963,29429,9938,19491,526,362,164,2031,594,1437,4838,2754,2084,3485,3711,18482,70.5193942614,train
tn_46,80265,55432,470,12550,1742,10808,28978,11987,16991,2392,1037,1355,1037,334,703,3547,1267,2280,6458,2952,21881,69.0612346602,train
pa_189,24411,19118,170,1641,313,1328,9133,1801,7332,5558,2317,3241,72,0,72,2232,1176,1056,312,393,4900,78.3171521036,train
mn_15,34659,28613,202,8847,4397,4450,12744,6312,6432,314,149,165,934,307,627,2967,1422,1545,2605,1364,4682,82.5557575233,train
az_61,41802,33713,140,5119,2051,3068,23747,9748,13999,324,133,191,508,165,343,2865,1644,1221,1010,2263,5826,80.649251232,train
nj_74,274813,202746,2315,15580,4412,11168,107853,31520,76333,40985,14802,26183,1493,671,822,27840,15741,12099,6680,9325,62742,73.7759858522,train
ma_134,32432,29485,111,1330,654,676,13705,7308,6397,8072,4400,3672,42,0,42,4899,3831,1068,1326,624,2323,90.9132955106,train
ca_296,219416,186274,2396,31584,11482,20102,58843,20395,38448,57291,20288,37003,5514,1753,3761,23483,12295,11188,7163,5522,27620,84.8953585883,train
nj_90,41692,31122,198,1582,501,1081,20864,12546,8318,3538,1896,1642,83,43,40,4215,2347,1868,642,1240,9330,74.6474143721,train
tn_22,66218,51513,735,9747,2766,6981,22490,9438,13052,7930,3824,4106,1783,905,878,4077,1754,2323,4751,2576,12129,77.7930472077,train
ca_30,39115,31470,1281,11757,3720,8037,8007,3419,4588,437,194,243,3249,953,2296,3663,1844,1819,3076,1665,5980,80.4550683881,train
de_21,29968,22420,132,1525,257,1268,10664,3195,7469,6603,1431,5172,117,117,0,2595,1627,968,784,1182,6366,74.8131340096,train
nc_119,43561,33812,89,6926,1701,5225,19776,7096,12680,675,407,268,262,138,124,3448,1788,1660,2636,1712,8037,77.6198893506,train
fl_238,29818,18754,43,4908,1166,3742,9447,2579,6868,823,508,315,306,0,306,2087,725,1362,1140,1816,9248,62.8948957006,train
tn_45,28101,20676,129,3179,1068,2111,12216,5559,6657,784,716,68,183,0,183,2587,1048,1539,1598,928,6497,73.5774527597,train
mn_45,24212,19095,181,2863,1290,1573,12359,4062,8297,156,0,156,820,157,663,1329,524,805,1387,1679,3438,78.8658516438,train
mn_78,52038,43021,1009,10847,4750,6097,22819,11370,11449,869,436,433,852,528,324,3482,1951,1531,3143,1839,7178,82.6722779507,train
il_240,25545,21275,116,6943,2933,4010,10428,5269,5159,617,339,278,139,139,0,1929,1188,741,1103,545,3725,83.2844000783,train
ok_45,38817,24515,651,7225,2457,4768,7527,1915,5612,1038,199,839,2213,628,1585,2244,1173,1071,3617,1899,12403,63.155318546,train
wa_122,43057,36062,1839,6330,2903,3427,20540,11168,9372,741,362,379,1611,597,1014,3077,1994,1083,1924,1598,5397,83.7540934111,train
il_187,65316,45376,461,9433,3060,6373,23218,8119,15099,1775,908,867,622,327,295,5649,3170,2479,4218,5923,14017,69.4714924368,train
il_135,56836,39416,1008,15057,6183,8874,9053,3132,5921,131,66,65,5176,2278,2898,4561,1939,2622,4430,1665,15755,69.3504117109,train
ny_288,28623,17658,161,1109,234,875,9907,3841,6066,3345,1610,1735,43,0,43,2949,1666,1283,144,1903,9062,61.6916465779,train
tx_425,33131,25458,160,8917,2116,6801,6468,2041,4427,4652,1359,3293,1362,86,1276,2059,1257,802,1840,1269,6404,76.8404213576,train
wi_55,42043,30055,298,4980,1295,3685,16933,6257,10676,878,346,532,165,50,115,2851,1751,1100,3950,2453,9535,71.4863354185,train
pr_19,22224,12246,92,5093,649,4444,2931,1231,1700,219,0,219,813,513,300,1162,835,327,1936,589,9389,55.1025917927,train
ca_503,59581,50978,318,6245,3960,2285,33254,17366,15888,1637,1382,255,398,160,238,6375,3783,2592,2751,749,7854,85.5608331515,train
nj_136,36551,28974,106,5134,2256,2878,17516,7246,10270,2747,1179,1568,253,125,128,2544,1097,1447,674,647,6930,79.2700610106,train
mt_13,34492,24913,804,4484,983,3501,12167,4199,7968,707,173,534,1393,263,1130,2048,704,1344,3310,893,8686,72.2283428041,train
il_225,26131,21250,224,2624,976,1648,15325,3674,11651,690,237,453,522,246,276,1267,912,355,598,654,4227,81.321036317,train
nj_175,27633,16256,444,987,160,827,6264,1716,4548,2652,1314,1338,133,133,0,3886,2257,1629,1890,1403,9974,58.8282126443,train
nj_34,24687,18566,93,1082,272,810,12918,2136,10782,2938,852,2086,0,0,0,955,590,365,580,818,5303,75.2055737838,train
pr_12,70934,38530,657,9389,2978,6411,11141,5581,5560,644,445,199,1715,941,774,4956,3836,1120,10028,1872,30532,54.3180985141,train
wv_17,30875,21674,99,2621,970,1651,14462,6685,7777,50,50,0,487,352,135,1550,726,824,2405,576,8625,70.1991902834,train
ca_555,75217,62162,1075,13865,5346,8519,27896,11759,16137,1006,522,484,5211,2192,3019,9126,4192,4934,3983,2640,10415,82.6435513248,train
nc_168,48022,29147,551,6506,1823,4683,15047,5546,9501,110,0,110,2254,96,2158,3119,1474,1645,1560,1784,17091,60.69509808,train
co_83,48175,45235,223,12715,6884,5831,22480,12224,10256,1020,671,349,708,496,212,6820,4804,2016,1269,1139,1801,93.8972496108,train
ca_342,47965,29565,907,7783,2999,4784,11817,4970,6847,294,136,158,1272,429,843,3853,1922,1931,3639,1183,17217,61.6386948817,train
mo_30,25807,19667,145,6891,2505,4386,7804,3093,4711,936,892,44,383,159,224,2006,1315,691,1502,2280,3860,76.2080055799,train
nc_122,51218,37792,486,7441,2520,4921,22439,5742,16697,484,158,326,909,183,726,2991,1137,1854,3042,1884,11542,73.7865594127,train
nj_167,97530,76719,454,6036,2237,3799,36905,13811,23094,21950,8575,13375,895,500,395,6015,3165,2850,4464,2503,18308,78.6619501692,train
ms_15,75258,53510,441,9553,3953,5600,25838,9240,16598,1990,805,1185,1709,886,823,4328,2559,1769,9651,2667,19081,71.1020755269,train
ny_143,69312,58244,368,7511,2406,5105,42946,19317,23629,728,448,280,938,523,415,4653,2513,2140,1100,2065,9003,84.0316251154,train
ga_143,33860,31662,260,8619,3018,5601,13203,6007,7196,583,172,411,389,214,175,7309,5340,1969,1299,1121,1077,93.5085646781,train
ca_463,62424,49276,920,6588,1806,4782,25169,7748,17421,5748,1726,4022,924,300,624,5383,3173,2210,4544,3229,9919,78.9375881071,train
mi_106,270396,170142,2382,28369,10017,18352,96848,35727,61121,4616,1775,2841,3574,1395,2179,22333,10089,12244,12020,22738,77516,62.9232680957,train
nc_69,27853,22611,291,6483,2767,3716,13286,6366,6920,124,37,87,453,83,370,1419,1045,374,555,1121,4121,81.1797651958,train
pr_57,55344,22402,621,4481,1233,3248,8591,1965,6626,726,642,84,1832,483,1349,2129,1152,977,4022,3472,29470,40.477739231,train
nc_184,50437,35925,721,7355,2216,5139,20498,5781,14717,418,181,237,582,172,410,3666,1566,2100,2685,2340,12172,71.2274718956,train
mi_86,30443,26664,121,2546,1128,1418,19640,9597,10043,445,153,292,247,179,68,2811,1277,1534,854,1060,2719,87.5866373222,train
ct_67,65304,52098,781,13149,4309,8840,28846,10848,17998,1812,790,1022,548,163,385,5391,2488,2903,1571,1345,11861,79.7776552738,train
ok_68,27136,22627,27,4383,1532,2851,12665,6260,6405,1425,633,792,453,163,290,2553,1440,1113,1121,1268,3241,83.383696934,train
va_63,36012,25357,323,2607,1069,1538,12384,4820,7564,2871,1274,1597,224,174,50,2642,1113,1529,4306,1251,9404,70.412640231,train
ms_56,43856,34646,351,11955,4670,7285,10029,5266,4763,1733,1020,713,882,175,707,5807,3929,1878,3889,1207,8003,78.9994527545,train
md_94,52683,44620,377,4444,1081,3363,18656,5374,13282,14016,4456,9560,931,394,537,3985,2231,1754,2211,1148,6915,84.6952527381,train
ga_65,69075,44901,464,6709,2541,4168,27491,8070,19421,614,56,558,492,266,226,7367,3567,3800,1764,3747,20427,65.003257329,train
tx_381,36308,25344,198,5542,2263,3279,12642,5168,7474,786,492,294,467,0,467,3457,2013,1444,2252,1982,8982,69.8027982814,train
ca_249,64997,54117,581,14240,5975,8265,19848,11023,8825,2123,1316,807,1733,672,1061,11801,8630,3171,3791,2268,8612,83.2607658815,train
co_104,25709,23717,102,7377,3460,3917,11386,6356,5030,691,416,275,477,110,367,2010,1288,722,1674,679,1313,92.2517406356,train
wi_105,60638,47023,811,11483,3634,7849,25146,8699,16447,1484,577,907,1667,621,1046,4004,1343,2661,2428,1923,11692,77.5470826874,train
fl_274,47197,37465,655,3179,959,2220,27072,7223,19849,1976,429,1547,198,41,157,3203,1366,1837,1182,1967,7765,79.3800453419,train
fl_43,401197,302748,2439,30548,9198,21350,197607,57940,139667,24332,11156,13176,2101,612,1489,34231,16064,18167,11490,14280,84169,75.4611824116,train
mn_92,61889,50788,554,10198,3678,6520,31293,16364,14929,604,249,355,1651,569,1082,4341,2431,1910,2147,2459,8642,82.0630483608,train
tx_484,61615,44301,0,11030,3515,7515,16871,7775,9096,2063,931,1132,1112,575,537,10311,3436,6875,2914,2177,15137,71.8996997484,train
nc_101,58462,33350,977,12282,4303,7979,10481,3695,6786,236,111,125,1088,398,690,5328,2693,2635,2958,3701,21411,57.0456022716,train
la_82,51085,26443,414,5613,1722,3891,14915,6155,8760,269,12,257,302,91,211,3126,1462,1664,1804,3249,21393,51.7627483606,train
al_95,74612,53695,854,8708,3537,5171,34850,17668,17182,562,275,287,466,133,333,5295,2410,2885,2960,3166,17751,71.9656355546,train
sc_42,44222,31045,165,4382,1342,3040,13627,6402,7225,1856,373,1483,64,0,64,8525,4276,4249,2426,1692,11485,70.2026140835,train
ca_386,34878,19656,483,9196,1130,8066,6125,2050,4075,153,0,153,1160,89,1071,1878,513,1365,661,801,14421,56.3564424566,train
ca_170,31802,27737,173,2003,800,1203,7304,2593,4711,12814,4490,8324,901,0,901,3876,2051,1825,666,718,3347,87.217785045,train
fl_85,32672,29737,119,6163,2431,3732,14505,5763,8742,2606,1514,1092,610,477,133,4490,2788,1702,1244,671,2264,91.0167727718,train
mo_107,53069,34909,589,10594,2384,8210,16057,5591,10466,2071,934,1137,573,0,573,2578,965,1613,2447,3885,14275,65.7803991031,train
az_33,26288,23117,110,4308,1012,3296,13337,3029,10308,601,350,251,1083,255,828,2461,1199,1262,1217,713,2458,87.9374619598,train
ut_22,31527,24938,159,3717,1403,2314,11300,5685,5615,5494,3509,1985,529,98,431,2085,1234,851,1654,2807,3782,79.1004535795,train
va_156,42759,28417,288,3242,1327,1915,19149,9516,9633,458,272,186,321,144,177,1755,773,982,3204,2065,12277,66.4585233518,train
mo_43,193340,135713,1067,26791,10431,16360,70958,28201,42757,6818,3510,3308,5586,1133,4453,14924,7595,7329,9569,10517,47110,70.193958829,train
pr_21,24608,15615,112,3955,2026,1929,6065,3684,2381,0,0,0,369,82,287,834,469,365,4280,1056,7937,63.4549739922,train
tx_272,43376,31072,208,4791,1432,3359,16552,5196,11356,376,0,376,2832,859,1973,2530,1169,1361,3783,1381,10923,71.6340833641,train
in_78,277481,209232,4963,56119,17002,39117,82399,28791,53608,12973,3911,9062,11199,3696,7503,17314,7368,9946,24265,15381,52868,75.4040817209,train
pa_87,312676,218897,2350,30377,8966,21411,102809,35937,66872,43596,18182,25414,3743,1188,2555,23976,14026,9950,12046,13846,79933,70.0076117131,train
ma_109,37649,34078,151,1347,677,670,14747,7567,7180,12264,7541,4723,143,0,143,4511,3157,1354,915,826,2745,90.5150203193,train
ia_11,326600,223700,5588,74077,23385,50692,58989,18795,40194,11903,3713,8190,16594,5097,11497,31587,12859,18728,24962,14374,88526,68.4935701164,train
fl_154,48853,39313,559,6708,1555,5153,22270,6708,15562,2374,703,1671,592,59,533,4108,2035,2073,2702,1691,7849,80.4720283299,train
pr_60,41918,18085,362,4556,1373,3183,8871,4108,4763,144,0,144,551,107,444,1475,933,542,2126,756,23077,43.1437568586,train
la_56,57919,26891,1513,9801,2574,7227,3945,610,3335,684,24,660,2895,641,2254,3031,1229,1802,5022,2396,28632,46.428633091,train
mo_102,48850,31757,525,7112,2477,4635,14107,5303,8804,370,46,324,2409,841,1568,2232,1128,1104,5002,1488,15605,65.0092118731,train
nj_146,41524,26868,493,1637,517,1120,11118,3540,7578,6229,2988,3241,195,133,62,5039,2692,2347,2157,1712,12944,64.7047490608,train
pr_44,906813,449003,15005,99440,33078,66362,153564,62356,91208,7893,3017,4876,18798,6971,11827,47396,21300,26096,106907,27711,430099,49.5143982276,train
va_79,50448,44078,308,6347,1846,4501,16530,9063,7467,7830,5061,2769,207,181,26,10634,3379,7255,2222,1540,4830,87.3731366952,train
oh_177,49794,38426,736,6888,2944,3944,19357,7191,12166,3170,1203,1967,595,69,526,4067,1986,2081,3613,1459,9909,77.1699401534,train
fl_244,42145,36046,453,3007,746,2261,17757,8423,9334,721,368,353,369,111,258,13017,4084,8933,722,1082,5017,85.5285324475,train
co_56,75423,65381,835,16386,6922,9464,33419,15597,17822,1037,394,643,3266,1318,1948,6992,4948,2044,3446,2403,7639,86.685758986,train
pa_99,41506,27932,664,10567,3177,7390,13712,5517,8195,175,100,75,252,151,101,2113,979,1134,449,1407,12167,67.2962945116,train
ca_258,266965,213918,3785,64050,23940,40110,70388,29654,40734,11396,6328,5068,14810,5536,9274,33450,20419,13031,16039,10366,42681,80.1296050044,train
mt_27,59128,41042,1445,11122,2083,9039,14386,4977,9409,2009,424,1585,2413,424,1989,5187,1844,3343,4480,2132,15954,69.4121228521,train
md_21,364743,321104,1940,33526,11134,22392,108152,47964,60188,118020,57649,60371,2541,1302,1239,46598,24878,21720,10327,10927,32712,88.0356854004,train
mn_52,30294,26786,460,5495,1913,3582,15772,8018,7754,316,127,189,536,286,250,3466,1898,1568,741,653,2855,88.4201492045,train
nh_14,155036,131123,834,15658,4375,11283,93596,37226,56370,3608,1901,1707,1155,710,445,11070,5980,5090,5202,3275,20638,84.57584045,train
md_30,24092,21822,95,498,231,267,6031,3036,2995,11344,7009,4335,81,0,81,3087,1967,1120,686,136,2134,90.5777851569,train
pa_71,130418,94551,923,15828,5080,10748,44491,16354,28137,17374,7725,9649,1834,588,1246,10021,6335,3686,4080,6323,29544,72.4984281311,train
mi_37,63462,45710,1160,8071,2810,5261,22855,9730,13125,381,187,194,2244,914,1330,3811,1599,2212,7188,2596,15156,72.0273549526,train
ri_22,60595,41076,118,1583,652,931,20849,5477,15372,10290,4259,6031,304,265,39,3832,1924,1908,4100,1931,17588,67.7877712683,train
ca_282,294206,239615,3013,64850,22780,42070,124331,46894,77437,7889,3575,4314,3575,1658,1917,26573,14329,12244,9384,7357,47234,81.4446340319,train
ny_222,47358,30107,177,1883,578,1305,20127,4774,15353,608,125,483,346,44,302,4347,2299,2048,2619,3242,14009,63.5732083281,train
oh_123,46374,35685,696,7238,2073,5165,19020,8644,10376,1406,673,733,375,102,273,6070,1859,4211,880,1557,9132,76.9504463708,train
nc_170,37363,34405,281,7537,3997,3540,21325,11427,9898,114,38,76,580,324,256,3620,2375,1245,948,886,2072,92.0830768407,train
la_24,56477,37074,492,8946,3910,5036,13195,4254,8941,775,398,377,713,153,560,9176,5951,3225,3777,1518,17885,65.644421623,train
il_18,171973,140393,1962,32232,15052,17180,72524,41944,30580,4776,2692,2084,3521,1670,1851,13009,8276,4733,12369,4732,26848,81.6366522652,train
mt_29,55363,40496,781,14880,4327,10553,14027,3802,10225,1267,311,956,3130,385,2745,4751,1682,3069,1660,1999,12868,73.146325163,train
tx_371,37455,21290,317,4180,1542,2638,8898,3289,5609,168,0,168,604,208,396,2957,1885,1072,4166,3360,12805,56.8415431852,train
tx_115,36186,32209,293,6360,1918,4442,18410,10851,7559,3120,1824,1296,316,196,120,2456,1620,836,1254,678,3299,89.0095617089,train
nc_56,27853,22611,291,6483,2767,3716,13286,6366,6920,124,37,87,453,83,370,1419,1045,374,555,1121,4121,81.1797651958,train
oh_206,27517,21242,519,4989,1928,3061,10307,4449,5858,1654,604,1050,313,100,213,1822,1014,808,1638,1208,5067,77.1959152524,train
md_101,36759,27717,334,4151,1468,2683,16464,5253,11211,507,249,258,1747,495,1252,2369,1027,1342,2145,1772,7270,75.4019423815,train
la_71,51803,35753,446,7147,1598,5549,16686,5384,11302,2214,637,1577,1187,123,1064,7123,2714,4409,950,1533,14517,69.0172383839,train
wa_63,255126,203045,3512,55544,18802,36742,93482,46360,47122,4162,1813,2349,9507,2998,6509,23953,12125,11828,12885,9059,43022,79.5861652674,train
tx_268,39035,32714,147,11553,6836,4717,8998,4409,4589,4089,2698,1391,1575,810,765,3844,2124,1720,2508,2389,3932,83.8068400154,train
mi_117,54534,43182,484,8892,4047,4845,23686,10127,13559,1891,527,1364,540,250,290,4845,3304,1541,2844,2823,8529,79.183628562,train
ok_29,162992,111989,742,18679,6461,12218,61912,25747,36165,4072,2086,1986,1808,756,1052,15082,7386,7696,9694,8328,42675,68.708280161,train
nc_103,61412,45983,626,10106,3949,6157,21551,7530,14021,1171,117,1054,2263,803,1460,7767,2699,5068,2499,2498,12931,74.8762456849,train
dc_15,271651,201173,1885,36784,17126,19658,108855,59331,49524,13608,7919,5689,3201,1006,2195,24561,14106,10455,12279,16271,54207,74.0556817387,train
pr_24,57588,36053,174,6640,3395,3245,15107,7250,7857,146,52,94,1571,460,1111,2818,1513,1305,9597,2795,18740,62.605056609,train
nj_144,48689,39880,377,3819,2186,1633,23553,10763,12790,6240,4389,1851,364,364,0,5034,3198,1836,493,1537,7272,81.9076177371,train
wi_106,43390,37846,505,6200,2385,3815,23543,9581,13962,1054,513,541,461,140,321,2920,1443,1477,3163,849,4695,87.2228624107,train
al_46,78388,56821,401,7362,2961,4401,37667,23734,13933,175,0,175,72,22,50,6270,4378,1892,4874,2730,18837,72.4868602337,train
mi_128,40667,26869,391,3443,537,2906,17430,4850,12580,847,654,193,631,130,501,2662,1340,1322,1465,2569,11229,66.0707699117,train
tx_349,59857,36519,1122,10671,3688,6983,8730,2269,6461,1142,602,540,5139,2331,2808,4041,2511,1530,5674,4296,19042,61.0104081394,train
az_20,128036,91889,1277,24352,5701,18651,39717,10506,29211,1247,656,591,6761,1750,5011,10300,4218,6082,8235,5400,30747,71.7680964729,train
ny_183,33591,29207,252,1513,597,916,16463,8591,7872,6351,3212,3139,44,0,44,3503,1683,1820,1081,1218,3166,86.948885118,train
id_17,55836,44077,566,6459,2022,4437,23652,9537,14115,261,240,21,4294,1377,2917,3239,1514,1725,5606,2869,8890,78.9401103231,train
oh_82,273190,195545,3823,38966,12610,26356,106405,38799,67606,2884,802,2082,7059,2166,4893,17399,7395,10004,19009,12655,64990,71.5783886672,train
va_48,53255,39714,613,3593,1191,2402,20920,12296,8624,8154,5707,2447,527,504,23,4039,2121,1918,1868,2259,11282,74.5732795043,train
wa_45,81498,59008,480,6617,2709,3908,38147,20394,17753,1533,1044,489,1384,537,847,7006,3920,3086,3841,3961,18529,72.4042307787,train
ny_164,42119,31209,363,11241,3746,7495,13807,3520,10287,462,119,343,1407,501,906,1990,825,1165,1939,1491,9419,74.0972007882,train
tx_279,38282,16870,715,4650,2231,2419,7318,2696,4622,96,27,69,181,84,97,2099,800,1299,1811,2945,18467,44.0677080612,train
ca_533,33883,25915,407,8870,2426,6444,9276,2211,7065,8,8,0,1386,195,1191,4338,1168,3170,1630,1735,6233,76.4837824278,train
mi_67,34201,28003,437,4749,1430,3319,18181,5702,12479,684,375,309,216,0,216,2964,1362,1602,772,867,5331,81.8777228736,train
wy_17,51280,41499,684,10453,4115,6338,17501,6539,10962,1789,1102,687,2183,1017,1166,2935,1766,1169,5954,2225,7556,80.9262870515,train
tx_475,86869,64739,695,13265,4324,8941,24974,9507,15467,9066,2813,6253,881,176,705,10483,5319,5164,5375,3457,18673,74.5248592709,train
ca_442,34199,31994,0,4570,3004,1566,22633,13302,9331,812,708,104,200,49,151,3057,2033,1024,722,1258,947,93.5524430539,train
ny_186,39808,34871,92,887,232,655,22105,12728,9377,6575,3958,2617,279,197,82,4296,3112,1184,637,708,4229,87.5979702572,train
mi_77,54898,37035,394,3295,1012,2283,29040,12145,16895,339,293,46,478,254,224,1891,1115,776,1598,1694,16169,67.4614740063,train
wa_51,29139,22639,49,2367,716,1651,15651,7127,8524,418,338,80,441,48,393,2024,1336,688,1689,1318,5182,77.693126051,train
oh_138,41439,28796,598,7382,2230,5152,13985,4682,9303,825,229,596,1810,277,1533,1699,630,1069,2497,960,11683,69.4900938729,train
ia_46,67314,49124,1062,11903,4062,7841,26832,10331,16501,827,118,709,979,330,649,3962,2090,1872,3559,2392,15798,72.9773895475,train
nc_191,49515,36398,260,11689,4023,7666,15524,6646,8878,1236,473,763,1142,307,835,4259,1792,2467,2288,1676,11441,73.5090376654,train
wv_38,82199,59350,504,9315,3798,5517,35467,15326,20141,1124,912,212,1626,610,1016,6483,2560,3923,4831,4099,18750,72.2028248519,train
il_166,45345,37174,332,7567,2215,5352,21002,6683,14319,1747,450,1297,637,487,150,3348,1379,1969,2541,2112,6059,81.9803726982,train
nc_81,285535,213311,2477,52762,20603,32159,110320,48519,61801,5317,2746,2571,8362,1553,6809,22250,9870,12380,11823,9871,62353,74.7057278442,train
or_25,26943,19624,245,4514,1410,3104,5837,2390,3447,1344,775,569,1729,638,1091,2272,995,1277,3683,1770,5549,72.835244776,train
tx_361,51648,42735,482,6840,3242,3598,24721,14346,10375,2156,1426,730,1230,1000,230,2650,1468,1182,4656,1663,7250,82.7427973978,train
tn_31,69191,60185,374,13419,7561,5858,33039,20920,12119,2458,1319,1139,1132,474,658,7262,4818,2444,2501,1640,7366,86.9838562819,train
ca_104,26534,23121,240,2893,1659,1234,15365,8655,6710,534,278,256,366,366,0,2695,1969,726,1028,519,2894,87.1372578578,train
ia_50,47320,38017,341,13150,3260,9890,14967,4915,10052,589,248,341,1241,367,874,3772,2142,1630,3957,3168,6135,80.3402366864,train
ca_29,47482,40225,676,8898,4765,4133,16957,8979,7978,3508,2533,975,2004,957,1047,5756,3423,2333,2426,1337,5920,84.7163135504,train
tn_57,266069,188780,3776,46482,19493,26989,74927,37244,37683,11974,5895,6079,13747,5479,8268,18407,10097,8310,19467,9475,67814,70.9515200944,train
hi_15,129756,98111,804,16357,7557,8800,63484,25946,37538,1334,790,544,1224,733,491,8873,5171,3702,6035,4687,26958,75.6119177533,train
ca_194,25239,19921,47,4339,1568,2771,8850,4736,4114,1240,851,389,574,414,160,3802,2183,1619,1069,618,4700,78.9294346052,train
ny_260,61014,48367,540,2785,717,2068,17700,6093,11607,18012,4284,13728,624,283,341,6605,3624,2981,2101,2021,10626,79.2719703675,train
ca_207,24848,17183,274,4872,1849,3023,5676,2899,2777,830,328,502,1109,236,873,1752,1012,740,2670,1318,6347,69.152446877,train
oh_34,97861,63458,803,13963,3524,10439,38667,12076,26591,838,290,548,960,303,657,4498,2171,2327,3729,6155,28248,64.8450353052,train
wv_37,27136,18064,335,4430,1711,2719,9409,3324,6085,585,138,447,1030,193,837,1885,862,1023,390,965,8107,66.5683962264,train
ut_68,73441,55393,505,13547,6602,6945,31309,15952,15357,530,233,297,1212,254,958,5426,2691,2735,2864,5496,12552,75.4251712259,train
ca_320,40407,28277,936,8490,3083,5407,9410,4050,5360,524,85,439,2244,402,1842,5025,1674,3351,1648,1938,10192,69.9804489321,train
ma_111,46018,38153,213,2794,1172,1622,18873,7279,11594,8024,3781,4243,369,216,153,6454,3797,2657,1426,2116,5749,82.9088617498,train
ca_339,38935,25995,509,7724,3446,4278,8116,3835,4281,359,47,312,2241,960,1281,2276,1266,1010,4770,2208,10732,66.7651213561,train
nm_42,42560,29484,193,7037,2114,4923,11625,5790,5835,433,288,145,551,73,478,4235,2519,1716,5410,1670,11406,69.2763157895,train
oh_121,61623,47722,1412,10345,1683,8662,27360,8662,18698,768,419,349,765,307,458,4827,2187,2640,2245,2675,11226,77.441864239,train
ca_181,42999,32543,364,9644,4588,5056,13675,5748,7927,2199,884,1315,481,288,193,2168,1074,1094,4012,2144,8312,75.6831554222,train
wa_10,151942,113372,3109,35719,9884,25835,35583,13182,22401,5887,2142,3745,9206,2695,6511,13853,6277,7576,10015,7467,31103,74.6153137381,train
sc_85,26494,14677,359,4215,960,3255,5767,1345,4422,216,113,103,753,164,589,1329,471,858,2038,1891,9926,55.3974484789,train
md_82,35031,23261,592,1156,295,861,9491,2368,7123,5150,1985,3165,441,45,396,4821,2237,2584,1610,1719,10051,66.4011875196,train
nc_176,34484,21119,474,5767,2348,3419,7635,2962,4673,431,319,112,971,573,398,4857,1698,3159,984,1174,12191,61.2428952558,train
ma_20,177399,148499,1320,11206,5346,5860,83639,35387,48252,23787,11002,12785,713,64,649,22535,11111,11424,5299,4597,24303,83.7090400735,train
il_258,35466,29956,107,8023,2514,5509,16730,6404,10326,387,202,185,179,47,132,2673,1362,1311,1857,1881,3629,84.4639936841,train
mt_11,139174,94674,3266,39397,8350,31047,16676,4674,12002,4356,898,3458,9270,1707,7563,13569,4176,9393,8140,5825,38675,68.0256369724,train
la_62,44843,26564,536,8580,1738,6842,10617,2494,8123,646,201,445,1451,221,1230,2648,1480,1168,2086,1408,16871,59.2377851616,train
il_186,64263,53663,896,11025,4096,6929,29514,12167,17347,1601,695,906,1607,811,796,6241,3285,2956,2779,1309,9291,83.5052829778,train
wa_22,819434,689751,4610,99821,48301,51520,441738,239148,202590,26084,15804,10280,13434,7218,6216,62788,42638,20150,41276,31833,97850,84.1740762526,train
va_109,55445,47049,386,3755,1017,2738,23564,6879,16685,11476,3587,7889,504,196,308,6359,3460,2899,1005,2071,6325,84.8570655605,train
tn_18,136188,99409,635,13534,3467,10067,36437,12522,23915,35078,12408,22670,535,50,485,8474,3917,4557,4716,4123,32656,72.9939495403,train
mi_18,44259,32701,619,7527,2803,4724,14302,6447,7855,450,53,397,1512,477,1035,4726,2318,2408,3565,1966,9592,73.8855374048,train
ct_20,29237,24113,255,7051,2914,4137,12633,5595,7038,830,375,455,547,91,456,1923,1044,879,874,563,4561,82.4742620652,train
az_120,27947,18712,340,6825,846,5979,6905,1223,5682,164,63,101,837,117,720,1948,841,1107,1693,798,8437,66.9553082621,train
va_36,67538,52620,576,3625,1324,2301,22810,10839,11971,12945,6534,6411,481,103,378,7087,2676,4411,5096,1927,12991,77.9116941574,train
va_101,45285,32180,743,5482,1655,3827,17454,7555,9899,541,264,277,1482,1003,479,2487,1315,1172,3991,2698,10407,71.0610577454,train
mi_172,42518,18718,250,3652,699,2953,7829,2536,5293,130,0,130,1794,1151,643,3099,1651,1448,1964,4675,19125,44.0237076062,train
tx_179,256442,218503,1864,47046,24843,22203,93012,45944,47068,13594,6929,6665,6241,3729,2512,43041,32805,10236,13705,7998,29941,85.2056215441,train
ca_321,44517,30053,1003,11182,4355,6827,4025,1248,2777,465,168,297,6612,2033,4579,4584,2640,1944,2182,1823,12641,67.5090414898,train
fl_204,36452,24576,712,4395,727,3668,13262,5385,7877,801,196,605,658,289,369,2475,1347,1128,2273,1091,10785,67.4201689894,train
in_143,28015,20534,360,3192,1036,2156,12559,3772,8787,573,381,192,441,254,187,1918,960,958,1491,1155,6326,73.2964483313,train
hi_13,22386,17396,1152,3510,473,3037,9596,2408,7188,668,29,639,334,85,249,1249,615,634,887,533,4457,77.7092825873,train
id_41,67343,56365,801,19171,7019,12152,20089,8606,11483,2015,320,1695,3096,1221,1875,7010,3109,3901,4183,4105,6873,83.6983799356,train
mi_75,49365,40188,343,4452,870,3582,28457,7504,20953,1022,270,752,403,270,133,4036,2107,1929,1475,1635,7542,81.4099058037,train
nj_60,33415,27676,518,868,249,619,13048,3961,9087,8964,2950,6014,249,197,52,3630,1497,2133,399,764,4975,82.8250785575,train
tx_264,35646,25239,694,6400,3484,2916,8810,3912,4898,1102,473,629,533,104,429,3371,1351,2020,4329,1354,9053,70.8045783538,train
de_18,62053,46349,655,5543,1775,3768,25108,9502,15606,5713,2696,3017,631,220,411,5630,2018,3612,3069,4066,11638,74.6926014858,train
ak_24,103445,87801,797,13411,6361,7050,52516,27298,25218,440,226,214,2497,1198,1299,12645,8690,3955,5495,2365,13279,84.8769877713,train
nc_54,57544,53521,142,6479,3447,3032,37293,21205,16088,3457,1848,1609,179,132,47,4459,2532,1927,1512,1455,2568,93.0088280272,train
ca_58,40190,31215,387,9273,3746,5527,11137,4595,6542,4805,3083,1722,283,0,283,3027,1421,1606,2303,1734,7241,77.6685742722,train
fl_168,42438,30519,442,7865,1532,6333,14586,3494,11092,453,262,191,685,333,352,4397,2209,2188,2091,3477,8442,71.9143220698,train
or_74,42939,37170,70,3753,1883,1870,19739,7567,12172,7748,3895,3853,585,118,467,3862,2195,1667,1413,905,4864,86.5646614965,train
mo_109,56290,35327,934,16108,3853,12255,9445,3402,6043,384,270,114,2742,1083,1659,2632,1725,907,3082,5288,15675,62.7589269853,train
fl_320,133098,95423,2086,25330,5166,20164,42926,12295,30631,3679,1271,2408,3319,1890,1429,13091,4760,8331,4992,5307,32368,71.6937895385,train
tx_465,49841,38011,105,5401,2796,2605,20953,10024,10929,1468,884,584,1002,491,511,5394,3526,1868,3688,3969,7861,76.2645211773,train
oh_96,42304,32218,941,6760,1962,4798,17340,5763,11577,163,37,126,1727,582,1145,2644,1159,1485,2643,2019,8067,76.1582829047,train
wi_64,280639,182577,1836,36658,15150,21508,104339,49746,54593,8091,4516,3575,2161,562,1599,15562,7508,8054,13930,16738,81324,65.0576006899,train
ga_93,44112,28737,94,11831,4595,7236,9712,2612,7100,137,43,94,714,456,258,3806,845,2961,2443,2884,12491,65.1455386289,train
ct_36,29237,24113,255,7051,2914,4137,12633,5595,7038,830,375,455,547,91,456,1923,1044,879,874,563,4561,82.4742620652,train
ri_36,35424,27760,104,918,609,309,13167,5733,7434,8155,3815,4340,64,37,27,4041,1915,2126,1311,1089,6575,78.3649503162,train
tx_208,34532,23922,140,8932,3625,5307,4158,1632,2526,2264,1344,920,2901,1625,1276,3062,1365,1697,2465,2586,8024,69.2748754778,train
oh_20,535088,373002,4296,94880,30196,64684,177228,67979,109249,14650,6607,8043,7256,2371,4885,48480,24005,24475,26212,26698,135388,69.7085339234,train
ny_85,30045,23817,94,1116,233,883,9602,4235,5367,2547,1686,861,147,105,42,9893,8198,1695,418,449,5779,79.27109336,train
mo_27,24435,15904,213,3047,1035,2012,4860,1673,3187,904,52,852,1789,470,1319,2232,380,1852,2859,506,8025,65.0869654185,train
mn_16,157195,133135,1544,27775,10449,17326,80336,37463,42873,1344,643,701,2605,925,1680,11930,6532,5398,7601,5438,18622,84.6941696619,train
ny_262,44535,32503,318,5834,188,5646,20880,3719,17161,2266,279,1987,735,111,624,1653,694,959,817,1082,10950,72.9830470417,train
wa_131,35399,27496,298,5476,2082,3394,17134,5760,11374,224,120,104,367,187,180,3111,1479,1632,886,1686,6217,77.6745105794,train
pa_119,50249,31594,495,4300,949,3351,19599,3912,15687,2735,616,2119,680,144,536,2216,1458,758,1569,3134,15521,62.8748830823,train
ga_149,46770,36197,232,8712,3042,5670,14411,6926,7485,1784,694,1090,738,169,569,7628,4125,3503,2692,3195,7378,77.3936283943,train
co_112,44497,33746,277,8702,3025,5677,13310,4483,8827,298,74,224,2377,1047,1330,4500,2153,2347,4282,3622,7129,75.8388205946,train
va_99,82407,44697,1187,13572,4085,9487,19049,5966,13083,827,382,445,2362,181,2181,3654,1209,2445,4046,5939,31771,54.2393243292,train
nc_33,61412,45983,626,10106,3949,6157,21551,7530,14021,1171,117,1054,2263,803,1460,7767,2699,5068,2499,2498,12931,74.8762456849,train
sc_39,54364,41162,505,5799,2948,2851,25060,12067,12993,1991,954,1037,538,471,67,4397,2574,1823,2872,3518,9684,75.7155470532,train
in_95,45687,30130,946,9766,2859,6907,11434,4008,7426,293,168,125,2392,969,1423,3139,1260,1879,2160,2182,13375,65.9487381531,train
ny_246,66492,53161,648,4095,641,3454,21599,5829,15770,8530,2414,6116,333,120,213,16498,7715,8783,1458,3214,10117,79.9509715454,train
al_96,85832,61255,995,16730,4729,12001,23714,7491,16223,2602,1160,1442,1482,412,1070,11878,5966,5912,3854,3845,20732,71.3661571442,train
ny_137,48795,33282,382,3222,1295,1927,24230,7779,16451,250,51,199,1089,245,844,2149,630,1519,1960,2247,13266,68.2078081771,train
ia_35,304696,223602,3621,50427,16095,34332,92923,35023,57900,15286,6951,8335,9876,3523,6353,31811,16617,15194,19658,11984,69110,73.3852758159,train
fl_232,30280,23872,342,6860,1647,5213,12175,3250,8925,1935,682,1253,86,47,39,2326,1240,1086,148,963,5445,78.8375165125,train
ma_117,45659,29800,353,3478,598,2880,21338,6706,14632,380,0,380,350,224,126,2443,948,1495,1458,1489,14370,65.2664315907,train
ga_41,33490,26790,406,8635,4034,4601,9320,4319,5001,3203,1947,1256,581,281,300,2636,1381,1255,2009,1861,4839,79.9940280681,train
ny_163,77669,63709,818,5477,1902,3575,42757,15758,26999,6819,2589,4230,545,155,390,6288,2896,3392,1005,2781,11179,82.0262910556,train
oh_80,292576,211327,3951,39314,14351,24963,110416,47470,62946,15941,6376,9565,6093,2081,4012,20547,9789,10758,15065,15192,66057,72.2297796128,train
tn_54,271069,187573,2530,43531,14100,29431,87739,32961,54778,7498,3646,3852,9075,3212,5863,14471,6892,7579,22729,13366,70130,69.1975105969,train
ny_193,37909,30844,68,1250,128,1122,17334,6482,10852,8061,2907,5154,374,169,205,3109,1603,1506,648,459,6606,81.3632646601,train
ga_118,37885,33286,129,10130,3869,6261,14416,7181,7235,2139,977,1162,908,589,319,4366,2787,1579,1198,676,3923,87.8606308565,train
oh_125,47259,30356,347,6191,2169,4022,11956,4942,7014,1260,605,655,451,127,324,7979,1467,6512,2172,1277,15626,64.2332677374,train
ca_54,30595,23043,136,4844,932,3912,10450,3128,7322,4260,1358,2902,415,160,255,1703,898,805,1235,639,6913,75.3162281419,train
nv_13,164597,127777,1450,35778,15437,20341,48228,21093,27135,5594,3311,2283,2520,958,1562,27014,15878,11136,7193,7058,29762,77.6302119723,train
va_50,67538,52620,576,3625,1324,2301,22810,10839,11971,12945,6534,6411,481,103,378,7087,2676,4411,5096,1927,12991,77.9116941574,train
ny_266,47350,37232,118,6721,1161,5560,18357,4873,13484,4352,2036,2316,1293,430,863,4964,2231,2733,1427,1170,8948,78.631467793,train
tn_110,45345,34205,157,6454,1735,4719,22544,6751,15793,898,491,407,802,241,561,2130,994,1136,1220,3011,8129,75.4327930312,train
nd_30,40949,32615,230,6581,3454,3127,17446,8342,9104,865,483,382,1093,451,642,3237,1700,1537,3163,2648,5686,79.6478546485,train
nc_196,40992,23515,809,7895,2541,5354,8042,2933,5109,236,111,125,896,318,578,3946,2373,1573,1691,2609,14868,57.3648516784,train
fl_285,61975,52325,249,14472,4247,10225,24602,9724,14878,1818,1223,595,454,313,141,6493,2691,3802,4237,1234,8416,84.4292053247,train
ca_110,15031,9992,573,3409,964,2445,3424,848,2576,343,135,208,342,0,342,942,357,585,959,1126,3913,66.4759497039,train
il_190,62220,43548,274,9372,3406,5966,19132,5860,13272,1321,613,708,1423,540,883,10623,4773,5850,1403,2006,16666,69.9903567985,train
or_86,45731,37635,511,5677,2599,3078,21589,9297,12292,1877,1118,759,812,185,627,3979,2311,1668,3190,1933,6163,82.2964728521,train
fl_191,60256,48946,333,2396,714,1682,22106,5692,16414,13790,5446,8344,631,355,276,8713,4133,4580,977,2635,8675,81.2300849708,train
ga_24,42147,35070,348,6480,1888,4592,21820,8750,13070,290,210,80,392,79,313,3977,1424,2553,1763,1630,5447,83.2087693074,train
ny_131,52566,39781,435,6425,1999,4426,23338,10404,12934,538,55,483,1784,759,1025,2514,1379,1135,4747,2435,10350,75.678195031,train
co_12,256232,186646,4046,54658,18702,35956,57496,21734,35762,3446,1319,2127,22824,7072,15752,22722,10267,12455,21454,11222,58364,72.8425801617,train
il_74,43185,28294,491,7092,2455,4637,16122,8101,8021,251,102,149,373,20,353,2340,1061,1279,1625,2871,12020,65.5181197175,train
fl_217,36497,24798,171,5620,1480,4140,13106,4040,9066,402,243,159,342,248,94,4323,1168,3155,834,1329,10370,67.9453105735,train
oh_104,41961,34019,434,7103,2334,4769,19661,7548,12113,1237,666,571,378,288,90,3835,1889,1946,1371,945,6997,81.0729010271,train
ny_219,55848,33832,282,844,137,707,21244,5236,16008,1328,498,830,266,73,193,9115,2070,7045,753,3559,18457,60.5787136513,train
fl_40,87201,54513,1525,7889,2991,4898,33071,10076,22995,641,453,188,976,305,671,8555,3137,5418,1856,4573,28115,62.514191351,train
ca_89,46968,38693,155,10079,4440,5639,14039,7750,6289,4612,2674,1938,790,284,506,4456,2438,2018,4562,1557,6718,82.3816215296,train
nj_166,33252,26998,281,601,424,177,16481,6665,9816,5483,2618,2865,127,88,39,2744,1693,1051,1281,915,5339,81.1921087453,train
tx_232,41072,32616,478,6355,2559,3796,14871,4887,9984,2863,1025,1838,648,289,359,3347,1861,1486,4054,1554,6902,79.4117647059,train
ga_159,26071,19876,338,7364,3006,4358,7923,3789,4134,344,218,126,321,86,235,1786,596,1190,1800,438,5757,76.2379655556,train
az_143,26149,16699,316,2540,290,2250,9707,3654,6053,174,77,97,813,309,504,1151,489,662,1998,2595,6855,63.8609507056,train
me_28,72120,52990,1398,18413,4500,13913,20329,5416,14913,885,421,464,2703,868,1835,6410,2268,4142,2852,2958,16172,73.4747642818,train
wa_104,73942,60340,322,9066,4479,4587,39187,19972,19215,1518,915,603,919,547,372,5359,3650,1709,3969,3927,9675,81.604500825,train
ks_66,54510,48199,335,7352,3334,4018,26682,16119,10563,5105,2945,2160,356,66,290,4920,2924,1996,3449,1292,5019,88.4223078334,train
ny_188,73972,54442,755,1379,564,815,26499,9264,17235,8772,3010,5762,215,115,100,15486,9890,5596,1336,4864,14666,73.5981182069,train
ny_43,57526,42033,204,3389,1110,2279,31687,11496,20191,2728,853,1875,292,193,99,2038,853,1185,1695,2233,13260,73.0678301985,train
nc_77,169841,135628,598,21786,7204,14582,82754,43118,39636,6649,3687,2962,1736,394,1342,12301,7785,4516,9804,9700,24513,79.8558651916,train
al_48,248388,154946,2841,60425,19549,40876,50141,16736,33405,5576,2416,3160,5381,2267,3114,18851,8704,10147,11731,14055,79387,62.3806303042,train
mi_142,39588,33480,419,6443,3296,3147,17371,7508,9863,1636,768,868,1921,527,1394,2311,1266,1045,3379,1638,4470,84.5710821461,train
mt_10,67667,54099,952,17015,4614,12401,17263,5386,11877,1398,255,1143,4721,1110,3611,8563,4387,4176,4187,1863,11705,79.948867247,train
il_169,40970,32529,401,8386,2845,5541,15579,5135,10444,424,130,294,2097,422,1675,3656,1931,1725,1986,1118,7323,79.3971198438,train
nj_149,37454,26574,252,2365,767,1598,17352,6986,10366,2463,929,1534,373,78,295,2918,1642,1276,851,950,9930,70.9510332675,train
co_43,61496,46746,837,11346,5117,6229,22262,8608,13654,636,278,358,1478,731,747,7762,4106,3656,2425,2303,12447,76.0147001431,train
mi_100,272257,221399,2142,38977,17021,21956,132811,59771,73040,5898,2573,3325,6276,2333,3943,19312,9896,9416,15983,11158,39700,81.3198558715,train
fl_150,102992,73754,1382,11033,4308,6725,42694,17507,25187,826,85,741,2650,588,2062,7790,3825,3965,7379,5789,23449,71.6113872922,train
md_13,313837,250005,3457,18591,5606,12985,112858,42031,70827,64952,30052,34900,2897,1638,1259,37488,23443,14045,9762,8955,54877,79.6607793217,train
pa_113,81028,58655,309,11250,3780,7470,26974,11276,15698,9097,4600,4497,1395,520,875,6869,4398,2471,2761,3411,18962,72.388557042,train
ma_22,300998,240106,2342,33607,8700,24907,150125,41530,108595,25120,9584,15536,2973,607,2366,20304,10557,9747,5635,10696,50196,79.7699652489,train
wy_19,45451,34622,574,12981,5075,7906,9056,3230,5826,580,456,124,3478,654,2824,3897,1835,2062,4056,1864,8965,76.1743415986,train
va_74,305654,268353,2009,26853,11275,15578,118312,60131,58181,59918,35550,24368,1777,947,830,47809,21857,25952,11675,7564,29737,87.7963318,train
wi_23,381115,261657,2800,50657,20632,30025,150546,71340,79206,12741,7068,5673,2908,715,2193,23771,11415,12356,18234,19421,100037,68.6556551172,train
tx_172,208210,123495,2509,20454,6755,13699,47146,18454,28692,3573,1264,2309,10357,3383,6974,18929,9978,8951,20527,10116,74599,59.3127131262,train
il_200,84814,75324,311,11976,5580,6396,50553,28876,21677,1571,1141,430,1187,524,663,6339,4460,1879,3387,1966,7524,88.8108095362,train
tx_130,135015,103142,4844,25181,10324,14857,39787,13496,26291,12160,5345,6815,2671,1103,1568,11663,6619,5044,6836,6323,25550,76.3929933711,train
ks_21,34991,29609,81,5164,2613,2551,18505,10718,7787,1210,509,701,329,0,329,2808,2048,760,1512,1381,4001,84.6189020034,train
pa_206,40253,35636,126,3531,728,2803,15418,6468,8950,11063,5569,5494,121,76,45,4782,2307,2475,595,683,3934,88.5300474499,train
fl_297,60834,44104,174,6071,2042,4029,25287,8575,16712,1752,896,856,451,37,414,8425,3124,5301,1944,3385,13345,72.4989315186,train
ks_46,57141,35077,553,4344,1961,2383,17469,6274,11195,3513,1464,2049,447,100,347,3865,2124,1741,4886,3495,18569,61.3867450692,train
tn_43,50911,39701,494,6986,1651,5335,16958,7032,9926,7842,3760,4082,1042,650,392,3266,1463,1803,3113,2377,8833,77.9811828485,train
or_51,65065,50761,845,10493,4083,6410,25381,12653,12728,1147,178,969,2145,637,1508,5446,2865,2581,5304,3127,11177,78.0158303235,train
ca_333,39975,22579,667,7477,3085,4392,6902,2070,4832,622,246,376,718,220,498,2283,1214,1069,3910,1766,15630,56.4828017511,train
fl_231,33702,25221,261,7301,2494,4807,10279,3923,6356,3315,2571,744,747,374,373,2547,1420,1127,771,980,7501,74.8353213459,train
ga_119,58126,37390,670,10288,4501,5787,12562,6361,6201,937,209,728,1645,961,684,4630,2739,1891,6658,2906,17830,64.3257750404,train
fl_302,662488,517733,4678,121053,46059,74994,250317,102853,147464,28513,15354,13159,7352,3496,3856,77724,38941,38783,28096,28652,116103,78.1497929019,train
fl_53,25459,22101,0,5761,2972,2789,11806,6175,5631,1402,1064,338,0,0,0,1709,1162,547,1423,739,2619,86.8101653639,train
mn_55,261153,200089,3101,52709,17788,34921,84076,32232,51844,7900,3522,4378,10756,2766,7990,21979,10143,11836,19568,8629,52435,76.6175383779,train
fl_309,333859,250063,2572,50701,19639,31062,134180,63851,70329,7778,3928,3850,4340,1440,2900,31403,14192,17211,19089,14482,69314,74.9007814676,train
az_138,174276,124009,1730,21849,7114,14735,74849,25930,48919,2728,1132,1596,3397,1242,2155,10976,5190,5786,8480,7751,42516,71.1566710276,train
nj_112,38401,32496,256,2301,974,1327,15143,7683,7460,10363,5272,5091,173,38,135,3725,1955,1770,535,1270,4635,84.6227962813,train
ca_22,26194,18169,462,6758,1185,5573,6036,1433,4603,202,127,75,1515,429,1086,1206,582,624,1990,495,7530,69.3632129495,train
fl_170,62131,46003,481,7524,2092,5432,28706,8254,20452,524,104,420,1462,420,1042,5344,1928,3416,1962,3828,12300,74.0419436352,train
va_148,112749,103822,733,7496,3601,3895,27346,14406,12940,46163,27157,19006,2310,1325,985,14223,8899,5324,5551,3452,5475,92.0824131478,train
ne_35,68530,57227,478,3213,977,2236,43638,14339,29299,1554,428,1126,1050,91,959,5212,3205,2007,2082,1399,9904,83.5064935065,train
nd_27,44880,34046,1015,5726,2631,3095,15684,6205,9479,1371,410,961,1589,421,1168,4963,2565,2398,3698,1141,9693,75.8600713012,train
ca_567,54798,48244,339,4508,2278,2230,19633,11237,8396,12846,7687,5159,864,177,687,9320,6610,2710,734,1212,5342,88.0397094784,train
oh_63,133301,81831,1066,14488,4540,9948,39773,15223,24550,8598,3901,4697,1561,392,1169,9379,4700,4679,6966,11109,40361,61.3881366231,train
ga_140,49740,39729,223,8290,2536,5754,18371,7767,10604,1072,379,693,633,279,354,8876,3814,5062,2264,3159,6852,79.8733413752,train
tx_114,23926,16641,243,4316,2302,2014,8749,3391,5358,146,76,70,332,169,163,1319,714,605,1536,1055,6230,69.5519518515,train
tn_55,291595,213602,2085,32746,13186,19560,131426,64244,67182,6424,2865,3559,4900,2156,2744,19653,10543,9110,16368,13681,64312,73.25297073,train
pa_48,58467,38415,974,12664,2810,9854,17374,4520,12854,199,7,192,747,110,637,5294,2426,2868,1163,2380,17672,65.7037303094,train
ca_80,24871,22370,149,6687,2958,3729,10535,4943,5592,1035,563,472,341,341,0,1476,779,697,2147,788,1713,89.9441116159,train
ca_145,175350,126831,988,35557,12504,23053,52832,22580,30252,9378,4615,4763,2972,809,2163,15386,8910,6476,9718,11580,36939,72.3301967494,train
ga_166,44541,31613,354,7243,2982,4261,18431,10092,8339,1134,580,554,640,480,160,2555,1584,971,1256,2293,10635,70.9750566893,train
al_21,39433,25475,974,6931,2423,4508,7778,2427,5351,752,126,626,932,251,681,2329,1111,1218,5779,2179,11779,64.6032510841,train
ny_155,52918,40228,467,7240,2293,4947,24615,11667,12948,301,40,261,1408,729,679,3935,2662,1273,2262,1921,10769,76.0195018708,train
pa_93,67159,51243,1180,12602,3484,9118,26627,10385,16242,1109,300,809,1179,362,817,3890,1280,2610,4656,2243,13673,76.3010169895,train
ma_120,54227,45253,592,5788,1681,4107,30131,10980,19151,856,433,423,671,149,522,6201,2227,3974,1014,1963,7011,83.4510483707,train
va_106,54478,38342,817,7660,4361,3299,19751,10540,9211,717,465,252,1900,731,1169,3606,2229,1377,3891,1900,14236,70.3807041374,train
tx_32,46896,32456,764,8521,3300,5221,13390,5150,8240,164,84,80,2424,1188,1236,2705,1200,1505,4488,1451,12989,69.208461276,train
pa_108,58104,40331,1064,16508,4093,12415,14519,4003,10516,356,207,149,1503,403,1100,4247,1761,2486,2134,1559,16214,69.4117444582,train
tx_248,33987,24626,129,6860,3449,3411,6263,2775,3488,1968,871,1097,432,219,213,6166,3707,2459,2808,1331,8030,72.4571159561,train
fl_271,47656,37399,317,2839,1155,1684,24350,6435,17915,3041,1647,1394,117,0,117,4677,2230,2447,2058,1802,8455,78.4770018466,train
nc_72,80010,61144,592,6943,2823,4120,40790,19858,20932,238,205,33,1268,512,756,5186,2709,2477,6127,3922,14944,76.4204474441,train
tx_137,219332,145441,1907,32000,12579,19421,66239,22373,43866,6945,3022,3923,2917,1198,1719,17467,9942,7525,17966,10844,63047,66.3108894279,train
al_11,238031,123115,4247,46552,12670,33882,30304,7561,22743,1670,252,1418,10635,2479,8156,12885,4742,8143,16822,12789,102127,51.7222546643,train
ny_23,42466,32952,159,4361,1746,2615,19880,9568,10312,438,55,383,1371,715,656,2272,1270,1002,4471,2208,7306,77.5961946027,train
va_89,55364,37717,319,4967,1817,3150,24669,11313,13356,856,468,388,599,144,455,2330,1011,1319,3977,2585,15062,68.1254967127,train
mo_73,45286,35904,208,8398,2569,5829,19688,7517,12171,1826,769,1057,466,93,373,2932,1643,1289,2386,2052,7330,79.2827805503,train
ca_143,89596,72579,515,18471,9730,8741,29742,16751,12991,6346,3348,2998,1942,907,1035,7727,3631,4096,7836,3199,13818,81.0069645966,train
md_106,364743,321104,1940,33526,11134,22392,108152,47964,60188,118020,57649,60371,2541,1302,1239,46598,24878,21720,10327,10927,32712,88.0356854004,train
wa_32,29139,22639,49,2367,716,1651,15651,7127,8524,418,338,80,441,48,393,2024,1336,688,1689,1318,5182,77.693126051,train
in_47,45292,31261,564,7279,1888,5391,17300,4391,12909,3036,673,2363,270,0,270,1656,736,920,1156,1442,12589,69.0210191645,train
ct_43,48169,39403,0,2346,635,1711,31706,18856,12850,799,408,391,550,364,186,3122,2409,713,880,710,8056,81.8015736262,train
fl_47,104336,78566,766,20560,5790,14770,38461,13018,25443,2536,1522,1014,920,511,409,9545,4314,5231,5778,2837,22933,75.3009507744,train
ok_70,31712,23379,303,3120,1331,1789,13977,4990,8987,418,161,257,452,77,375,2708,1568,1140,2401,1826,6507,73.7228809284,train
wa_66,268651,212483,3478,49319,19219,30100,113489,58952,54537,3114,1697,1417,5655,2287,3368,21525,12465,9060,15903,9999,46169,79.0925773587,train
la_35,59686,43395,402,5891,2969,2922,25034,9868,15166,2562,1150,1412,668,257,411,6304,3297,3007,2534,2805,13486,72.7054920752,train
ga_177,31502,22816,111,6848,2959,3889,9914,5741,4173,433,86,347,88,0,88,2369,1140,1229,3053,1366,7320,72.4271474827,train
ca_492,38208,30038,323,5760,1801,3959,13424,4851,8573,769,100,669,3456,1286,2170,3276,1593,1683,3030,1431,6739,78.6170435511,train
va_25,34883,27299,245,9447,3018,6429,12350,3913,8437,1469,280,1189,512,138,374,1401,697,704,1875,799,6785,78.2587506808,train
ar_61,26989,20633,309,3725,2059,1666,11590,7190,4400,1040,473,567,326,147,179,1824,675,1149,1819,935,5421,76.4496646782,train
tx_66,42519,28301,146,4631,1890,2741,15926,7506,8420,1464,821,643,656,171,485,3394,1585,1809,2084,1010,13208,66.5608316282,train
ga_53,71861,48140,207,10988,3871,7117,28824,13498,15326,460,384,76,303,119,184,5104,1565,3539,2254,5072,18649,66.990439877,train
ny_253,57055,43090,485,6997,1256,5741,23564,6967,16597,6357,2408,3949,582,157,425,4475,2066,2409,630,1066,12899,75.523617562,train
il_39,1030136,716717,8627,166587,63558,103029,369792,173632,196160,18884,11011,7873,15553,6310,9243,76939,40312,36627,60335,56938,256481,69.5749881569,train
mo_92,46563,41060,444,10675,4887,5788,19237,8292,10945,3918,1667,2251,689,475,214,4919,3111,1808,1178,1331,4172,88.181603419,train
il_179,39204,34822,278,6148,2625,3523,20902,10435,10467,1998,985,1013,555,439,116,3113,1274,1839,1828,600,3782,88.8225691256,train
fl_65,50356,38165,87,5220,2284,2936,26352,12745,13607,418,170,248,340,166,174,3452,1273,2179,2296,3757,8434,75.7903725475,train
sc_11,117128,60429,1496,27445,5840,21605,11902,2759,9143,1370,526,844,3261,924,2337,9819,4218,5601,5136,7656,49043,51.5922751178,train
fl_41,530459,408083,4928,91070,31896,59174,218205,78405,139800,17830,6891,10939,6143,2515,3628,52969,28611,24358,16938,20470,101906,76.9301680243,train
az_56,57020,45489,786,10339,2993,7346,23002,7500,15502,1850,699,1151,1422,623,799,3899,1741,2158,4191,2221,9310,79.7772711329,train
az_127,49320,30768,499,5368,1352,4016,17442,5743,11699,650,332,318,535,29,506,3894,1863,2031,2380,4566,13986,62.3844282238,train
ny_73,163385,141064,867,4357,1269,3088,118006,29142,88864,5609,2065,3544,923,106,817,10631,5517,5114,671,4336,17985,86.3384031582,train
va_90,83333,58888,1104,14694,4018,10676,27412,12478,14934,2537,1053,1484,3473,1010,2463,5441,2744,2697,4227,4654,19791,70.6658826635,train
wa_17,38483,28986,633,8131,2929,5202,10671,4565,6106,380,167,213,2235,910,1325,4077,1666,2411,2859,1280,8217,75.3215705636,train
in_37,27425,16039,383,3742,1446,2296,8017,2161,5856,176,93,83,906,307,599,1418,628,790,1397,2082,9304,58.483135825,train
mi_108,55099,35630,1319,7655,1781,5874,15986,4647,11339,497,110,387,3559,710,2849,2757,793,1964,3857,1904,17565,64.6654204251,train
va_94,62034,45660,1207,6301,1838,4463,18135,7445,10690,1018,369,649,6776,2562,4214,5145,2041,3104,7078,2847,13527,73.6047973692,train
or_26,203665,175648,934,17687,6990,10697,90209,42301,47908,35701,18519,17182,3944,1913,2031,15807,8680,7127,11366,5142,22875,86.2435862814,train
co_94,41002,32154,468,7240,2958,4282,15688,6420,9268,271,118,153,1212,738,474,2844,1542,1302,4431,1297,7551,78.4205648505,train
il_54,64908,43195,807,9095,2385,6710,23616,6422,17194,694,406,288,1340,111,1229,5515,2600,2915,2128,3266,18447,66.5480372219,train
ca_32,134284,114092,976,27693,11621,16072,41650,20214,21436,9873,5612,4261,5415,1907,3508,19009,12325,6684,9476,3786,16406,84.9632122963,train
tx_247,37528,29139,217,7766,3356,4410,7782,3703,4079,1935,680,1255,1091,248,843,7098,5064,2034,3250,2115,6274,77.6460243019,train
tx_82,219332,145441,1907,32000,12579,19421,66239,22373,43866,6945,3022,3923,2917,1198,1719,17467,9942,7525,17966,10844,63047,66.3108894279,train
mi_122,53048,35010,1466,6076,1505,4571,16025,4911,11114,268,107,161,3108,646,2462,2839,1447,1392,5228,4174,13864,65.9968330569,train
ma_19,259006,220144,1542,19085,8339,10746,118917,56910,62007,40842,21896,18946,1597,556,1041,30002,17581,12421,8159,7486,31376,84.995714385,train
ks_29,45387,40146,335,7065,3081,3984,20279,12270,8009,4738,2517,2221,306,66,240,4315,2666,1649,3108,1208,4033,88.452640624,train
tx_226,42527,35049,163,8633,2435,6198,11891,5409,6482,5010,1943,3067,2388,661,1727,3027,1463,1564,3937,1987,5491,82.4158769723,train
il_15,1939894,1424024,18102,316715,121107,195608,756169,339658,416511,43891,21719,22172,29742,12385,17357,161220,87618,73602,98185,86445,429425,73.4073098839,train
tx_126,20298,11497,287,2834,1213,1621,4687,1780,2907,766,49,717,521,146,375,987,271,716,1415,705,8096,56.6410483792,train
ca_405,37812,23710,914,6559,946,5613,8649,2250,6399,648,87,561,1221,125,1096,3661,2321,1340,2058,1666,12436,62.7049613879,train
fl_16,662488,517733,4678,121053,46059,74994,250317,102853,147464,28513,15354,13159,7352,3496,3856,77724,38941,38783,28096,28652,116103,78.1497929019,train
il_13,27182,18744,662,7782,984,6798,6260,1963,4297,377,54,323,502,157,345,1805,905,900,1356,737,7701,68.9573982783,train
fl_321,61546,48690,187,13495,6135,7360,25702,11902,13800,637,402,235,360,36,324,6309,3399,2910,2000,2233,10623,79.111558834,train
ca_168,90883,62663,703,13062,3873,9189,30179,11098,19081,3059,774,2285,1507,707,800,7415,4737,2678,6738,3253,24967,68.9490883884,train
mi_113,65559,46477,959,8896,2131,6765,25839,6437,19402,770,126,644,1735,786,949,4533,1819,2714,3745,2840,16242,70.8933937369,train
va_44,98973,88366,798,11026,4116,6910,31436,16982,14454,22785,14834,7951,252,226,26,18486,6833,11653,3583,2155,8452,89.2829357502,train
ny_116,270168,206992,4163,40387,11029,29358,122356,41134,81222,2981,834,2147,9089,2479,6610,16520,6677,9843,11496,8987,54189,76.6160315063,train
ar_23,29038,17256,264,6569,2985,3584,4128,1953,2175,119,72,47,1755,1018,737,1926,1010,916,2495,1067,10715,59.4255802741,train
ak_18,246015,196522,2231,53589,20936,32653,91711,44799,46912,1247,695,552,7367,2472,4895,26434,16800,9634,13943,8519,40974,79.8821210089,train
ga_29,37885,33286,129,10130,3869,6261,14416,7181,7235,2139,977,1162,908,589,319,4366,2787,1579,1198,676,3923,87.8606308565,train
ut_43,29323,22318,296,5016,1592,3424,10717,3486,7231,273,34,239,1719,41,1678,2654,1293,1361,1643,1773,5232,76.1109027044,train
tx_133,269433,198530,2438,53987,22042,31945,62148,26340,35808,28986,12697,16289,5867,1988,3879,22311,10927,11384,22793,12281,58622,73.6843667999,train
ca_500,68719,60273,441,6472,2640,3832,40213,16625,23588,1582,856,726,926,664,262,8302,5645,2657,2337,2073,6373,87.7093671328,train
tx_218,43970,36657,138,8070,2368,5702,16068,5743,10325,4705,1375,3330,544,366,178,4736,1706,3030,2396,920,6393,83.3682055947,train
ca_326,44008,40149,0,8345,5168,3177,21356,15398,5958,1739,1148,591,790,398,392,5438,3950,1488,2481,588,3271,91.2311397928,train
ny_165,49514,36721,403,3097,949,2148,27701,9481,18220,399,106,293,372,0,372,2858,1314,1544,1891,1740,11053,74.1628630286,train
ca_413,55072,49292,187,4195,1614,2581,14507,7499,7008,21115,13034,8081,425,307,118,6112,3939,2173,2751,1229,4551,89.5046484602,train
nj_41,36403,28697,249,4775,1727,3048,19377,8479,10898,1025,36,989,857,31,826,1859,1158,701,555,476,7230,78.8314149933,train
ms_42,35959,22136,466,6211,2247,3964,2911,1285,1626,974,443,531,2002,909,1093,6112,4304,1808,3460,724,13099,61.5589977474,train
ky_45,43209,25333,685,11579,2365,9214,4915,680,4235,874,17,857,1737,397,1340,4481,1540,2941,1062,1361,16515,58.6289893309,train
nj_137,44197,36963,411,5936,1746,4190,23766,9707,14059,1427,868,559,556,164,392,3176,1201,1975,1691,837,6397,83.632373238,train
az_136,21193,19566,41,3264,1102,2162,11849,5147,6702,1220,206,1014,584,188,396,2356,1429,927,252,431,1196,92.3229368188,train
ca_304,235220,190850,1797,24019,8612,15407,108541,41266,67275,19065,7803,11262,7069,1454,5615,21513,11484,10029,8846,6730,37640,81.1368080945,train
oh_16,134073,103479,1432,18673,7654,11019,57332,20834,36498,6161,2100,4061,2542,427,2115,10090,4590,5500,7249,5993,24601,77.1810879148,train
tx_341,37664,32240,344,5274,3017,2257,13312,5734,7578,1166,689,477,783,558,225,10100,7922,2178,1261,2399,3025,85.5989804588,train
tx_414,127623,94642,4159,22763,8578,14185,35832,13410,22422,10716,4640,6076,2172,888,1284,12009,6604,5405,6991,6532,26449,74.1574794512,train
ct_30,26998,17163,535,4548,835,3713,8515,1893,6622,325,171,154,153,47,106,2068,1082,986,1019,1454,8381,63.5713756575,train
pa_115,45783,35732,248,3150,1082,2068,16504,6946,9558,8679,4124,4555,662,93,569,4060,1807,2253,2429,1083,8968,78.0464364502,train
fl_54,37063,31638,180,6870,3141,3729,16129,7419,8710,1014,583,431,429,88,341,5978,4017,1961,1038,1020,4405,85.3627607047,train
tx_304,66878,60129,238,14294,6091,8203,24848,13776,11072,4541,2341,2200,1142,575,567,12062,8526,3536,3004,1940,4809,89.9084900864,train
pa_153,47074,33045,531,6462,2241,4221,12502,5323,7179,5354,2898,2456,332,57,275,5017,2993,2024,2847,1219,12810,70.1979861495,train
la_50,285069,210955,1638,33145,11225,21920,111439,44694,66745,19874,9771,10103,4653,1435,3218,25895,11377,14518,14311,13259,60855,74.0013821215,train
nj_81,43458,34630,535,2848,605,2243,22316,5706,16610,4237,2098,2139,190,0,190,3086,1556,1530,1418,1148,7680,79.6861337383,train
ca_540,35139,27269,542,8413,2468,5945,11179,3774,7405,89,49,40,2964,721,2243,2584,1265,1319,1498,2860,5010,77.6032328752,train
ia_25,82095,59139,922,16821,7094,9727,27665,12755,14910,626,125,501,1170,699,471,4755,2600,2155,7180,3538,19418,72.03727389,train
co_109,222826,185849,1996,54978,23384,31594,87171,39549,47622,1852,875,977,5925,3150,2775,24719,14035,10684,9208,8234,28743,83.4054374265,train
tx_89,815266,571894,4661,147967,56943,91024,224210,107158,117052,25209,10707,14502,13454,4874,8580,81391,47504,33887,75002,40590,202782,70.1481479664,train
la_60,58954,37248,251,5816,2047,3769,19637,6954,12683,1110,549,561,1225,327,898,5412,2368,3044,3797,3366,18340,63.1814635139,train
fl_141,274658,224401,2325,51509,19527,31982,108298,42782,65516,13532,6257,7275,2933,1626,1307,36168,19032,17136,9636,9826,40431,81.7019711787,train
mi_127,72099,54402,1686,7992,2649,5343,29948,9769,20179,1258,385,873,3841,815,3026,3506,1886,1620,6171,3194,14503,75.4545832813,train
nj_156,54482,47992,123,3184,1064,2120,28594,11170,17424,8716,4818,3898,301,168,133,5548,3534,2014,1526,984,5506,88.0878088176,train
nc_198,87148,69390,843,10146,3680,6466,48284,22330,25954,826,636,190,552,302,250,5984,2992,2992,2755,3895,13863,79.6231697801,train
il_208,86070,71667,260,13586,6566,7020,42733,24399,18334,2800,1965,835,1627,713,914,6395,3846,2549,4266,4673,9730,83.2659463228,train
tx_22,43517,35650,188,6278,2507,3771,14930,5381,9549,3501,1743,1758,1198,233,965,5633,3089,2544,3922,1843,6024,81.9220074913,train
nj_151,43568,32538,598,3867,1427,2440,22739,8405,14334,498,217,281,464,158,306,3239,2042,1197,1133,1885,9145,74.6832537642,train
pa_102,49070,32708,926,10161,2084,8077,15557,3711,11846,304,166,138,1650,114,1536,2317,966,1351,1793,1913,14449,66.6557978398,train
ca_139,28521,25470,253,3240,1311,1929,7024,3603,3421,7409,3891,3518,332,172,160,6916,5672,1244,296,399,2652,89.3026191228,train
il_111,58122,40165,829,6993,1832,5161,22783,10600,12183,136,0,136,830,165,665,5101,2217,2884,3493,2597,15360,69.10464196,train
ok_72,43697,35218,439,5467,2274,3193,22332,9956,12376,1691,1038,653,392,392,0,3127,2029,1098,1770,2504,5975,80.5959219168,train
mi_191,27310,18258,359,2952,893,2059,10714,4887,5827,133,39,94,273,103,170,1643,702,941,2184,1442,7610,66.8546320029,train
ma_48,32520,27005,0,2890,1184,1706,20083,8571,11512,1097,393,704,433,51,382,1970,914,1056,532,546,4969,83.0412054121,train
ny_200,33285,28054,453,593,144,449,14903,6767,8136,7736,3721,4015,130,45,85,3519,2363,1156,720,910,4321,84.2842121076,train
ga_176,206824,168687,605,41269,18109,23160,80564,39701,40863,8495,4338,4157,4405,1456,2949,24878,15387,9491,8471,8253,29884,81.5606506015,train
la_83,54064,36412,43,6313,3133,3180,19812,9060,10752,618,394,224,1000,630,370,6766,2056,4710,1860,3797,13855,67.3498076354,train
va_137,98973,88366,798,11026,4116,6910,31436,16982,14454,22785,14834,7951,252,226,26,18486,6833,11653,3583,2155,8452,89.2829357502,train
in_114,41218,29575,148,5938,2157,3781,14818,6874,7944,2432,1293,1139,302,85,217,3364,1840,1524,2573,3248,8395,71.7526323451,train
ma_74,45946,35979,837,9663,2045,7618,18520,6330,12190,566,117,449,1434,503,931,3063,1096,1967,1896,1609,8358,78.3071431681,train
nd_25,52239,34494,683,9142,2727,6415,7000,2304,4696,7125,2631,4494,1064,460,604,7386,3395,3991,2094,2595,15150,66.0311261701,train
mi_78,34655,23476,129,1958,908,1050,17982,4708,13274,245,36,209,75,42,33,2165,983,1182,922,1463,9716,67.7420285673,train
il_33,223508,181852,1378,38636,11303,27333,101768,36588,65180,5434,2276,3158,6275,1734,4541,18332,9460,8872,10029,7169,34487,81.3626357893,train
in_150,39549,27441,474,6217,1450,4767,15061,3502,11559,2984,673,2311,217,0,217,1478,600,878,1010,1135,10973,69.3848137753,train
az_19,391975,295040,4443,51664,17424,34240,172246,70276,101970,4891,3268,1623,9906,3403,6503,29297,16112,13185,22593,21900,75035,75.2701065119,train
fl_333,170628,134151,1051,14207,3909,10298,65299,19638,45661,28029,10840,17189,1990,689,1301,17999,9926,8073,5576,6627,29850,78.62191434,train
ca_510,42013,37403,71,5410,2869,2541,18610,11185,7425,1192,903,289,494,0,494,10581,2781,7800,1045,1766,2844,89.0272058649,train
ca_99,74461,63751,418,7774,2193,5581,29531,9036,20495,15294,6347,8947,794,260,534,8003,4652,3351,1937,2464,8246,85.6166315252,train
ca_264,226317,168016,2103,47826,21391,26435,65782,29455,36327,7213,3694,3519,7004,3115,3889,20333,10536,9797,17755,8834,49467,74.2392308134,train
tx_444,31737,28437,165,4021,1938,2083,6185,3339,2846,10718,6162,4556,259,209,50,5350,4168,1182,1739,1055,2245,89.6020417809,train
mi_43,47152,33408,343,6694,2405,4289,18131,7875,10256,820,261,559,639,100,539,2747,1182,1565,4034,2096,11648,70.8517136071,train
fl_12,234974,138775,4236,61293,16522,44771,29509,10283,19226,2277,1132,1145,9875,2562,7313,19996,7577,12419,11589,13257,82942,59.0597257569,train
tx_458,53333,48933,57,7751,4244,3507,26530,13172,13358,3777,2480,1297,1546,776,770,5385,4400,985,3887,1418,2982,91.7499484372,train
tn_83,46012,35212,83,5154,1119,4035,11806,4746,7060,13067,3627,9440,157,0,157,3378,1665,1713,1567,858,9942,76.5278622968,train
nj_140,41987,27714,281,2218,383,1835,15420,3316,12104,4829,925,3904,294,133,161,2938,1387,1551,1734,1205,13068,66.0061447591,train
ga_147,46978,23136,858,8242,1924,6318,2131,822,1309,2465,1002,1463,2878,697,2181,4017,806,3211,2545,2787,21055,49.2485844438,train
il_84,20352,16506,165,3654,986,2668,9553,3556,5997,569,256,313,428,22,406,1438,868,570,699,728,3118,81.1025943396,train
ok_46,45310,26633,736,7001,1782,5219,7005,1748,5257,285,43,242,6264,1003,5261,2522,929,1593,2820,2037,16640,58.77951887,train
or_21,43911,32856,380,7595,2678,4917,17528,4223,13305,429,118,311,1248,185,1063,3782,1857,1925,1894,2379,8676,74.8240759719,train
fl_187,69373,51980,527,7704,1724,5980,36138,10203,25935,312,199,113,1250,416,834,4808,1790,3018,1241,1905,15488,74.9282862209,train
tx_470,76531,50681,718,11403,4966,6437,20380,9431,10949,3802,1401,2401,1378,713,665,5485,2661,2824,7515,4090,21760,66.2228378043,train
id_15,36806,27362,287,5885,2669,3216,12337,4971,7366,192,34,158,2696,1117,1579,3349,1425,1924,2616,2263,7181,74.3411400315,train
wa_59,37107,28723,303,4534,1383,3151,17014,9208,7806,127,0,127,232,158,74,3784,1727,2057,2729,1105,7279,77.4058802921,train
ga_154,35026,30283,214,11533,4638,6895,11683,3586,8097,635,226,409,804,128,676,2642,1028,1614,2772,937,3806,86.4586307315,train
va_80,39614,31175,190,1675,361,1314,14607,4063,10544,9790,4654,5136,393,280,113,3552,1450,2102,968,1138,7301,78.6969253294,train
mo_58,283891,215276,4531,72766,24855,47911,78742,29663,49079,7912,2490,5422,12646,3726,8920,22594,11174,11420,16085,10884,57731,75.830512415,train
in_107,42916,35759,414,9323,2612,6711,16749,8559,8190,1922,964,958,1325,815,510,2598,1211,1387,3428,982,6175,83.3232360891,train
ca_518,39418,34163,416,10907,5072,5835,17044,9797,7247,588,338,250,219,27,192,3623,2281,1342,1366,540,4715,86.6685270689,train
mo_24,82011,64655,1086,15139,5019,10120,25150,8382,16768,5170,1105,4065,5122,1080,4042,6355,2603,3752,6633,2501,14855,78.8369852825,train
mn_12,501710,353875,10034,103884,31251,72633,109148,37361,71787,20245,7851,12394,27664,8178,19486,45781,20467,25314,37119,21917,125918,70.5337744912,train
tx_45,87845,55378,1135,7548,2501,5047,30837,9611,21226,1044,599,445,3475,1319,2156,5129,1889,3240,6210,9409,23058,63.0405828448,train
sc_32,39739,26599,734,6296,785,5511,15642,2783,12859,1035,198,837,357,34,323,1624,669,955,911,1559,11581,66.9342459549,train
tn_29,62785,48611,497,12276,4973,7303,23735,12065,11670,1142,515,627,993,605,388,4893,2624,2269,5075,2755,11419,77.424544079,train
co_16,273050,206970,2112,40945,17401,23544,116323,54972,61351,3307,1361,1946,4831,1942,2889,25370,13380,11990,14082,13521,52559,75.7993041567,train
il_115,240005,183723,2381,41983,15948,26035,94243,38396,55847,4116,1918,2198,4939,2113,2826,18125,10081,8044,17936,10474,45808,76.5496552155,train
nm_40,42426,35782,539,11013,5413,5600,17577,8336,9241,983,599,384,781,350,431,4236,1782,2454,653,1813,4831,84.3397916372,train
az_104,41624,27688,508,3498,813,2685,11447,4699,6748,330,228,102,3373,1351,2022,3022,1167,1855,5510,1757,12179,66.5193157794,train
sc_33,87640,59127,621,9635,3696,5939,33664,11675,21989,2028,683,1345,2271,472,1799,5977,2572,3405,4931,8423,20090,67.4657690552,train
ga_116,36580,22539,512,5747,2438,3309,7862,3359,4503,730,266,464,1221,545,676,2131,1168,963,4336,1085,12956,61.6156369601,train
md_95,26573,17824,177,3719,1883,1836,10264,5246,5018,213,100,113,716,323,393,1304,586,718,1431,1223,7526,67.0756030557,train
tx_437,174890,119493,2059,31620,11582,20038,37354,13921,23433,11594,3334,8260,3596,652,2944,15178,6624,8554,18092,7152,48245,68.3246612156,train
oh_196,36662,30216,78,4364,1504,2860,19311,7658,11653,1214,485,729,125,0,125,3450,2089,1361,1674,1056,5390,82.4177622607,train
va_97,49960,32216,1154,9346,2843,6503,8237,2715,5522,404,162,242,4219,1272,2947,3635,2059,1576,5221,3024,14720,64.4835868695,train
ks_33,52588,32190,452,4133,1777,2356,15827,5625,10202,3295,1464,1831,421,100,321,3264,1932,1332,4798,3175,17223,61.2116832738,train
fl_165,42175,40225,583,10153,4903,5250,20044,9310,10734,1446,732,714,257,0,257,5887,3329,2558,1855,425,1525,95.3764078245,train
il_199,78560,58359,562,14093,4415,9678,33430,14646,18784,1800,516,1284,878,434,444,4238,2314,1924,3358,3406,16795,74.2858961303,train
in_120,54935,38521,564,9283,2364,6919,20594,5205,15389,3249,738,2511,488,77,411,2226,923,1303,2117,1715,14699,70.1210521525,train
mn_75,40486,34870,355,10166,5022,5144,18344,8859,9485,709,334,375,662,268,394,3043,1892,1151,1591,1194,4422,86.1285382601,train
ny_290,25921,22726,142,680,234,446,14930,7069,7861,4741,2351,2390,0,0,0,1804,792,1012,429,1069,2126,87.6740866479,train
va_133,39763,36752,42,1263,744,519,15592,8621,6971,15292,9717,5575,140,0,140,3340,1940,1400,1083,573,2438,92.4276337298,train
tx_50,32004,22573,390,4587,1966,2621,8778,2974,5804,90,0,90,1706,1072,634,1039,466,573,5983,1840,7591,70.5318085239,train
il_231,32876,29806,146,6991,4144,2847,15913,9069,6844,2068,809,1259,681,367,314,2833,1553,1280,1174,501,2569,90.6618810074,train
ak_20,58041,51383,652,8303,3815,4488,31107,16246,14861,147,147,0,1515,722,793,6285,4063,2222,3374,1674,4984,88.5287986079,train
ca_470,54816,40635,319,10346,4036,6310,18646,9091,9555,4020,2554,1466,480,296,184,4481,2546,1935,2343,3508,10673,74.1298161121,train
ny_256,75097,58290,700,9883,2058,7825,38688,13892,24796,1601,602,999,235,26,209,5478,2000,3478,1705,2086,14721,77.6196119685,train
ca_359,55168,46787,560,9504,3279,6225,16158,5556,10602,10765,3787,6978,475,204,271,7692,4121,3571,1633,1279,7102,84.8082221578,train
ar_24,30590,24086,43,4983,1238,3745,14810,4549,10261,747,487,260,440,130,310,1640,993,647,1423,1530,4974,78.7381497221,train
pa_111,64235,46428,619,8716,2731,5985,28300,9919,18381,621,239,382,1122,169,953,3405,1976,1429,3645,1495,16312,72.2783529229,train
pr_78,61993,37846,174,7139,3720,3419,15477,7422,8055,146,52,94,1571,460,1111,2925,1567,1358,10414,3047,21100,61.0488280935,train
in_147,38496,30678,233,6845,1617,5228,16680,4125,12555,2990,424,2566,188,0,188,2596,1436,1160,1146,1317,6501,79.6913965087,train
il_176,44931,39986,285,7670,4249,3421,24208,13610,10598,1583,1293,290,557,246,311,3709,2149,1560,1974,1091,3854,88.9942356057,train
ca_192,99302,80530,566,21976,10318,11658,35684,19357,16327,4675,2170,2505,1808,681,1127,9366,6539,2827,6455,2422,16350,81.096050432,train
nj_31,23601,19818,58,1790,831,959,14005,8054,5951,551,160,391,152,85,67,2440,1469,971,822,553,3230,83.9710181772,train
ca_284,269268,228635,2050,53651,22496,31155,126792,62011,64781,10892,5353,5539,2388,958,1430,24149,13244,10905,8713,6178,34455,84.9098296121,train
tx_93,34347,31835,175,3381,1473,1908,16911,6993,9918,1914,600,1314,225,165,60,6614,3984,2630,2615,826,1686,92.6864063819,train
ut_20,29414,19176,267,4415,1518,2897,9001,3110,5891,412,198,214,955,306,649,1601,899,702,2525,1117,9121,65.1934452982,train
mo_98,84278,56842,364,17262,6864,10398,20089,7467,12622,7382,2238,5144,1078,329,749,6428,2707,3721,4239,5541,21895,67.4458340255,train
il_104,33257,27121,276,4886,2042,2844,14943,8283,6660,1186,430,756,789,477,312,3229,1739,1490,1812,1254,4882,81.549748925,train
md_85,41972,35788,236,2755,1111,1644,9538,2784,6754,13256,4503,8753,639,232,407,8520,5160,3360,844,1362,4822,85.2663680549,train
tx_445,25753,14700,287,3676,1335,2341,6284,2767,3517,766,49,717,768,146,622,1087,271,816,1832,1101,9952,57.0807284588,train
pa_141,55908,44233,635,9780,2940,6840,26668,8279,18389,636,39,597,929,129,800,4756,2685,2071,829,1677,9998,79.117478715,train
ca_132,21368,16049,189,3606,1596,2010,8027,3813,4214,395,154,241,131,131,0,2877,1838,1039,824,1054,4265,75.1076375889,train
ca_193,42757,36613,229,7837,4024,3813,18948,10445,8503,2452,1089,1363,819,619,200,4552,3156,1396,1776,904,5240,85.6304230886,train
wa_12,273980,202883,5345,61364,18039,43325,68215,25679,42536,7963,2646,5317,16825,4541,12284,25241,12618,12623,17930,13356,57741,74.050295642,train
ga_19,103748,76530,383,12637,5519,7118,45750,19094,26656,841,281,560,1323,884,439,7615,3247,4368,7981,3844,23374,73.7652774029,train
al_68,38327,16905,289,5523,1934,3589,5659,1933,3726,1034,292,742,178,30,148,2975,1346,1629,1247,3488,17934,44.1072872909,train
nc_35,377213,300492,2551,56449,20251,36198,169355,69761,99594,12945,6788,6157,6136,2544,3592,31716,19017,12699,21340,13095,63626,79.6610933345,train
il_63,21257,20027,125,4724,2062,2662,10769,6293,4476,1176,850,326,286,239,47,2052,966,1086,895,351,879,94.2136707908,train
ct_68,47921,39359,228,8541,3162,5379,22165,8327,13838,1818,954,864,502,93,409,5299,3539,1760,806,1416,7146,82.1330940506,train
ca_357,40165,36194,771,9882,3109,6773,15713,6374,9339,1481,884,597,528,185,343,6036,3248,2788,1783,1115,2856,90.1132827088,train
pa_167,43165,36451,0,3549,954,2595,16724,6461,10263,11008,5209,5799,251,66,185,4205,2463,1742,714,1126,5588,84.4457314954,train
ri_27,69625,51615,548,4370,1590,2780,25843,7558,18285,11812,3725,8087,370,89,281,6479,2392,4087,2193,2498,15512,74.1328545781,train
fl_337,49672,39752,635,7141,2550,4591,21820,6614,15206,2150,665,1485,1633,244,1389,4805,2106,2699,1568,2378,7542,80.0289901756,train
in_109,40685,35635,283,7169,3645,3524,21270,8856,12414,2507,1262,1245,384,117,267,2075,1449,626,1947,1071,3979,87.5875629839,train
oh_64,164400,92492,868,26166,7434,18732,36302,13885,22417,2393,1040,1353,2674,938,1736,13487,6996,6491,10602,12505,59403,56.2603406326,train
ma_98,57332,41366,232,3491,1016,2475,32011,12964,19047,555,150,405,404,339,65,2833,1064,1769,1840,873,15093,72.151677946,train
tn_102,49370,31113,298,8690,3310,5380,14034,6110,7924,1290,899,391,358,0,358,3705,1626,2079,2738,2671,15586,63.0200526636,train
va_112,67384,52466,576,3625,1324,2301,22743,10839,11904,12945,6534,6411,481,103,378,7000,2589,4411,5096,1927,12991,77.8612133444,train
ca_200,37332,34112,539,5570,2518,3052,20867,11370,9497,848,310,538,236,184,52,4556,2784,1772,1496,540,2680,91.3746919533,train
mi_136,48720,37412,408,4503,1918,2585,22416,12502,9914,1338,866,472,664,475,189,4204,2481,1723,3879,2766,8542,76.789819376,train
fl_189,75729,59512,332,3733,856,2877,29171,9240,19931,16424,6205,10219,450,213,237,6057,2960,3097,3345,3082,13135,78.585482444,train
az_110,28705,12881,96,2031,615,1416,8037,1357,6680,24,24,0,244,72,172,1121,470,651,1328,1921,13903,44.8737153806,train
nc_177,57368,46550,431,14969,6688,8281,24192,11133,13059,539,275,264,631,83,548,3994,2584,1410,1794,2313,8505,81.1427973783,train
tx_280,45662,32095,255,6555,1519,5036,18129,3105,15024,1280,353,927,546,235,311,2710,1407,1303,2620,2038,11529,70.2882046341,train
tx_149,25009,16089,672,3690,387,3303,6850,1606,5244,435,99,336,316,86,230,3265,673,2592,861,135,8785,64.3328401775,train
mn_24,57623,43169,608,7522,2369,5153,22719,7114,15605,1783,706,1077,2415,746,1669,4452,1771,2681,3670,3186,11268,74.9162660743,train
oh_159,39048,33271,220,5493,3086,2407,18798,10370,8428,1486,1104,382,299,166,133,4699,2520,2179,2276,1018,4759,85.2053882401,train
nh_36,51200,45165,76,3025,1100,1925,34436,14078,20358,1980,1315,665,478,436,42,2562,1627,935,2608,739,5296,88.212890625,train
ca_311,37391,25057,335,5420,2541,2879,10184,4341,5843,431,246,185,570,212,358,5595,4042,1553,2522,1926,10408,67.0134524351,train
pa_12,585123,398221,12249,149199,37389,111810,153345,44321,109024,3792,1362,2430,14472,3345,11127,41441,15578,25863,23723,21792,165110,68.0576562535,train
nc_125,43539,27365,1539,7932,2634,5298,13150,3549,9601,206,79,127,1038,165,873,1991,1006,985,1509,943,15231,62.8516961804,train
il_174,42798,32598,410,7524,2166,5358,17561,8171,9390,1802,1103,699,357,115,242,3268,1967,1301,1676,1074,9126,76.1671106126,train
il_198,48561,36357,573,7628,1955,5673,17144,7177,9967,1699,660,1039,1087,257,830,5440,2965,2475,2786,2311,9893,74.8687218138,train
ca_434,60942,50666,111,10149,4398,5751,23068,11398,11670,6162,3114,3048,955,374,581,5869,3237,2632,4352,2862,7414,83.1380657018,train
ca_449,50110,33527,159,5054,1010,4044,16069,4035,12034,3386,1140,2246,827,157,670,3976,1991,1985,4056,1313,15270,66.9068050289,train
nc_132,55935,34033,897,11887,3635,8252,9811,2310,7501,1076,123,953,2786,733,2053,3714,1993,1721,3862,2074,19828,60.843836596,train
ct_78,44520,33726,598,8612,2543,6069,19263,6897,12366,336,125,211,467,195,272,2451,1153,1298,1999,1525,9269,75.7547169811,train
ca_287,301385,270347,2183,51164,21840,29324,123025,67239,55786,36989,22242,14747,3293,1871,1422,46333,33594,12739,7360,6914,24124,89.7015445361,train
ca_186,27299,20129,75,6005,2783,3222,6999,2556,4443,2854,869,1985,519,157,362,2608,1178,1430,1069,1489,5681,73.7353016594,train
va_84,38784,36399,91,2345,1389,956,7783,4849,2934,18920,11668,7252,460,372,88,5531,3182,2349,1269,1394,991,93.8505569307,train
ct_59,57722,48061,296,8285,2285,6000,30420,10209,20211,1302,389,913,275,143,132,6100,3778,2322,1383,1782,7879,83.2628807041,train
az_65,54102,46082,352,6108,2247,3861,30838,13275,17563,803,288,515,784,478,306,5113,2842,2271,2084,2079,5941,85.1761487561,train
mo_41,46626,37458,284,12579,5179,7400,15777,7056,8721,1360,1291,69,744,643,101,4284,2819,1465,2430,3242,5926,80.3371509458,train
ga_160,54441,33091,571,7505,2945,4560,18275,5326,12949,66,66,0,326,118,208,3580,1776,1804,2768,2417,18933,60.783233225,train
nc_128,47735,36200,244,9294,2919,6375,20066,9658,10408,165,62,103,1136,671,465,3302,1614,1688,1993,1001,10534,75.8353409448,train
ny_122,288509,215203,2272,29090,10350,18740,150341,59493,90848,1673,1028,645,3332,1322,2010,15708,8044,7664,12787,11227,62079,74.5914338894,train
wa_107,45326,38570,318,4599,2815,1784,24764,13648,11116,2453,1231,1222,203,74,129,4137,2312,1825,2096,2545,4211,85.0946476636,train
tx_487,42378,26593,305,5140,1561,3579,14068,5347,8721,1471,1061,410,577,213,364,4114,2392,1722,918,3856,11929,62.7518995705,train
nc_163,41339,21880,763,7347,1858,5489,6684,2345,4339,1221,437,784,885,345,540,3621,1275,2346,1359,2206,17253,52.9282275817,train
mn_94,44952,38114,172,7304,3284,4020,23244,10884,12360,145,107,38,265,156,109,4649,2255,2394,2335,1267,5571,84.7882185442,train
wi_43,26732,19084,291,3677,1117,2560,11847,2853,8994,570,233,337,283,42,241,963,467,496,1453,1251,6397,71.390094269,train
mt_12,259379,189183,4770,65095,15607,49488,55720,17320,38400,6300,1576,4724,15261,3476,11785,26697,10599,16098,15340,9652,60544,72.9368992864,train
sd_11,83723,53265,1631,14721,5032,9689,11911,3917,7994,6037,1718,4319,2626,950,1676,10912,3593,7319,5427,3958,26500,63.6205104929,train
mo_77,48882,39066,455,10880,4279,6601,15726,8197,7529,2529,1473,1056,1050,450,600,3751,1816,1935,4675,2507,7309,79.9189885848,train
or_42,59637,45731,316,7907,2811,5096,26671,8373,18298,1641,379,1262,1911,357,1554,3286,1846,1440,3999,3015,10891,76.6822610125,train
ga_74,281992,200943,1467,44661,19394,25267,98553,45378,53175,8760,4764,3996,4480,1843,2637,27504,14959,12545,15518,16893,64156,71.2584044937,train
ma_106,49433,38129,218,5019,2186,2833,25951,13307,12644,394,268,126,338,119,219,4702,2661,2041,1507,1180,10124,77.1326846439,train
fl_77,43832,32483,447,7814,2317,5497,16029,6260,9769,1239,670,569,643,155,488,4758,2443,2315,1553,2127,9222,74.1079576565,train
va_15,26961,17848,183,4562,672,3890,7118,1867,5251,641,266,375,1466,253,1213,1041,375,666,2837,659,8454,66.1993249509,train
az_118,86434,58749,497,12250,3495,8755,35503,12845,22658,388,246,142,1464,343,1121,5920,2749,3171,2727,4136,23549,67.9697804105,train
pa_64,130418,94551,923,15828,5080,10748,44491,16354,28137,17374,7725,9649,1834,588,1246,10021,6335,3686,4080,6323,29544,72.4984281311,train
il_108,21781,17185,112,4165,1196,2969,10109,4612,5497,215,42,173,296,211,85,1735,918,817,553,282,4314,78.8990404481,train
pa_27,33971,24703,634,7707,2136,5571,11597,3017,8580,368,152,216,853,282,571,1560,494,1066,1984,1553,7715,72.7179064496,train
fl_145,224434,175770,2092,33370,11582,21788,98126,29838,68288,4240,2062,2178,3314,1127,2187,18501,8477,10024,16127,4205,44459,78.3170107916,train
pr_79,49543,29825,151,7165,3455,3710,9867,5753,4114,0,0,0,965,287,678,1343,653,690,10334,1244,18474,60.2002301031,train
ct_31,49986,28662,211,4938,1573,3365,14876,4651,10225,911,402,509,721,0,721,5813,1659,4154,1192,3385,17939,57.3400552155,train
wi_44,29236,23005,136,4806,1156,3650,13052,4082,8970,855,384,471,384,263,121,3015,1406,1609,757,1335,4896,78.6872349159,train
ga_99,56100,48628,59,7962,3931,4031,28912,15347,13565,2658,1299,1359,779,505,274,5395,3015,2380,2863,2856,4616,86.6809269162,train
ga_136,41324,27608,401,12894,4033,8861,7249,2984,4265,702,292,410,2301,646,1655,3162,978,2184,899,1950,11766,66.8086342077,train
nc_10,454975,294014,6331,90011,29248,60763,113803,38144,75659,5946,2299,3647,16254,4121,12133,35317,16201,19116,26352,20230,140731,64.6220121985,train
az_18,34147,20337,578,5374,2132,3242,5625,2253,3372,183,140,43,947,355,592,2109,826,1283,5521,799,13011,59.5572085395,train
la_67,50543,43247,440,6129,2871,3258,27753,13976,13777,2139,1552,587,548,482,66,3833,1781,2052,2405,1687,5609,85.5647666344,train
ks_41,274922,193105,2949,34488,10227,24261,94096,32033,62063,16118,3275,12843,8360,2522,5838,24155,12657,11498,12939,14586,67231,70.2399225962,train
mn_56,254225,212470,2901,52141,18544,33597,114864,50983,63881,4014,1874,2140,5846,2149,3697,19578,10826,8752,13126,8746,33009,83.5755728194,train
wa_155,24221,19595,333,4275,1711,2564,9834,4619,5215,280,205,75,956,122,834,2524,1171,1353,1393,1685,2941,80.9008711449,train
pa_132,51901,38034,584,7501,1594,5907,20781,7110,13671,1860,525,1335,1096,700,396,4725,2084,2641,1487,1777,12090,73.281825013,train
ca_137,35087,25957,365,9518,2388,7130,10107,3320,6787,648,460,188,443,203,240,2774,1393,1381,2102,1172,7958,73.9789665688,train
ca_396,78918,69477,297,13629,7858,5771,35220,17450,17770,2589,1901,688,1466,700,766,13287,9918,3369,2989,1960,7481,88.0369497453,train
ga_77,250053,165592,1624,64660,14908,49752,62733,20377,42356,1848,360,1488,6326,1459,4867,16331,7334,8997,12070,9285,75176,66.2227607747,train
la_39,48569,37132,42,5913,1254,4659,14255,5128,9127,6213,2127,4086,888,119,769,8144,2593,5551,1677,2352,9085,76.452057897,train
pa_103,50736,34051,1163,13652,3724,9928,13298,3260,10038,54,19,35,921,145,776,3291,1467,1824,1672,1633,15052,67.1140807316,train
ca_410,31824,25554,141,5801,2104,3697,10511,5280,5231,1566,915,651,694,622,72,5459,3351,2108,1382,797,5473,80.2978883861,train
va_19,23219,18515,375,2400,991,1409,7880,3483,4397,132,87,45,3136,1433,1703,1649,1034,615,2943,829,3875,79.7407295749,train
wa_25,302287,238343,1844,37024,15161,21863,150683,69346,81337,3858,2057,1801,4913,2052,2861,25197,14153,11044,14824,10811,53133,78.8465928075,train
ks_49,53797,46555,352,8978,4150,4828,23597,13654,9943,4233,2076,2157,430,176,254,5154,3244,1910,3811,1649,5593,86.5382828039,train
or_27,35454,28895,366,4668,1366,3302,13224,5056,8168,2553,1074,1479,2623,890,1733,3495,1390,2105,1966,727,5832,81.4999717944,train
ca_466,46871,38902,516,8029,3228,4801,17743,9387,8356,5259,3351,1908,1275,455,820,4338,2241,2097,1742,1263,6706,82.9980158307,train
me_31,69766,56728,772,9646,1841,7805,38852,14266,24586,1093,273,820,614,144,470,3272,1648,1624,2479,2269,10769,81.3118137775,train
ca_76,45531,37484,97,5801,2810,2991,24402,8987,15415,1291,629,662,369,124,245,4088,2251,1837,1436,1331,6716,82.3263271178,train
fl_49,170628,134151,1051,14207,3909,10298,65299,19638,45661,28029,10840,17189,1990,689,1301,17999,9926,8073,5576,6627,29850,78.62191434,train
ky_25,45541,34516,441,5155,2115,3040,19643,8579,11064,221,0,221,1227,344,883,2584,1842,742,5245,3746,7279,75.7910454316,train
ca_437,56020,46688,366,13380,5821,7559,19408,10299,9109,2845,1118,1727,988,450,538,5967,4334,1633,3734,1294,8038,83.3416636915,train
in_35,72659,49248,931,6366,2161,4205,32797,10819,21978,663,0,663,445,244,201,5193,2794,2399,2853,2231,21180,67.7796281259,train
ca_103,24998,18880,109,3649,1038,2611,8186,2973,5213,723,393,330,519,341,178,3049,1649,1400,2645,1438,4680,75.5260420834,train
wi_86,68985,49858,600,9821,2942,6879,28837,7781,21056,1169,384,785,1422,319,1103,3956,1746,2210,4053,2889,16238,72.2736826846,train
hi_11,64929,48726,1123,11177,3051,8126,28857,7280,21577,469,336,133,926,118,808,3400,1610,1790,2774,2237,13966,75.0450492076,train
ny_147,47620,37064,431,3737,719,3018,18964,7834,11130,8866,4162,4704,238,0,238,3213,1322,1891,1615,1365,9191,77.8328433431,train
mo_14,32448,21739,373,3916,1521,2395,11342,4145,7197,254,150,104,1212,570,642,2132,1269,863,2510,1345,9364,66.9964250493,train
az_52,216600,117331,1140,22718,7640,15078,68176,23882,44294,1281,600,681,1947,681,1266,9364,4480,4884,12705,12307,86962,54.1694367498,train
sc_65,41152,25679,683,7009,2318,4691,6344,3012,3332,1291,138,1153,2566,796,1770,3673,1029,2644,4113,3148,12325,62.4003693624,train
nj_75,261665,203988,2007,14682,4946,9736,116561,49369,67192,40585,17033,23552,3090,750,2340,21319,10566,10753,5744,6485,51192,77.9576939981,train
wa_92,49041,35487,758,8962,3231,5731,16481,6533,9948,506,154,352,1754,855,899,3145,1611,1534,3881,1740,11814,72.3619012663,train
nm_41,44231,30196,544,9673,2524,7149,13380,5006,8374,614,246,368,596,139,457,2410,888,1522,2979,1414,12621,68.2688612059,train
mi_133,72623,55206,1141,12868,4140,8728,24275,9354,14921,988,210,778,2636,811,1825,6184,3367,2817,7114,2810,14607,76.0172397174,train
ok_63,44542,27872,396,8053,2681,5372,9145,3957,5188,1893,1362,531,2207,888,1319,2868,1347,1521,3310,4668,12002,62.5746486462,train
co_13,157392,120495,1604,32676,14829,17847,62128,28255,33873,1355,479,876,2843,840,2003,12342,8043,4299,7547,7191,29706,76.5572583105,train
ut_56,49394,40289,441,11924,4283,7641,13594,5571,8023,587,123,464,4311,1804,2507,4381,2262,2119,5051,1822,7283,81.5665870349,train
fl_56,40219,33278,95,1955,570,1385,13993,4589,9404,9576,3417,6159,421,105,316,5976,3268,2708,1262,1229,5712,82.7419876178,train
sc_57,61740,44190,442,13717,5970,7747,16671,7961,8710,813,510,303,1491,713,778,5314,2512,2802,5742,2660,14890,71.5743440233,train
tx_101,25009,16089,672,3690,387,3303,6850,1606,5244,435,99,336,316,86,230,3265,673,2592,861,135,8785,64.3328401775,train
la_11,130914,68103,2184,23995,7425,16570,11966,3581,8385,1368,207,1161,9133,2189,6944,9007,4716,4291,10450,4687,58124,52.021174206,train
la_99,88248,70923,436,21369,9268,12101,29590,15525,14065,3550,1939,1611,1988,1222,766,9466,5634,3832,4524,3405,13920,80.3678270329,train
md_74,46949,42670,415,4714,1689,3025,15872,6466,9406,13258,5448,7810,362,227,135,6079,3087,2992,1970,949,3330,90.8858548638,train
tn_63,66112,45439,1136,11405,5037,6368,15496,5347,10149,1382,609,773,4211,1840,2371,3815,1963,1852,7994,2664,18009,68.7303363988,train
az_23,24013,15197,380,2298,797,1501,8570,2894,5676,411,361,50,611,262,349,2229,1064,1165,698,2351,6465,63.2865531171,train
al_67,73694,60084,398,19976,8753,11223,20188,9775,10413,4965,3223,1742,1391,507,884,9411,6026,3385,3755,3455,10155,81.5317393546,train
tx_49,127788,90118,277,8252,3209,5043,52778,25093,27685,2845,1398,1447,3445,730,2715,9779,5939,3840,12742,7474,30196,70.5214887157,train
ny_289,55100,35144,208,2177,546,1631,22272,7106,15166,2123,356,1767,415,299,116,5775,2903,2872,2174,2786,17170,63.7822141561,train
pa_13,37242,28433,986,9188,3146,6042,13091,5837,7254,103,45,58,1037,336,701,2280,847,1433,1748,788,8021,76.3465979271,train
wi_81,47489,34062,969,11443,3333,8110,9285,3336,5949,727,291,436,3048,929,2119,2990,1501,1489,5600,1040,12387,71.7260839352,train
tx_379,52222,45804,294,8104,2558,5546,23485,10253,13232,4338,2556,1782,944,688,256,4966,2811,2155,3673,1832,4586,87.7101604688,train
il_259,23781,22609,0,4498,1767,2731,12922,4980,7942,1247,1052,195,229,0,229,1280,831,449,2433,77,1095,95.0716958917,train
in_158,30466,21876,241,4687,1410,3277,11250,3444,7806,973,451,522,528,120,408,1471,840,631,2726,1719,6871,71.8046346747,train
or_55,42673,33843,325,4635,2209,2426,22796,11707,11089,239,62,177,1009,405,604,2374,1319,1055,2465,1438,7392,79.3077590045,train
sd_29,61558,46590,412,5604,1574,4030,29146,11345,17801,926,202,724,664,333,331,6548,2784,3764,3290,3351,11617,75.6847201014,train
ny_99,226339,187865,927,3699,1250,2449,117970,32172,85798,38549,12978,25571,478,229,249,21706,10852,10854,4536,5255,33219,83.001603789,train
ok_48,100126,80251,1193,13911,5510,8401,45216,19713,25503,3511,2036,1475,1616,1070,546,9514,6243,3271,5290,4480,15395,80.1500109862,train
ny_149,42784,35055,437,6203,1663,4540,23510,9064,14446,1018,303,715,411,30,381,2374,1243,1131,1102,1003,6726,81.9348354525,train
mi_183,70545,49009,551,10972,3880,7092,27731,9531,18200,1586,605,981,631,348,283,4283,1933,2350,3255,4042,17494,69.4719682472,train
id_39,81316,64453,1399,21229,7203,14026,26354,11102,15252,1546,516,1030,2489,966,1523,4849,2423,2426,6587,2745,14118,79.2623837867,train
nc_158,52983,36228,1103,7101,2209,4892,19565,8082,11483,327,98,229,1311,98,1213,3846,1792,2054,2975,2659,14096,68.3766491139,train
va_141,115675,96133,386,4703,1496,3207,45979,14906,31073,29586,13554,16032,1262,567,695,11422,5292,6130,2795,4209,15333,83.106116274,train
il_68,21753,17307,0,4010,1595,2415,9532,3055,6477,507,404,103,415,323,92,2032,1229,803,811,603,3843,79.5614398014,train
tx_104,38870,29633,0,3536,2010,1526,16050,8778,7272,440,99,341,693,272,421,2720,2086,634,6194,879,8358,76.2361718549,train
wa_102,70611,62138,564,9643,5384,4259,38795,21095,17700,438,236,202,843,686,157,7945,6127,1818,3910,2652,5821,88.0004531872,train
nc_24,125889,94071,894,12432,5075,7357,60302,28925,31377,1034,602,432,1695,679,1016,8940,4308,4632,8774,5852,25966,74.7253532874,train
tx_135,105977,94994,164,10514,3800,6714,27058,11569,15489,31796,14501,17295,876,451,425,22950,4839,18111,1636,2799,8184,89.6364305463,train
nj_157,24687,18566,93,1082,272,810,12918,2136,10782,2938,852,2086,0,0,0,955,590,365,580,818,5303,75.2055737838,train
ga_36,70852,61887,421,21672,9230,12442,24424,8933,15491,1494,576,918,1756,596,1160,5915,3223,2692,6205,1624,7341,87.3468638853,train
wi_110,32124,25678,337,5354,1355,3999,16111,4811,11300,446,81,365,600,272,328,2004,664,1340,826,1277,5169,79.9340057278,train
tx_326,43486,26671,97,5739,1303,4436,9003,3117,5886,799,426,373,596,40,556,8923,1684,7239,1514,1786,15029,61.3323828359,train
mi_71,49077,34533,343,6986,2475,4511,18717,8130,10587,944,261,683,639,100,539,2793,1182,1611,4111,2289,12255,70.3649367321,train
fl_58,46914,34452,40,3784,1300,2484,23267,6941,16326,2611,1108,1503,283,80,203,3167,1710,1457,1300,1357,11105,73.4365008313,train
il_142,58380,42255,305,8461,3406,5055,21828,9463,12365,3124,1000,2124,1118,375,743,4889,2713,2176,2530,1718,14407,72.3792394656,train
va_52,36012,25357,323,2607,1069,1538,12384,4820,7564,2871,1274,1597,224,174,50,2642,1113,1529,4306,1251,9404,70.412640231,train
tx_294,44564,28507,576,7648,1791,5857,14510,2901,11609,282,106,176,553,91,462,2667,1321,1346,2271,666,15391,63.9686742662,train
al_45,74111,45296,670,12389,4380,8009,19687,6523,13164,1789,1071,718,788,216,572,7082,3195,3887,2891,4021,24794,61.1191321126,train
in_130,72659,49248,931,6366,2161,4205,32797,10819,21978,663,0,663,445,244,201,5193,2794,2399,2853,2231,21180,67.7796281259,train
ca_113,24848,17183,274,4872,1849,3023,5676,2899,2777,830,328,502,1109,236,873,1752,1012,740,2670,1318,6347,69.152446877,train
fl_183,60702,45414,337,9271,5014,4257,24108,12969,11139,1587,809,778,863,545,318,4933,2937,1996,4315,4274,11014,74.81466838,train
fl_35,839491,590120,7011,149344,37670,111674,278848,77329,201519,30339,15927,14412,12312,3256,9056,78224,37489,40735,34042,28228,221143,70.2949763607,train
ar_38,281842,181855,2398,42041,10905,31136,94087,30726,63361,5137,2199,2938,7214,1949,5265,18317,7757,10560,12661,28788,71199,64.5237402516,train
fl_241,73931,59543,329,6645,1508,5137,42782,12564,30218,299,109,190,1151,224,927,4724,1751,2973,3613,2681,11707,80.5386103258,train
in_106,39311,26137,518,7767,2225,5542,11277,3649,7628,699,165,534,931,201,730,2672,1358,1314,2273,849,12325,66.4877515199,train
ky_34,277070,169603,3304,76888,19676,57212,46583,15176,31407,4508,1454,3054,6992,1803,5189,22041,8655,13386,9287,10832,96635,61.2130508536,train
sc_60,47011,30738,207,4066,1761,2305,18886,6538,12348,867,382,485,843,345,498,3148,1374,1774,2721,4788,11485,65.3846971985,train
nc_117,59723,44967,413,7339,2528,4811,27048,11009,16039,2207,1261,946,290,41,249,4441,3053,1388,3229,3664,11092,75.2926008405,train
ma_13,212609,157237,1001,13521,4865,8656,108846,41001,67845,9365,4185,5180,1823,756,1067,16945,8129,8816,5736,5812,49560,73.9559473023,train
al_19,40448,26173,1318,3763,984,2779,16741,3506,13235,309,61,248,500,77,423,2142,776,1366,1400,1093,13182,64.707772943,train
ne_11,142134,94306,2513,30695,9961,20734,23061,7505,15556,4127,1384,2743,9654,3274,6380,12957,5606,7351,11299,6950,40878,66.3500640241,train
pa_139,39767,26741,356,3545,1098,2447,15764,4470,11294,2606,703,1903,41,0,41,2361,731,1630,2068,1673,11353,67.2441974501,train
oh_132,44754,32900,784,6644,2232,4412,17782,7506,10276,1501,434,1067,1199,385,814,3021,1186,1835,1969,2749,9105,73.5129820798,train
va_139,27955,19597,590,5791,2001,3790,4531,1603,2928,356,162,194,2477,1122,1355,2418,1396,1022,3434,1519,6839,70.1019495618,train
ny_30,87970,60858,1588,10556,2977,7579,38434,11896,26538,899,255,644,850,161,689,6014,2991,3023,2517,2965,24147,69.1804024099,train
in_50,57293,44613,445,8792,2980,5812,22500,10485,12015,3848,1783,2065,529,77,452,4767,2448,2319,3732,1834,10846,77.8681514321,train
va_69,284079,195210,2336,21138,7949,13189,95780,39865,55915,26899,13016,13883,3257,1798,1459,18609,8903,9706,27191,14652,74217,68.7168006083,train
wa_150,43024,37747,284,5346,1966,3380,23081,10612,12469,772,309,463,712,126,586,4134,2360,1774,3418,615,4662,87.7347526962,train
tx_156,46626,27925,353,3319,797,2522,18125,5801,12324,482,319,163,689,342,347,2577,1079,1498,2380,5251,13450,59.8914768584,train
il_237,44213,30461,138,5532,1342,4190,16335,4461,11874,861,213,648,1824,311,1513,3128,1491,1637,2643,1704,12048,68.8960260557,train
va_46,80014,64290,432,5891,2000,3891,30063,11815,18248,11404,3985,7419,802,388,414,12246,4142,8104,3452,2779,12945,80.3484390232,train
ny_61,86482,52175,444,7728,2706,5022,31685,11447,20238,483,200,283,1535,643,892,3672,1856,1816,6628,4859,29448,60.3304733933,train
wi_103,54061,35741,1090,14481,4641,9840,8423,2939,5484,1255,540,715,1936,767,1169,4747,2281,2466,3809,2453,15867,66.1123545624,train
wa_100,43047,37800,134,5276,1860,3416,23768,10603,13165,721,333,388,395,49,346,4401,2408,1993,3105,916,4331,87.810997282,train
il_268,28741,24908,204,5930,3219,2711,13763,8895,4868,790,133,657,216,128,88,3050,1944,1106,955,898,2935,86.66365123,train
ca_44,69729,48848,915,20737,4400,16337,14482,4497,9985,1064,546,518,2116,657,1459,5598,2440,3158,3936,2965,17916,70.0540664573,train
tx_439,26810,18212,232,4106,1344,2762,7637,2480,5157,561,208,353,360,269,91,2156,576,1580,3160,1721,6877,67.9298769116,train
ca_553,45116,36102,530,6604,2509,4095,17916,9391,8525,1725,631,1094,1108,209,899,4765,2631,2134,3454,2657,6357,80.0203918787,train
mo_21,118068,81044,1748,25325,7672,17653,31883,12350,19533,6661,2549,4112,2494,1153,1341,8116,4337,3779,4817,9062,27962,68.6417996409,train
va_92,44918,32220,1087,4644,1586,3058,16933,6336,10597,815,150,665,2613,701,1912,3348,2063,1285,2780,3448,9250,71.7307092925,train
mn_50,26155,23053,185,4607,1570,3037,14365,7423,6942,460,171,289,780,378,402,1797,815,982,859,787,2315,88.1399350029,train
ny_27,298314,223644,2272,30889,10958,19931,155870,61967,93903,1673,1028,645,3385,1348,2037,16606,8528,8078,12949,11452,63218,74.9693276212,train
ny_16,32271,20321,637,4312,1247,3065,8325,2637,5688,418,151,267,2074,614,1460,1126,668,458,3429,1913,10037,62.9698490905,train
mn_115,51669,42913,455,8313,2715,5598,27570,11376,16194,589,121,468,960,411,549,3549,2042,1507,1477,1639,7117,83.053668544,train
ky_46,58894,36922,556,12427,3467,8960,13672,5394,8278,894,211,683,910,219,691,6872,3293,3579,1591,2511,19461,62.692294631,train
mt_17,45820,35169,405,9303,1998,7305,16823,3873,12950,447,209,238,1450,577,873,3266,1427,1839,3475,2135,8516,76.7546922741,train
ma_113,50596,42143,292,3215,1376,1839,25002,12588,12414,6228,3407,2821,494,301,193,4864,3053,1811,2048,1037,7416,83.2931457032,train
ca_47,167411,119008,1682,36761,18129,18632,42210,22483,19727,5631,2909,2722,5664,2773,2891,14738,7779,6959,12322,6387,42016,71.087324011,train
oh_74,164400,92492,868,26166,7434,18732,36302,13885,22417,2393,1040,1353,2674,938,1736,13487,6996,6491,10602,12505,59403,56.2603406326,train
tx_186,211463,127066,1413,31032,12369,18663,47794,19566,28228,5268,1499,3769,2857,1584,1273,15040,6994,8046,23662,12808,71589,60.0889990211,train
ca_36,1093386,912842,7475,125235,49642,75593,562481,253421,309060,30599,16139,14460,21079,6502,14577,122276,62296,59980,43697,28945,151599,83.4876246815,train
mt_22,28920,22031,88,5123,1287,3836,12781,2667,10114,367,209,158,337,145,192,1809,689,1120,1526,1230,5659,76.1791147994,train
az_36,63682,51989,298,12739,3551,9188,26095,13226,12869,2016,586,1430,614,365,249,5225,2229,2996,5002,4293,7400,81.6384535662,train
ca_506,75484,61608,154,8561,3384,5177,40983,25232,15751,1919,1355,564,466,124,342,5595,3456,2139,3930,2257,11619,81.6172963807,train
va_30,43629,38626,29,3913,1583,2330,19024,9518,9506,8091,4811,3280,862,380,482,4376,2217,2159,2331,1249,3754,88.5328565862,train
la_10,106859,63513,2225,16755,5716,11039,20789,5172,15617,1370,182,1188,7212,1564,5648,5693,2030,3663,9469,4152,39194,59.436266482,train
mi_115,43776,34845,285,7377,2649,4728,18386,6837,11549,1301,339,962,937,490,447,3425,1691,1734,3134,2157,6774,79.5984100877,train
ny_90,73972,54442,755,1379,564,815,26499,9264,17235,8772,3010,5762,215,115,100,15486,9890,5596,1336,4864,14666,73.5981182069,train
fl_126,282811,212608,2219,41823,11301,30522,115125,40135,74990,7228,3159,4069,5452,1709,3743,30546,14165,16381,10215,11307,58896,75.1767081196,train
de_22,28172,20740,362,2549,850,1699,11397,3876,7521,1816,823,993,417,214,203,3528,1321,2207,671,900,6532,73.6191963652,train
ar_50,67415,49023,708,14013,6874,7139,20303,11128,9175,1701,868,833,2378,1538,840,5591,2573,3018,4329,3126,15266,72.7182377809,train
nj_122,40559,32722,213,1552,859,693,16789,5566,11223,7071,2744,4327,396,301,95,6023,3768,2255,678,2068,5769,80.6775314973,train
nc_161,67684,52300,371,7275,2649,4626,35620,16092,19528,826,636,190,552,302,250,5356,2668,2688,2300,3641,11743,77.2708468767,train
tx_124,44792,28735,576,7876,1791,6085,14510,2901,11609,282,106,176,553,91,462,2667,1321,1346,2271,666,15391,64.1520807287,train
tx_351,42861,34701,205,5737,2034,3703,16430,7686,8744,349,97,252,3165,1925,1240,5823,3172,2651,2992,1541,6619,80.9617134458,train
nc_200,41367,25996,545,9478,2542,6936,9983,3606,6377,783,510,273,442,63,379,3051,1371,1680,1714,1934,13437,62.8423622694,train
ct_16,106886,84806,633,21874,6789,15085,45439,17558,27881,1772,723,1049,1401,318,1083,9721,4154,5567,3966,3587,18493,79.3424770316,train
ar_28,25589,17564,128,6168,1332,4836,6238,2327,3911,1043,683,360,535,381,154,2008,1028,980,1444,1199,6826,68.6388682637,train
tx_18,111436,83518,1112,16512,7445,9067,28895,12923,15972,2504,1386,1118,4350,1587,2763,23747,16958,6789,6398,8008,19910,74.9470548117,train
nc_94,62732,36154,616,12974,2843,10131,13375,3183,10192,2404,769,1635,623,117,506,4618,1602,3016,1544,3201,23377,57.6324682778,train
tx_292,38988,21572,1466,5097,1626,3471,1466,502,964,395,161,234,4543,1093,3450,3473,1830,1643,5132,2162,15254,55.3298450805,train
nj_98,45792,39571,336,9570,5312,4258,21558,10672,10886,366,217,149,174,105,69,6415,4900,1515,1152,1092,5129,86.4146575821,train
ri_35,60595,41076,118,1583,652,931,20849,5477,15372,10290,4259,6031,304,265,39,3832,1924,1908,4100,1931,17588,67.7877712683,train
fl_137,265536,179316,4912,45579,14927,30652,69862,19171,50691,14451,5197,9254,6929,1986,4943,25691,12195,13496,11892,16989,69231,67.5298264642,train
oh_101,56828,38938,576,6941,1933,5008,22817,7978,14839,402,202,200,1253,315,938,4610,1249,3361,2339,3419,14471,68.5190399099,train
pa_123,42229,30643,799,7791,1865,5926,16225,5592,10633,354,81,273,288,155,133,3355,1356,1999,1831,1226,10360,72.5638779038,train
il_29,103920,67479,662,14120,5277,8843,31708,12782,18926,4277,1724,2553,2771,1242,1529,8562,3662,4900,5379,3422,33019,64.9336027714,train
tx_222,40348,36192,288,3003,1532,1471,11965,6310,5655,12475,6009,6466,230,62,168,4047,2297,1750,4184,822,3334,89.6996133637,train
tx_12,1041436,632825,20077,183025,62829,120196,154097,49562,104535,15951,5775,10176,77644,24875,52769,87110,40772,46338,94921,57079,351532,60.7646557254,train
tx_51,43524,33302,641,8618,3523,5095,4288,1545,2743,2827,1489,1338,7287,2389,4898,4459,2759,1700,5182,1054,9168,76.5141071593,train
wy_15,42438,31930,333,8841,3043,5798,11057,3305,7752,1820,543,1277,3220,1080,2140,4073,1914,2159,2586,2566,7942,75.2391724398,train
nc_157,39570,29858,143,5791,1956,3835,15820,6258,9562,636,400,236,383,226,157,3139,1974,1165,3946,1787,7925,75.4561536518,train
ny_28,438588,372262,1658,10546,3173,7373,213577,81801,131776,89042,39930,49112,1388,443,945,45830,25959,19871,10221,11811,54515,84.8773792261,train
wy_18,44050,33192,571,6901,2083,4818,14686,4588,10098,326,245,81,3082,484,2598,5767,3143,2624,1859,3062,7796,75.350737798,train
ca_257,239633,182587,2288,50677,21804,28873,72115,35999,36116,6981,3252,3729,9713,3456,6257,21539,10892,10647,19274,10587,46459,76.1944306502,train
mo_106,56645,38126,990,13109,4989,8120,9682,4047,5635,1666,739,927,2965,1223,1742,5392,2443,2949,4322,4066,14453,67.3069114661,train
ok_14,100126,80251,1193,13911,5510,8401,45216,19713,25503,3511,2036,1475,1616,1070,546,9514,6243,3271,5290,4480,15395,80.1500109862,train
ma_116,37654,29406,104,1945,901,1044,19640,5747,13893,2799,1249,1550,311,278,33,3729,1669,2060,878,1002,7246,78.0952886811,train
mn_66,58211,39796,1018,13013,4178,8835,10938,2985,7953,484,206,278,5144,1431,3713,4053,2302,1751,5146,2409,16006,68.3650856367,train
nc_195,36502,26592,73,5789,1941,3848,13519,4685,8834,219,56,163,3439,248,3191,3161,875,2286,392,399,9511,72.8508026957,train
tx_389,31367,20280,139,4244,1278,2966,10475,4012,6463,1275,865,410,527,142,385,2746,1799,947,874,3194,7893,64.6539356649,train
nh_20,45632,34607,468,3013,941,2072,25632,10767,14865,537,38,499,282,169,113,2843,1809,1034,1832,1335,9690,75.8393232819,train
oh_107,52086,37759,412,9744,3378,6366,18914,8064,10850,1647,828,819,710,244,466,4565,1945,2620,1767,1235,13092,72.4935683293,train
md_99,30729,26979,362,3338,1352,1986,18543,7130,11413,412,49,363,476,40,436,2683,1000,1683,1165,998,2752,87.7965439813,train
il_215,44034,26518,345,5565,2206,3359,12094,4818,7276,837,624,213,1262,577,685,4338,2213,2125,2077,2584,14932,60.2216469092,train
la_42,158354,95105,555,18655,8115,10540,49466,21658,27808,1165,527,638,2608,1777,831,17226,6005,11221,5430,9677,53572,60.0584765778,train
il_189,64908,43195,807,9095,2385,6710,23616,6422,17194,694,406,288,1340,111,1229,5515,2600,2915,2128,3266,18447,66.5480372219,train
tx_407,37316,27087,0,4631,2365,2266,16712,8648,8064,151,95,56,574,191,383,2846,1548,1298,2173,7212,3017,72.5881659342,train
tx_17,32199,19814,495,5736,1662,4074,5459,1715,3744,210,93,117,391,260,131,6645,1773,4872,878,1986,10399,61.5360725488,train
nc_31,47447,33586,353,13057,5995,7062,12335,6124,6211,958,666,292,1322,271,1051,2588,1384,1204,2973,1824,12037,70.7863510865,train
oh_78,26384,14094,192,3960,673,3287,6708,2402,4306,157,114,43,418,103,315,1014,557,457,1645,2160,10130,53.4187386295,train
oh_133,40359,27745,651,2993,898,2095,18780,7055,11725,217,37,180,1111,177,934,3013,1177,1836,980,1996,10618,68.7455090562,train
ma_24,41489,25509,101,2422,919,1503,18768,8513,10255,86,0,86,374,184,190,2242,1081,1161,1516,1533,14447,61.4837667816,train
ny_171,50720,32443,1003,7477,2377,5100,12879,3792,9087,473,193,280,3336,810,2526,2189,967,1222,5086,2491,15786,63.9649053628,train
az_89,37141,28827,532,6111,1442,4669,11697,4977,6720,945,510,435,2082,758,1324,3722,1922,1800,3738,2159,6155,77.6150345979,train
ky_28,125138,97607,501,13740,5765,7975,57674,30844,26830,1219,377,842,1768,625,1143,15049,8307,6742,7656,5568,21963,77.9994885646,train
ca_382,71603,44703,280,12980,5085,7895,21338,9917,11421,1204,404,800,624,107,517,4446,2664,1782,3831,2884,24016,62.4317416868,train
ca_527,38721,32998,298,9362,4014,5348,17225,7499,9726,729,309,420,305,0,305,3786,2229,1557,1293,1268,4455,85.2199065107,train
co_89,39365,27424,505,9168,2728,6440,5996,2854,3142,333,84,249,5396,1696,3700,4055,1681,2374,1971,1431,10510,69.6659469072,train
va_117,66622,55013,413,4465,1531,2934,22867,8977,13890,19890,7386,12504,488,166,322,4729,2736,1993,2161,1054,10555,82.5748251328,train
al_61,60129,38826,1599,9671,2729,6942,15039,5357,9682,1101,456,645,1406,499,907,5417,1949,3468,4593,2899,18404,64.5711719802,train
oh_47,34949,24548,432,5152,1577,3575,13847,4646,9201,604,229,375,1184,163,1021,1165,405,760,2164,818,9583,70.239491831,train
mo_13,67680,54160,580,21075,8184,12891,18613,7956,10657,1733,1623,110,2165,1114,1051,6202,3780,2422,3792,3884,9636,80.0236406619,train
nj_103,38594,30378,338,5579,2223,3356,20058,8844,11214,939,0,939,872,31,841,2127,1357,770,465,469,7747,78.7117168472,train
mi_111,59666,44066,847,8687,2700,5987,25536,10273,15263,238,76,162,1670,441,1229,4310,1683,2627,2778,3172,12428,73.8544564744,train
ma_118,46418,37470,137,2717,891,1826,22739,8552,14187,4630,2343,2287,146,70,76,6166,2962,3204,935,776,8172,80.7229953897,train
nj_58,19749,13412,120,343,87,256,9981,6388,3593,1027,607,420,83,43,40,1599,707,892,259,747,5590,67.9122993569,train
in_72,29623,21433,465,2655,764,1891,13411,5159,8252,285,47,238,301,127,174,1789,515,1274,2527,2406,5784,72.3525638862,train
ca_196,70660,54445,659,17034,4127,12907,26836,6239,20597,1435,539,896,539,156,383,6021,3478,2543,1921,1216,14999,77.0520803849,train
pa_74,258651,175974,1552,29017,9849,19168,84020,34027,49993,21052,8741,12311,3453,827,2626,25124,13297,11827,11756,14105,68572,68.0353062621,train
nc_84,294718,207721,3575,50251,15753,34498,106571,32052,74519,8189,2757,5432,4563,948,3615,24179,10335,13844,10393,10331,76666,70.4812736243,train
ga_117,40898,30312,489,11545,5870,5675,8621,4164,4457,966,533,433,978,129,849,4049,2114,1935,3664,1543,9043,74.1160936965,train
ca_240,30189,26634,149,5427,2223,3204,16334,9063,7271,840,466,374,425,195,230,2348,1397,951,1111,849,2706,88.224187618,train
wi_114,231335,143848,1469,29031,11311,17720,80797,38049,42748,5263,3017,2246,1902,562,1340,12964,5787,7177,12422,15409,72078,62.18168457,train
il_123,237136,192212,1623,40303,15698,24605,105490,48224,57266,5662,3282,2380,3755,1248,2507,19039,10995,8044,16340,7002,37922,81.0555967883,train
al_59,41178,19633,425,6520,1775,4745,4867,1645,3222,983,314,669,1083,283,800,4237,1649,2588,1518,5101,16444,47.6783719462,train
tx_286,72072,51023,25,9537,4703,4834,28759,14745,14014,230,116,114,1798,1193,605,4775,2534,2241,5899,9155,11894,70.7944832945,train
ca_195,40177,35144,290,7147,2901,4246,18883,5052,13831,2141,866,1275,885,321,564,4026,1663,2363,1772,1271,3762,87.4729322747,train
wa_106,52803,42265,326,6763,3487,3276,27384,15747,11637,621,337,284,1183,448,735,3311,2066,1245,2677,1795,8743,80.0428005985,train
md_62,41157,32421,365,2472,677,1795,13664,5235,8429,9253,4102,5151,112,41,71,5572,3544,2028,983,1813,6923,78.7739631168,train
oh_113,58127,48521,642,11981,4126,7855,25373,8397,16976,2589,1058,1531,496,140,356,4793,2797,1996,2647,1511,8095,83.4741170196,train
fl_167,43200,33797,348,8139,2522,5617,15185,7059,8126,2422,1807,615,266,222,44,4991,2374,2617,2446,1460,7943,78.2337962963,train
pr_65,46946,21060,560,5506,753,4753,8073,2826,5247,0,0,0,461,74,387,507,151,356,5953,1452,24434,44.8600519746,train
ok_61,42867,32996,372,8847,3893,4954,13685,6570,7115,1434,516,918,2498,1083,1415,2780,1708,1072,3380,1921,7950,76.9729628852,train
va_149,29631,19695,425,4919,1621,3298,9817,4217,5600,300,128,172,309,0,309,2880,1036,1844,1045,3328,6608,66.4675508758,train
tn_48,26966,22872,163,3376,2202,1174,15652,10558,5094,965,553,412,371,160,211,1521,1040,481,824,1023,3071,84.8179188608,train
nc_60,115731,83244,1498,14325,4459,9866,48193,18362,29831,3141,1782,1359,734,226,508,7339,4564,2775,8014,7232,25255,71.9288695337,train
ri_12,35424,27760,104,918,609,309,13167,5733,7434,8155,3815,4340,64,37,27,4041,1915,2126,1311,1089,6575,78.3649503162,train
pa_88,271399,205356,3253,36611,10923,25688,122084,42642,79442,13008,4548,8460,3160,1233,1927,18357,8798,9559,8883,8882,57161,75.665717265,train
oh_12,919270,624056,15460,135369,39413,95956,305703,99813,205890,11500,3979,7521,39450,12631,26819,58003,23168,34835,58571,44685,250529,67.88604001,train
il_10,220618,157257,3084,45148,12862,32286,51468,17334,34134,2626,971,1655,18010,6474,11536,16455,8219,8236,20466,7078,56283,71.2802219221,train
co_49,279114,205434,4182,58320,21675,36645,74415,33911,40504,3219,1477,1742,18153,5765,12388,25560,12763,12797,21585,14299,59381,73.6021840538,train
wi_25,33805,28267,611,5761,2046,3715,16546,7974,8572,1070,587,483,621,222,399,2469,1346,1123,1189,919,4619,83.6178080166,train
md_75,66141,58616,257,7226,2676,4550,25575,11127,14448,16237,8565,7672,307,156,151,7006,3872,3134,2008,2409,5116,88.6227907047,train
me_13,30097,20011,343,6618,1108,5510,7490,2023,5467,213,87,126,1409,290,1119,2093,1017,1076,1845,1122,8964,66.488354321,train
tx_390,31854,14950,706,2329,653,1676,7223,1649,5574,307,215,92,1845,450,1395,1447,861,586,1093,2871,14033,46.9328812708,train
oh_168,62236,48965,1020,11964,5656,6308,25139,12343,12796,1541,913,628,1021,519,502,4008,2519,1489,4272,2682,10589,78.6763288129,train
tn_30,51574,37809,587,8623,3223,5400,19351,9682,9669,950,882,68,508,266,242,3611,1577,2034,4179,1537,12228,73.3101950595,train
wi_107,61820,52866,549,7850,3068,4782,34687,17284,17403,2193,1246,947,585,270,315,5056,2727,2329,1946,895,8059,85.5160142349,train
ok_19,30026,23236,66,6194,3412,2782,8283,4986,3297,605,260,345,2257,869,1388,2842,2133,709,2989,1356,5434,77.3862652368,train
co_44,57908,50737,437,11589,5581,6008,29402,13865,15537,924,344,580,1214,677,537,4669,3558,1111,2502,2214,4957,87.6165642053,train
nc_179,29961,22504,672,2701,916,1785,14735,6424,8311,134,38,96,643,72,571,1905,1018,887,1714,1787,5670,75.1109776042,train
tx_302,35682,22216,74,5794,3633,2161,8177,4629,3548,693,314,379,301,214,87,1469,809,660,5708,1975,11491,62.26108402,train
co_53,284194,224874,2805,59727,25085,34642,115587,51065,64522,2188,1058,1130,5062,2193,2869,27016,16382,10634,12489,12087,47233,79.126934418,train
pa_126,57407,39455,1413,9784,2758,7026,20836,8471,12365,301,86,215,973,271,702,2801,1473,1328,3347,1648,16304,68.7285522671,train
la_26,31698,17715,575,5610,1792,3818,6129,1292,4837,98,0,98,1430,263,1167,1762,706,1056,2111,525,13458,55.8868067386,train
ia_40,49463,33371,646,8938,3047,5891,12111,4373,7738,2486,1113,1373,2375,559,1816,3918,2223,1695,2897,3202,12890,67.4665911894,train
tx_276,39093,26790,577,5347,2360,2987,9203,3229,5974,1092,381,711,1300,780,520,3267,2192,1075,6004,1942,10361,68.5288926406,train
nj_79,43077,31062,467,2906,716,2190,21268,6395,14873,978,224,754,394,99,295,3962,1865,2097,1087,1496,10519,72.1080855213,train
ma_136,32520,27005,0,2890,1184,1706,20083,8571,11512,1097,393,704,433,51,382,1970,914,1056,532,546,4969,83.0412054121,train
ca_491,63219,52445,510,6188,2577,3611,34882,15695,19187,1007,361,646,1013,248,765,6987,3049,3938,1858,1809,8965,82.9576551353,train
ca_71,23398,22355,427,2335,1394,941,6885,3940,2945,9778,6910,2868,212,162,50,2081,1431,650,637,59,984,95.5423540474,train
co_40,169761,142463,1670,36664,16787,19877,70440,34125,36315,2501,1124,1377,3867,1778,2089,12570,7505,5065,14751,4936,22362,83.9197459958,train
wi_104,48739,39122,666,13405,4365,9040,11955,5085,6870,2364,931,1433,1651,588,1063,4367,1909,2458,4714,1852,7765,80.2683682472,train
va_62,85484,62127,344,9897,3560,6337,37109,15540,21569,1249,811,438,654,475,179,4779,2328,2451,8095,4114,19243,72.6767582238,train
tx_91,43523,31609,317,2906,749,2157,21165,6082,15083,1137,37,1100,1233,90,1143,3104,1285,1819,1747,5196,6718,72.6259678791,train
tx_140,27493,25583,123,6689,3344,3345,13244,7593,5651,463,219,244,367,145,222,3842,3191,651,855,361,1549,93.0527770705,train
nj_43,28568,23169,210,2267,776,1491,15766,6054,9712,1796,875,921,193,131,62,2480,1286,1194,457,393,5006,81.1012321479,train
nm_11,36322,20236,697,8178,2062,6116,2705,1115,1590,547,429,118,2201,389,1812,3627,1228,2399,2281,1696,14390,55.7127911459,train
md_109,56400,40283,808,8969,3302,5667,22421,8849,13572,1128,382,746,1264,649,615,3020,1402,1618,2673,2908,13209,71.4237588652,train
az_101,91064,67587,1397,14830,3976,10854,29013,9487,19526,3048,1279,1769,6219,1458,4761,7941,4868,3073,5139,4753,18724,74.2192304313,train
tx_255,45072,27782,1273,7183,1803,5380,9362,3216,6146,2555,580,1975,593,202,391,3313,1620,1693,3503,2778,14512,61.6391551296,train
ny_263,51962,41072,493,9979,1541,8438,23109,7894,15215,2847,668,2179,510,211,299,2804,985,1819,1330,806,10084,79.0423771217,train
in_141,88673,61399,864,4883,1200,3683,26707,10211,16496,17174,8083,9091,890,176,714,6575,2232,4343,4306,6263,21011,69.2420466207,train
ca_365,61998,52167,326,14072,4017,10055,18152,6962,11190,2177,1027,1150,2563,2182,381,13502,3154,10348,1375,861,8970,84.1430368722,train
tn_105,38574,32835,245,6819,3422,3397,17707,9189,8518,1606,1011,595,1533,1146,387,2728,1598,1130,2197,1605,4134,85.1221029709,train
il_86,1030136,716717,8627,166587,63558,103029,369792,173632,196160,18884,11011,7873,15553,6310,9243,76939,40312,36627,60335,56938,256481,69.5749881569,train
tn_77,75730,52371,443,12015,1734,10281,27739,11469,16270,2269,1037,1232,790,334,456,3309,1163,2146,5806,2757,20602,69.1548923808,train
oh_13,40359,27745,651,2993,898,2095,18780,7055,11725,217,37,180,1111,177,934,3013,1177,1836,980,1996,10618,68.7455090562,train
fl_221,30265,20859,757,3361,763,2598,10102,1359,8743,379,46,333,292,0,292,2304,1040,1264,3664,223,9183,68.9211961011,train
mt_21,44344,34304,786,6184,1889,4295,20231,5772,14459,539,220,319,607,79,528,4243,2201,2042,1714,2042,7998,77.358830958,train
il_44,32771,24633,188,5270,1230,4040,11545,5055,6490,1294,535,759,728,215,513,3459,1999,1460,2149,1433,6705,75.1670684447,train
fl_192,57977,42578,224,3012,467,2545,20188,5765,14423,11015,4817,6198,557,260,297,6554,3782,2772,1028,5320,10079,73.439467375,train
ny_40,98294,75127,394,2670,594,2076,41407,14745,26662,17338,8197,9141,642,222,420,11214,6191,5023,1462,5078,18089,76.4309113476,train
ca_462,39033,31878,486,6035,1738,4297,12378,4615,7763,3360,1688,1672,657,421,236,5284,2939,2345,3678,1438,5717,81.6693566982,train
sc_59,40629,28389,414,5569,1935,3634,14778,5137,9641,1161,301,860,1428,127,1301,2829,1198,1631,2210,3635,8605,69.8737355091,train
md_90,54154,46923,454,3348,1234,2114,20516,10284,10232,14076,7096,6980,520,172,348,6204,3632,2572,1805,1691,5540,86.6473390701,train
tx_327,40210,32544,274,7632,2528,5104,13315,7058,6257,2380,1341,1039,883,626,257,5109,1705,3404,2951,2282,5384,80.9350907734,train
ga_82,247210,190176,1559,52861,20141,32720,77972,33672,44300,7620,3924,3696,5990,2343,3647,30609,17658,12951,13565,11123,45911,76.9289268233,train
la_37,77784,49892,398,13182,4642,8540,22581,8300,14281,787,206,581,687,298,389,5042,3063,1979,7215,2958,24934,64.1417258048,train
tx_41,53393,40496,821,11618,3418,8200,6560,1971,4589,3110,998,2112,6434,1205,5229,3782,1581,2201,8171,2743,10154,75.8451482404,train
sc_29,43767,27594,568,8287,2712,5575,10399,3904,6495,1890,750,1140,1192,512,680,2768,898,1870,2490,2523,13650,63.0475015423,train
va_125,50166,43414,194,3329,588,2741,18547,7907,10640,11926,6346,5580,239,26,213,7988,3575,4413,1191,759,5993,86.540684926,train
ct_24,26998,17163,535,4548,835,3713,8515,1893,6622,325,171,154,153,47,106,2068,1082,986,1019,1454,8381,63.5713756575,train
ca_279,223651,181233,1306,47170,15584,31586,74449,29918,44531,10214,4454,5760,4541,1289,3252,35455,11576,23879,8098,4665,37753,81.033842907,train
mi_181,37763,30943,338,5452,1727,3725,20265,6165,14100,990,549,441,131,0,131,2838,1365,1473,929,959,5861,81.9399941742,train
id_29,38392,27554,563,7044,2430,4614,10116,2812,7304,573,547,26,3109,1232,1877,3016,1917,1099,3133,2408,8430,71.7701604501,train
ks_69,41918,27392,659,5885,1433,4452,15203,5008,10195,372,141,231,324,69,255,2611,1255,1356,2338,2593,11933,65.3466291331,train
la_97,48074,33411,392,6267,2879,3388,18300,9153,9147,250,64,186,1690,1189,501,3795,1728,2067,2717,2570,12093,69.4991055456,train
tn_91,42076,26688,347,3444,796,2648,16499,5700,10799,727,302,425,337,70,267,2648,1370,1278,2686,2378,13010,63.4280825173,train
mi_131,61049,50059,403,10571,4287,6284,26956,14763,12193,1073,437,636,2438,1114,1324,4393,2538,1855,4225,2887,8103,81.9980671264,train
fl_158,53562,39159,534,8325,2946,5379,19278,9723,9555,1608,828,780,643,105,538,5676,2628,3048,3095,2512,11891,73.1096673014,train
ny_105,272812,189483,1758,16581,3858,12723,110898,33490,77408,19731,7154,12577,1647,443,1204,27054,12568,14486,11814,9921,73408,69.4555224843,train
mi_84,37355,30650,364,4654,1911,2743,18033,7309,10724,1305,664,641,174,121,53,4808,2589,2219,1312,1029,5676,82.0505956365,train
ca_85,31419,17553,337,8394,1025,7369,5616,1999,3617,153,0,153,860,89,771,1656,487,1169,537,676,13190,55.8674687291,train
ca_53,29846,24201,98,5617,3180,2437,11165,6751,4414,984,698,286,377,88,289,4854,3771,1083,1106,1299,4346,81.0862427126,train
il_218,56248,50917,274,10113,4561,5552,26190,10081,16109,1421,952,469,2358,357,2001,4978,2965,2013,5583,671,4660,90.5223296828,train
ga_20,76627,67249,326,20717,9679,11038,28600,14463,14137,2605,1610,995,1690,880,810,7943,4284,3659,5368,1425,7953,87.7614939904,train
mo_125,29062,19709,373,3580,1490,2090,10954,4114,6840,254,150,104,563,288,275,1855,1082,773,2130,1294,8059,67.817080724,train
in_104,40793,26074,782,6117,2071,4046,9184,2055,7129,1357,442,915,2009,817,1192,3007,1345,1662,3618,1886,12833,63.9178290393,train
sc_18,26494,14677,359,4215,960,3255,5767,1345,4422,216,113,103,753,164,589,1329,471,858,2038,1891,9926,55.3974484789,train
co_100,111429,97537,1416,24255,10589,13666,55293,23147,32146,1277,689,588,1449,695,754,9822,5667,4155,4025,4296,9596,87.5328684633,train
mi_24,100735,78665,1135,14003,7411,6592,43512,23275,20237,3217,2033,1184,2060,1417,643,7065,3848,3217,7673,4463,17607,78.0910309227,train
ca_180,31317,21324,43,6423,1022,5401,6362,2062,4300,4270,1016,3254,688,201,487,3082,1583,1499,456,2555,7438,68.0908132963,train
or_54,59524,48886,355,7574,2515,5059,30549,12522,18027,581,309,272,1218,468,750,4998,2972,2026,3611,2835,7803,82.1282171897,train
va_12,425810,249055,11323,80924,22575,58349,72057,24793,47264,6266,3097,3169,24023,6942,17081,22802,9274,13528,31660,21440,155315,58.4897019798,train
fl_79,37734,32285,152,7357,2769,4588,15941,5461,10480,999,876,123,444,184,260,5729,2295,3434,1663,1474,3975,85.5594424127,train
ia_48,55807,47088,274,11443,5280,6163,26130,12077,14053,2671,1733,938,567,416,151,3746,1907,1839,2257,2455,6264,84.3765119071,train
ca_159,43279,38289,329,9882,4188,5694,22654,12664,9990,616,286,330,218,218,0,3603,1422,2181,987,896,4094,88.4701587375,train
pr_25,29053,21386,194,4373,1752,2621,9148,4341,4807,689,354,335,439,389,50,2509,1426,1083,4034,566,7101,73.6102984201,train
or_52,64420,49753,1158,17003,5661,11342,21385,8302,13083,577,132,445,2146,429,1717,4431,1680,2751,3053,3450,11217,77.2322260168,train
wi_14,212218,175748,2183,45695,18076,27619,87251,41119,46132,6999,3223,3776,2761,1216,1545,21291,12013,9278,9568,10365,26105,82.8148413424,train
tn_49,45345,34205,157,6454,1735,4719,22544,6751,15793,898,491,407,802,241,561,2130,994,1136,1220,3011,8129,75.4327930312,train
il_168,41476,35704,297,7744,2382,5362,21098,8276,12822,990,676,314,695,356,339,3542,1895,1647,1338,859,4913,86.0835181792,train
mi_184,42901,31421,117,4860,2502,2358,18048,10231,7817,1213,709,504,602,413,189,2967,1639,1328,3614,3224,8256,73.2407169996,train
mn_82,39979,33159,507,7795,2928,4867,18124,7751,10373,467,255,212,582,187,395,2800,1463,1337,2884,1104,5716,82.9410440481,train
il_159,78736,55757,980,9905,2896,7009,30163,13515,16648,158,0,158,2221,448,1773,6724,2911,3813,5606,3148,19831,70.8151290388,train
mi_198,42096,36055,331,6630,2165,4465,21087,7447,13640,1343,676,667,767,116,651,3965,2011,1954,1932,834,5207,85.6494678829,train
la_52,48142,32681,230,8845,2987,5858,15080,5718,9362,363,100,263,1088,555,533,3146,1804,1342,3929,1844,13617,67.8845914171,train
me_11,228498,160871,4017,51866,11017,40849,68632,17038,51594,1977,716,1261,8002,2192,5810,16417,5988,10429,9960,9805,57822,70.4036796821,train
ca_495,41585,30241,328,3746,751,2995,20221,8402,11819,1819,670,1149,695,0,695,2714,933,1781,718,1099,10245,72.7209330287,train
in_129,46171,35613,831,7884,1790,6094,13959,5020,8939,545,394,151,2940,469,2471,5639,2229,3410,3815,1238,9320,77.1328322973,train
mi_135,52015,41253,727,9500,5493,4007,21096,10773,10323,1879,1167,712,1396,942,454,2861,1367,1494,3794,1697,9065,79.3098144766,train
oh_128,43848,30007,430,5917,1967,3950,18448,6758,11690,152,0,152,593,228,365,2533,1699,834,1934,1486,12355,68.4341361065,train
nj_108,37344,30854,331,1186,447,739,20364,7381,12983,6005,2190,3815,188,0,188,2389,1170,1219,391,603,5887,82.6210368466,train
ma_66,272413,218934,1836,31045,7992,23053,114653,48012,66641,38264,16382,21882,1996,661,1335,20225,12712,7513,10915,6806,46673,80.3684111992,train
sc_10,133965,78783,1850,26688,7425,19263,21195,8637,12558,2188,717,1471,6572,1365,5207,11530,5478,6052,8760,10148,45034,58.8086440488,train
ca_539,28416,23916,41,7750,1995,5755,10552,3351,7201,688,375,313,375,139,236,2746,1655,1091,1764,694,3806,84.1638513514,train
nh_19,33630,28803,76,1926,823,1103,21282,9982,11300,1311,764,547,478,436,42,1713,1262,451,2017,558,4269,85.6467439786,train
ny_118,272734,200027,3196,31306,8758,22548,120759,41067,79692,3559,1076,2483,11193,3541,7652,15431,6545,8886,14583,10583,62124,73.3414242449,train
ny_108,264033,205873,1419,16323,4382,11941,88691,23211,65480,66653,19096,47557,1804,605,1199,26987,14243,12744,3996,8176,49984,77.9724504134,train
ny_225,70521,51260,208,5311,1043,4268,33667,12394,21273,994,603,391,614,392,222,4167,1812,2355,6299,1811,17450,72.6875682421,train
md_12,201695,172695,1661,10645,3172,7473,64568,28503,36065,59889,27201,32688,1525,434,1091,28521,14290,14231,5886,5636,23364,85.6218547807,train
fl_273,45993,34863,183,5400,1617,3783,23559,5687,17872,1777,645,1132,207,34,173,3010,1025,1985,727,1347,9783,75.8006653186,train
wi_118,31081,21861,460,4045,1591,2454,12473,5030,7443,1153,604,549,372,0,372,1737,632,1105,1621,794,8426,70.3355747885,train
tx_146,88815,64647,884,14265,3853,10412,29311,11300,18011,4225,2057,2168,2718,525,2193,8341,4431,3910,4903,7922,16246,72.7883803412,train
il_52,28447,20833,165,4965,1692,3273,7731,3063,4668,424,207,217,1078,334,744,5837,2708,3129,633,667,6947,73.2344359686,train
tx_30,111038,87456,487,15873,6305,9568,44232,16883,27349,2901,1322,1579,2234,975,1259,11853,6414,5439,9876,4698,18884,78.7622255444,train
pa_150,50108,43037,251,2405,677,1728,19601,8057,11544,13854,6585,7269,320,50,270,5873,2410,3463,733,1495,5576,85.8884808813,train
ma_65,273688,217809,2433,33527,8396,25131,137474,39089,98385,17868,6847,11021,3264,594,2670,17165,8848,8317,6078,9795,46084,79.5829557745,train
md_23,36083,26660,791,5264,1421,3843,15920,5387,10533,513,213,300,822,110,712,2358,1331,1027,992,1220,8203,73.8852091012,train
ma_88,44034,35677,263,2009,413,1596,22109,8115,13994,6759,2885,3874,268,131,137,3468,1421,2047,801,1001,7356,81.0214833992,train
co_27,38514,36251,601,9361,4645,4716,19329,8378,10951,581,406,175,563,485,78,4568,2516,2052,1248,733,1530,94.1242145713,train
ct_44,29237,24113,255,7051,2914,4137,12633,5595,7038,830,375,455,547,91,456,1923,1044,879,874,563,4561,82.4742620652,train
mo_74,42061,35008,427,7009,3737,3272,19330,9006,10324,2225,1582,643,1160,335,825,1740,790,950,3117,1740,5313,83.2314971113,train
hi_12,308800,250041,1597,34471,17041,17430,171672,88451,83221,4281,2391,1890,2555,1299,1256,22510,14311,8199,12955,9888,48871,80.9718264249,train
ny_201,37792,32281,70,739,316,423,20116,9526,10590,7822,3437,4385,125,125,0,2829,1967,862,580,903,4608,85.4175486876,train
tn_28,64876,42679,490,6336,2183,4153,24063,7319,16744,4711,1342,3369,465,111,354,4471,1539,2932,2143,2837,19360,65.7854984894,train
ca_260,260198,189623,2076,53435,19016,34419,77467,30334,47133,13571,6666,6905,4802,1412,3390,21512,12047,9465,16760,16020,54555,72.8764248764,train
il_70,23122,20299,0,2999,1589,1410,12717,6545,6172,544,355,189,335,247,88,2344,1791,553,1360,526,2297,87.7908485425,train
mi_150,48687,42746,699,7590,2292,5298,24706,9599,15107,1789,715,1074,884,292,592,4327,2315,2012,2751,735,5206,87.7975640315,train
tx_454,76699,64701,208,16420,5760,10660,23340,9552,13788,5394,2485,2909,736,126,610,14572,4689,9883,4031,2626,9372,84.3570320343,train
ia_27,30982,19496,760,3979,1075,2904,11855,3474,8381,92,0,92,413,140,273,1424,796,628,973,1958,9528,62.9268607579,train
md_104,91938,75615,1243,7730,2468,5262,36117,13423,22694,18621,7246,11375,1303,358,945,7872,4109,3763,2729,3909,12414,82.2456438034,train
sd_15,57433,42634,412,5347,1506,3841,26447,9960,16487,896,202,694,619,330,289,5851,2815,3036,3062,3445,11354,74.2325840545,train
al_80,65281,46890,572,9611,4261,5350,23396,9336,14060,202,43,159,1795,859,936,6167,3142,3025,5147,2266,16125,71.8279438121,train
ca_409,48519,43085,445,8616,3419,5197,16314,6511,9803,5755,2987,2768,372,113,259,10334,8858,1476,1249,752,4682,88.8002638142,train
pa_81,261432,221915,1774,13891,3647,10244,86098,33485,52613,70354,30754,39600,1524,442,1082,43696,15913,27783,4578,6163,33354,84.8844058876,train
il_197,64626,53162,793,11792,4458,7334,30605,15520,15085,1491,651,840,700,458,242,5263,3020,2243,2518,1552,9912,82.2610095008,train
pr_47,29087,13431,0,2360,426,1934,7401,2087,5314,31,0,31,225,63,162,221,36,185,3193,643,15013,46.1752673015,train
la_20,88453,67453,116,13612,2582,11030,30440,10434,20006,6606,2127,4479,1493,199,1294,12747,4293,8454,2439,5070,15930,76.2585780019,train
tx_58,49880,33590,269,6586,2887,3699,16530,7939,8591,1766,1045,721,1316,339,977,4429,1988,2441,2694,1334,14956,67.3416198877,train
fl_55,30296,22329,640,4884,1631,3253,11574,3619,7955,1007,281,726,302,0,302,2982,1230,1752,940,1331,6636,73.7027990494,train
mi_47,41022,29992,717,4113,1039,3074,21030,6056,14974,453,205,248,281,214,67,2033,1342,691,1365,1455,9575,73.111988689,train
al_97,48188,38909,310,9144,4098,5046,20838,9580,11258,879,288,591,461,169,292,4463,2422,2041,2814,1018,8261,80.7441686727,train
ar_58,40534,22873,627,5766,1469,4297,5946,1669,4277,336,0,336,2006,384,1622,5849,1270,4579,2343,3237,14424,56.4291705729,train
oh_111,71614,34413,192,10072,2755,7317,11884,4374,7510,951,160,791,1093,256,837,6118,3227,2891,4103,5472,31729,48.0534532354,train
az_114,27256,23702,131,2756,1387,1369,15075,5223,9852,381,94,287,1494,448,1046,2935,1284,1651,930,1049,2505,86.9606692104,train
pr_32,36919,16992,310,4107,1373,2734,8710,4108,4602,144,0,144,551,107,444,1436,933,503,1734,682,19245,46.0250819361,train
nc_70,27706,20338,219,2232,738,1494,10340,2383,7957,523,159,364,351,87,264,1085,590,495,5588,823,6545,73.4064823504,train
mn_76,48297,40625,394,13046,4404,8642,18701,7141,11560,434,259,175,950,505,445,5461,2807,2654,1639,1314,6358,84.1149553803,train
nc_92,292122,236662,1713,51451,20632,30819,131349,68508,62841,11734,6453,5281,3612,1592,2020,22431,12996,9435,14372,10874,44586,81.0147814954,train
tx_460,69039,48058,511,11063,3225,7838,22083,8371,13712,2706,1143,1563,2248,438,1810,5793,2891,2902,3654,6448,14533,69.6099306189,train
ia_53,46635,37977,677,11925,6816,5109,15861,7534,8327,577,183,394,1121,571,550,4026,2263,1763,3790,2691,5967,81.4345448697,train
nv_25,85004,59831,454,12641,4109,8532,32298,10912,21386,514,191,323,1278,393,885,8093,3867,4226,4553,5373,19800,70.3860994777,train
mt_14,36391,28092,809,11384,3074,8310,10221,2680,7541,52,14,38,480,245,235,2845,1508,1337,2301,954,7345,77.1949108296,train
id_26,53512,42401,482,6297,1968,4329,23491,9473,14018,240,240,0,3619,1268,2351,3080,1436,1644,5192,2759,8352,79.2364329496,train
il_91,48027,36679,206,6733,1787,4946,19003,5722,13281,1604,236,1368,1467,503,964,4133,1455,2678,3533,1551,9797,76.3716242947,train
or_35,59637,45731,316,7907,2811,5096,26671,8373,18298,1641,379,1262,1911,357,1554,3286,1846,1440,3999,3015,10891,76.6822610125,train
in_68,49611,30432,727,3826,1298,2528,19750,5859,13891,591,0,591,293,150,143,3016,1167,1849,2229,1649,17530,61.3412348068,train
mi_164,59490,40070,326,3427,1689,1738,30264,9083,21181,442,171,271,397,158,239,3741,1696,2045,1473,2273,17147,67.3558581274,train
nj_16,247490,192499,1607,14607,4613,9994,101854,31552,70302,48193,17749,30444,1793,655,1138,16485,7677,8808,7960,6339,48652,77.7805163845,train
or_23,309552,249048,2194,42518,20819,21699,148056,82976,65080,8671,4619,4052,3762,2025,1737,25528,15876,9652,18319,12816,47688,80.4543340053,train
ok_51,55268,47098,255,7701,2763,4938,27837,13481,14356,1657,869,788,1059,480,579,6099,4006,2093,2490,2341,5829,85.217485706,train
il_177,57350,46878,257,11054,4250,6804,24626,9554,15072,3257,1015,2242,1355,692,663,4204,2594,1610,2125,1929,8543,81.7401918047,train
mi_156,49365,40188,343,4452,870,3582,28457,7504,20953,1022,270,752,403,270,133,4036,2107,1929,1475,1635,7542,81.4099058037,train
oh_139,55405,41787,316,5443,2588,2855,28785,13809,14976,1733,1249,484,570,46,524,2638,1409,1229,2302,810,12808,75.4209908853,train
ks_12,376027,257839,4097,66175,21772,44403,90707,30028,60679,21451,7020,14431,20385,5950,14435,31681,14070,17611,23343,18280,99908,68.5692782699,train
tx_474,135359,120552,366,15792,5930,9862,37503,16492,21011,37631,17193,20438,1469,921,548,23421,5786,17635,4370,3606,11201,89.0609416441,train
nc_91,285188,187698,2576,35798,10165,25633,97944,33721,64223,6837,3119,3718,5263,2028,3235,20164,10869,9295,19116,14215,83275,65.8155322103,train
ks_24,151213,101389,1154,16996,4857,12139,56375,20104,36271,9276,2309,6967,753,244,509,12682,6495,6187,4153,9654,40170,67.0504520114,train
or_89,90022,69492,765,11482,3483,7999,39544,12988,26556,2054,507,1547,3278,633,2645,5829,2983,2846,6540,4472,16058,77.1944635756,train
oh_36,65961,54410,532,9449,3814,5635,32780,13199,19581,376,175,201,1255,616,639,6211,4316,1895,3807,1382,10169,82.4881369294,train
ca_399,35820,17295,326,6227,1143,5084,6079,1168,4911,279,0,279,359,41,318,2097,815,1282,1928,3558,14967,48.2830820771,train
oh_53,323308,242078,2096,32415,14807,17608,144664,59359,85305,7444,4111,3333,2635,1246,1389,35759,14373,21386,17065,15439,65791,74.8753510584,train
al_102,36986,25836,186,4608,1919,2689,9064,3608,5456,940,526,414,1288,650,638,2610,1362,1248,7140,1791,9359,69.8534580652,train
ms_46,66752,34033,968,8735,2505,6230,5225,1897,3328,326,153,173,4889,1446,3443,6701,3127,3574,7189,2876,29843,50.9842401726,train
fl_101,314537,234302,2491,47906,18604,29302,123942,57226,66716,7470,3678,3792,4221,1365,2856,30032,13531,16501,18240,13923,66312,74.4910773613,train
tn_14,49650,34719,809,5588,1767,3821,18516,5924,12592,1150,531,619,1730,703,1027,2784,934,1850,4142,2356,12575,69.9274924471,train
oh_60,81989,52146,646,11767,4527,7240,23235,10101,13134,1619,711,908,834,381,453,9581,1605,7976,4464,3731,26112,63.6012147971,train
tx_394,42772,32977,118,3772,1345,2427,19845,10335,9510,1647,922,725,710,318,392,3386,2015,1371,3499,2647,7148,77.0995043486,train
il_156,59114,42168,871,10653,3474,7179,18455,6365,12090,996,718,278,2472,719,1753,4149,1607,2542,4572,1526,15420,71.3333558886,train
mo_111,57584,45734,284,16333,6800,9533,17660,7852,9808,1617,1516,101,1094,774,320,5272,3462,1810,3474,3626,8224,79.4213670464,train
sc_21,176116,125893,1631,30016,11529,18487,57579,21730,35849,5386,2603,2783,2463,441,2022,21616,13241,8375,7202,6328,43895,71.482999841,train
oh_169,39651,25933,446,5187,2075,3112,13634,4191,9443,467,21,446,1042,370,672,3051,1465,1586,2106,3502,10216,65.4031424176,train
ca_63,23151,17888,71,5914,1620,4294,8742,3226,5516,585,141,444,499,146,353,1315,493,822,762,1292,3971,77.2666407499,train
ga_113,63548,51554,492,12578,5896,6682,20571,11257,9314,2454,1595,859,868,598,270,8708,3822,4886,5883,2240,9754,81.1260779253,train
mo_59,287375,202790,5117,72521,25108,47413,57074,22932,34142,4450,2642,1808,19036,5653,13383,23323,11163,12160,21269,13642,70943,70.5663331883,train
pr_13,50891,30362,649,5809,2615,3194,10416,5595,4821,377,246,131,489,32,457,3118,2257,861,9504,1453,19076,59.6608437641,train
wi_42,28389,23674,81,3631,1683,1948,14606,6704,7902,2180,1303,877,258,183,75,1487,621,866,1431,576,4139,83.3914544366,train
wi_48,107424,86538,917,21456,9013,12443,44228,21864,22364,4674,2115,2559,1028,369,659,10251,5365,4886,3984,6976,13910,80.5574173369,train
nj_20,232158,194989,1060,10237,4327,5910,113904,48168,65736,43995,20361,23634,1376,361,1015,21236,12243,8993,3181,7639,29530,83.9897828203,train
md_71,46517,43248,151,2062,1129,933,11687,6567,5120,21296,13177,8119,280,177,103,6786,4256,2530,986,565,2704,92.9724616807,train
pa_10,359351,244167,8299,86175,21454,64721,99017,26887,72130,2588,929,1659,10387,2464,7923,22491,9256,13235,15210,12929,102255,67.9466593943,train
tx_468,194626,155618,1022,29115,9036,20079,74682,30000,44682,11038,4799,6239,4787,1745,3042,20564,11591,8973,14410,8387,30621,79.957456866,train
tx_483,64917,50866,319,11559,4698,6861,21029,10471,10558,2837,1557,1280,546,151,395,6279,3946,2333,8297,3128,10923,78.355438483,train
mo_121,40089,32245,94,10823,4327,6496,12683,5885,6798,2468,1092,1376,497,422,75,3637,2054,1583,2043,1440,6404,80.4335353838,train
nc_98,40777,23804,471,8287,3103,5184,5994,2007,3987,383,260,123,2039,727,1312,2394,905,1489,4236,1167,15806,58.3760453197,train
nv_10,50915,37650,1356,10490,2152,8338,10653,4568,6085,925,115,810,3575,931,2644,4020,2112,1908,6631,3158,10107,73.9467740352,train
mi_70,27961,19798,93,2574,1041,1533,11394,6540,4854,836,564,272,550,361,189,1936,1194,742,2415,2365,5798,70.8057651729,train
fl_90,37949,30171,317,3557,621,2936,23041,6597,16444,121,121,0,206,102,104,2509,937,1572,420,540,7238,79.5040712535,train
sc_14,75087,48407,545,15372,3294,12078,16940,5860,11080,3938,405,3533,1559,498,1061,5929,2939,2990,4124,2060,24620,64.4678839213,train
ny_140,39871,23878,195,3353,1574,1779,14178,5274,8904,343,110,233,914,295,619,1944,772,1172,2951,2074,13919,59.8881392491,train
az_94,45988,39424,307,8812,2249,6563,22641,8603,14038,1098,798,300,1370,536,834,3358,1826,1532,1838,1197,5367,85.726711316,train
ma_45,41489,25509,101,2422,919,1503,18768,8513,10255,86,0,86,374,184,190,2242,1081,1161,1516,1533,14447,61.4837667816,train
sc_22,27598,16226,515,6891,2314,4577,2775,1273,1502,120,41,79,606,101,505,2835,1786,1049,2484,3693,7679,58.7941155156,train
nc_199,56555,42707,344,7510,3510,4000,27528,12672,14856,102,0,102,918,634,284,3131,1635,1496,3174,1823,12025,75.5141013173,train
co_80,52530,37660,331,9070,4211,4859,20466,9722,10744,264,143,121,1385,680,705,4271,2650,1621,1873,2814,12056,71.6923662669,train
va_126,46044,39998,305,2836,1646,1190,16843,7553,9290,10044,5355,4689,427,167,260,7779,3720,4059,1764,1211,4835,86.8690817479,train
ky_14,27796,22256,232,5363,1745,3618,12279,5654,6625,212,11,201,585,127,458,2806,1553,1253,779,1026,4514,80.069074687,train
fl_310,113079,86010,559,17603,3958,13645,51798,13528,38270,3559,1687,1872,1824,278,1546,6437,2832,3605,4230,3155,23914,76.0618682514,train
ga_161,25010,13752,80,5480,2638,2842,3341,1222,2119,837,240,597,100,66,34,2691,1174,1517,1223,3680,7578,54.9860055978,train
ca_158,34423,27441,433,3617,1381,2236,18893,10230,8663,77,0,77,122,0,122,2941,1736,1205,1358,1076,5906,79.717049647,train
md_14,30729,26979,362,3338,1352,1986,18543,7130,11413,412,49,363,476,40,436,2683,1000,1683,1165,998,2752,87.7965439813,train
co_14,230276,194000,3253,45670,17683,27987,106473,40184,66289,2138,1066,1072,3890,1603,2287,20614,10953,9661,11962,9611,26665,84.2467300109,train
wy_20,34275,27806,429,7251,3363,3888,12111,5175,6936,1451,849,602,1264,438,826,1764,1117,647,3536,424,6045,81.1261852662,train
oh_86,272564,201517,2902,39319,13969,25350,110745,39861,70884,8168,3337,4831,6358,1239,5119,18675,8840,9835,15350,12642,58405,73.9338283853,train
ut_61,68552,56732,1295,16759,7564,9195,26260,12482,13778,1454,696,758,1600,767,833,6328,4515,1813,3036,5932,5888,82.7576146575,train
md_16,36759,27717,334,4151,1468,2683,16464,5253,11211,507,249,258,1747,495,1252,2369,1027,1342,2145,1772,7270,75.4019423815,train
ma_110,45176,40710,115,3297,1553,1744,18186,8394,9792,11802,6253,5549,81,0,81,6462,3316,3146,767,624,3842,90.1142199398,train
in_41,32532,29668,442,7211,3199,4012,14779,7635,7144,3378,1138,2240,284,46,238,2345,1661,684,1229,1399,1465,91.1963605066,train
tx_194,62941,39476,657,12132,3256,8876,11255,2917,8338,1595,665,930,3582,1490,2092,6919,3506,3413,3336,3085,20380,62.7190543525,train
co_36,42204,25625,375,5449,2442,3007,12005,4903,7102,306,206,100,693,336,357,3633,1883,1750,3164,3792,12787,60.7169936499,train
co_60,39662,29025,749,7648,3008,4640,10162,2979,7183,789,314,475,3590,1239,2351,3385,1189,2196,2702,1613,9024,73.1808784227,train
nm_54,55829,40108,690,13077,7469,5608,16624,7425,9199,603,489,114,2057,1512,545,4080,2687,1393,2977,3058,12663,71.8407995844,train
tx_197,44790,29138,1020,7108,2505,4603,5962,2107,3855,2859,1199,1660,2136,748,1388,5504,2898,2606,4549,2209,13443,65.0546997098,train
ga_124,61083,46742,765,11345,4902,6443,20189,7721,12468,2336,706,1630,1853,1205,648,7297,3852,3445,2957,1922,12419,76.5221092612,train
nj_105,38111,27097,207,2825,1057,1768,15632,6015,9617,2928,1323,1605,80,33,47,3691,1868,1823,1734,1114,9900,71.1002072892,train
tx_245,32781,18784,290,4632,1805,2827,6240,3752,2488,327,211,116,397,353,44,3012,1318,1694,3886,2115,11882,57.3014856167,train
ok_25,32956,29058,95,5241,1766,3475,17422,8599,8823,1133,623,510,531,363,168,3220,2067,1153,1416,620,3278,88.1721082656,train
ca_560,58360,44540,267,12982,7408,5574,14528,9345,5183,1906,955,951,3555,1906,1649,5096,2539,2557,6206,2944,10876,76.3193968472,train
ut_51,32546,26300,602,7828,3514,4314,11332,6154,5178,853,517,336,729,324,405,3692,2455,1237,1264,4099,2147,80.8087015301,train
ca_219,89596,72579,515,18471,9730,8741,29742,16751,12991,6346,3348,2998,1942,907,1035,7727,3631,4096,7836,3199,13818,81.0069645966,train
mi_38,28093,20132,467,4360,1102,3258,9944,2197,7747,258,119,139,1085,290,795,1506,528,978,2512,1293,6668,71.6619798526,train
va_114,61536,51659,373,5259,1586,3673,33673,14543,19130,3634,1688,1946,343,0,343,6404,3281,3123,1973,1216,8661,83.9492329693,train
wi_99,37167,19352,50,3263,1037,2226,11501,5267,6234,326,221,105,261,68,193,1604,746,858,2347,3260,14555,52.0676944601,train
ca_526,46161,38551,250,9936,5145,4791,21751,12375,9376,797,394,403,236,96,140,4189,2001,2188,1392,670,6940,83.5142219623,train
tx_436,113632,102708,400,22472,11378,11094,50500,27422,23078,3273,1507,1766,3506,2421,1085,14291,10935,3356,8266,853,10071,90.386510842,train
la_27,88248,70923,436,21369,9268,12101,29590,15525,14065,3550,1939,1611,1988,1222,766,9466,5634,3832,4524,3405,13920,80.3678270329,train
pa_96,43652,30762,1352,15315,2160,13155,9034,1888,7146,389,162,227,1015,40,975,2785,957,1828,872,1406,11484,70.4709978924,train
fl_88,25314,22867,147,1229,457,772,9189,2684,6505,8376,2696,5680,131,59,72,3546,1667,1879,249,573,1874,90.333412341,train
ny_114,240044,193768,762,7247,2027,5220,112693,50516,62177,46554,25975,20579,1127,368,759,22290,13117,9173,3095,9439,36837,80.7218676576,train
fl_60,34918,29142,148,6472,2498,3974,15125,6362,8763,2113,556,1557,409,205,204,3416,1833,1583,1459,932,4844,83.4583882238,train
nv_16,209439,155950,1185,21603,9794,11809,88932,36815,52117,1230,699,531,4983,2185,2798,23206,14958,8248,14811,9622,43867,74.460821528,train
la_75,38949,27566,171,4728,1971,2757,11948,4164,7784,2300,523,1777,812,304,508,4276,2318,1958,3331,340,11043,70.7746026856,train
tn_68,45542,23999,601,8346,2658,5688,8128,2142,5986,1079,499,580,1316,365,951,1339,524,815,3190,1617,19926,52.6964121031,train
ca_550,46885,40491,326,14549,6215,8334,15866,7612,8254,421,239,182,358,72,286,5078,2857,2221,3893,1314,5080,86.3623760264,train
ca_487,41593,30403,131,8802,2125,6677,10953,3306,7647,5359,1678,3681,540,0,540,3419,2378,1041,1199,1469,9721,73.0964344962,train
oh_183,48600,33869,366,6274,2260,4014,18526,8830,9696,3036,1241,1795,597,214,383,3208,1557,1651,1862,3290,11441,69.6893004115,train
ut_38,53800,45244,417,11498,4710,6788,18602,7922,10680,1313,577,736,4949,1396,3553,5018,2995,2023,3447,2803,5753,84.0966542751,train
ca_23,3247705,2475547,27684,619914,217811,402103,1065851,429341,636510,220466,102894,117572,50853,20837,30016,358297,182962,175335,132482,115318,656840,76.2245031491,train
ny_54,481143,326723,2195,15025,5849,9176,205685,60365,145320,23007,7117,15890,3172,1162,2010,68317,28272,40045,9322,24226,130194,67.905591477,train
nj_109,43750,36008,296,1492,329,1163,21439,6177,15262,8110,2690,5420,458,0,458,3398,2300,1098,815,1535,6207,82.304,train
ny_96,86482,52175,444,7728,2706,5022,31685,11447,20238,483,200,283,1535,643,892,3672,1856,1816,6628,4859,29448,60.3304733933,train
ma_85,48846,41946,183,3342,1078,2264,20681,8402,12279,12432,6387,6045,156,77,79,4596,2429,2167,556,1475,5425,85.8739712566,train
pa_125,42731,29909,1042,6460,1269,5191,15630,4491,11139,1424,288,1136,1447,203,1244,2816,1078,1738,1090,1995,10827,69.9936814023,train
ca_95,29038,22177,77,6031,4186,1845,8310,4344,3966,735,470,265,250,225,25,2864,1916,948,3910,1226,5635,76.3723396928,train
mn_84,39279,31921,401,5983,2104,3879,20411,7817,12594,464,70,394,591,88,503,2672,1684,988,1399,1386,5972,81.2673438733,train
nc_186,142991,105569,990,17869,5642,12227,66367,19064,47303,1603,446,1157,2914,501,2413,9320,4344,4976,6506,4054,33368,73.8291221126,train
co_91,46233,37959,687,8637,3584,5053,20647,10575,10072,354,89,265,1459,683,776,3301,1919,1382,2874,1437,6837,82.1036921679,train
wa_91,49399,37003,738,11303,3471,7832,13061,5514,7547,523,310,213,2782,1011,1771,5124,2092,3032,3472,1574,10822,74.906374623,train
pa_31,110733,80358,1607,20074,6327,13747,42129,16038,26091,1292,457,835,1543,667,876,6099,2074,4025,7614,3692,26683,72.5691528271,train
ok_27,44889,36500,517,5847,2570,3277,22810,10194,12616,1648,1021,627,437,422,15,3290,2080,1210,1951,2157,6232,81.3116799216,train
ky_42,40278,22777,483,10427,3886,6541,4669,2293,2376,43,43,0,1384,563,821,3007,1285,1722,2764,1272,16229,56.5494811063,train
oh_88,292994,211552,3599,43020,16501,26519,112040,48239,63801,7550,3295,4255,3757,1267,2490,23328,13333,9995,18258,16244,65198,72.2035263521,train
il_81,29613,25293,42,5158,2418,2740,16088,9146,6942,529,282,247,502,270,232,2239,1217,1022,735,607,3713,85.4118123797,train
fl_33,133098,95423,2086,25330,5166,20164,42926,12295,30631,3679,1271,2408,3319,1890,1429,13091,4760,8331,4992,5307,32368,71.6937895385,train
co_35,30308,22641,188,6077,2552,3525,9289,3012,6277,181,74,107,868,392,476,3669,1833,1836,2369,2224,5443,74.7030487,train
tn_11,244239,139222,4755,47516,16082,31434,36341,11280,25061,3197,1495,1702,14565,5432,9133,14029,6328,7701,18819,8809,96208,57.0023624401,train
in_65,40476,25776,779,6660,2226,4434,10907,3570,7337,1253,784,469,273,158,115,3026,992,2034,2878,2025,12675,63.6821820338,train
in_70,30868,28177,442,6794,3127,3667,14335,7489,6846,3086,1138,1948,284,46,238,2217,1533,684,1019,1281,1410,91.2822340288,train
pa_98,58496,46723,916,8986,3833,5153,30627,13435,17192,228,228,0,778,405,373,2942,1339,1603,2246,1770,10003,79.8738375274,train
vt_16,54453,39349,530,14789,2946,11843,16700,4185,12515,410,71,339,873,113,760,4443,1405,3038,1604,3044,12060,72.2623179623,train
ny_102,228051,170925,2337,11340,2893,8447,73851,18362,55489,47593,10214,37379,2667,638,2029,23828,11442,12386,9309,7633,49493,74.9503400555,train
il_138,43938,29543,746,9431,3156,6275,7616,1819,5797,349,153,196,3595,796,2799,4047,1361,2686,3759,1468,12927,67.2379261687,train
tx_169,270683,211066,2507,61426,27449,33977,56947,25155,31792,25694,11062,14632,14994,5169,9825,24623,13664,10959,24875,10449,49168,77.9753438524,train
fl_288,62882,50645,522,5165,996,4169,23072,6578,16494,11458,4870,6588,714,243,471,8200,4414,3786,1514,2372,9865,80.5397411024,train
in_79,289240,229998,2324,53012,20026,32986,116381,49460,66921,16880,7327,9553,4709,1666,3043,18376,10515,7861,18316,10198,49044,79.5180472964,train
il_261,36574,32050,230,7341,2224,5117,16684,6614,10070,1544,526,1018,479,363,116,3794,1722,2072,1978,1789,2735,87.6305572264,train
tx_309,42340,23699,182,5531,936,4595,9864,2779,7085,1072,455,617,882,186,696,3097,1857,1240,3071,2367,16274,55.9730751063,train
or_75,36538,31935,453,3860,1482,2378,13024,7267,5757,7882,4271,3611,1532,1070,462,3056,1529,1527,2128,812,3791,87.4021566588,train
wy_21,32665,24363,267,3875,1584,2291,12548,4137,8411,177,96,81,1618,236,1382,5005,2910,2095,873,2455,5847,74.5844175723,train
mo_48,140536,85850,547,25200,9113,16087,32401,12504,19897,8414,2701,5713,1539,567,972,9940,4213,5727,7809,9871,44815,61.0875505209,train
nc_188,199607,145454,2196,27251,8359,18892,82284,31817,50467,5390,3094,2296,1346,433,913,14064,8840,5224,12923,10315,43838,72.8701899232,train
wa_146,38431,30987,354,3136,1035,2101,22981,10624,12357,588,315,273,329,88,241,2628,1419,1209,971,1227,6217,80.630220395,train
ky_23,32298,23541,310,7801,3602,4199,10197,5420,4777,83,41,42,505,78,427,1775,899,876,2870,2106,6651,72.8868660598,train
wi_28,64088,47350,952,8498,3452,5046,27012,11325,15687,1314,597,717,2390,1065,1325,3066,1663,1403,4118,4255,12483,73.882786169,train
oh_178,45944,32292,516,5966,2214,3752,19469,6313,13156,441,216,225,1052,246,806,2878,1047,1831,1970,2368,11284,70.2855650357,train
ky_18,125138,97607,501,13740,5765,7975,57674,30844,26830,1219,377,842,1768,625,1143,15049,8307,6742,7656,5568,21963,77.9994885646,train
mi_14,44918,31288,719,5094,2002,3092,19619,8961,10658,300,37,263,1275,742,533,1755,435,1320,2526,1944,11686,69.655817267,train
il_58,41173,33078,45,6893,2835,4058,18259,9677,8582,1670,1251,419,606,165,441,3191,2133,1058,2414,2096,5999,80.3390571491,train
in_57,49611,30432,727,3826,1298,2528,19750,5859,13891,591,0,591,293,150,143,3016,1167,1849,2229,1649,17530,61.3412348068,train
nc_205,69841,57655,492,13306,6220,7086,34146,18455,15691,114,38,76,1477,756,721,5309,3325,1984,2811,2793,9393,82.5517962228,train
ca_315,41625,36322,159,9589,3843,5746,20375,12599,7776,1374,521,853,349,0,349,3563,2251,1312,913,792,4511,87.2600600601,train
nj_121,42185,25426,57,1387,297,1090,18814,5887,12927,834,310,524,123,123,0,3147,1410,1737,1064,2659,14100,60.2726087472,train
tx_271,34182,20418,359,5125,1735,3390,6934,2041,4893,899,177,722,2674,1140,1534,2482,1332,1150,1945,2114,11650,59.7331929085,train
sd_12,175603,121695,2883,23579,8375,15204,48645,17265,31380,10513,2765,7748,6260,2014,4246,18409,7014,11395,11406,9302,44606,69.3012078381,train
ca_356,40128,29482,367,6161,1840,4321,16619,5331,11288,1062,470,592,585,229,356,3246,1254,1992,1442,1166,9480,73.4698963317,train
va_163,24042,21195,151,2283,697,1586,13781,5777,8004,1816,936,880,234,0,234,2615,1610,1005,315,386,2461,88.1582231096,train
wi_13,99703,76514,894,13472,5496,7976,41417,15840,25577,2119,826,1293,2239,1221,1018,7009,3929,3080,9364,3711,19478,76.7419235128,train
ok_32,162992,111989,742,18679,6461,12218,61912,25747,36165,4072,2086,1986,1808,756,1052,15082,7386,7696,9694,8328,42675,68.708280161,train
wa_65,264635,202792,4995,41145,13233,27912,100760,44586,56174,2790,1603,1187,12633,3948,8685,20674,10991,9683,19795,10817,51026,76.6308311448,train
or_16,43389,30273,1550,9439,2056,7383,10822,2899,7923,932,104,828,3001,431,2570,3005,1485,1520,1524,1355,11761,69.7711401507,train
ia_45,52251,36786,748,8591,2409,6182,17863,5104,12759,1601,448,1153,1321,195,1126,3300,1266,2034,3362,1567,13898,70.4024803353,train
oh_67,25029,15939,321,4338,1913,2425,7343,2629,4714,175,0,175,582,326,256,1207,531,676,1973,1117,7973,63.6821287307,train
fl_95,21675,20400,372,5495,2865,2630,10305,5020,5285,630,433,197,219,0,219,2708,1461,1247,671,142,1133,94.1176470588,train
mi_168,59638,31822,510,7497,1591,5906,12138,2974,9164,1468,702,766,1205,427,778,7341,3573,3768,1663,6702,21114,53.3585968678,train
tx_332,34951,30655,128,7125,2966,4159,10831,4766,6065,4208,2077,2131,549,264,285,4356,2343,2013,3458,1310,2986,87.7085061944,train
mn_118,54976,49448,434,9527,3870,5657,30785,16292,14493,881,330,551,439,273,166,5131,2720,2411,2251,1460,4068,89.9447031432,train
md_19,91938,75615,1243,7730,2468,5262,36117,13423,22694,18621,7246,11375,1303,358,945,7872,4109,3763,2729,3909,12414,82.2456438034,train
mn_36,24071,22406,111,4737,2309,2428,13488,5883,7605,547,233,314,91,91,0,2488,1765,723,944,292,1373,93.0829629014,train
al_57,49437,39219,565,6582,2496,4086,25485,13601,11884,513,252,261,643,468,175,3565,1204,2361,1866,1092,9126,79.3312701013,train
az_98,45258,35069,780,4003,1546,2457,22037,10417,11620,942,866,76,882,379,503,3811,1900,1911,2614,1991,8198,77.486853153,train
or_31,38775,28893,82,3971,1949,2022,14808,7204,7604,3529,1531,1998,448,185,263,3957,2085,1872,2098,1347,8535,74.5145067698,train
or_82,26040,22248,280,2844,896,1948,15568,5508,10060,473,337,136,37,37,0,2414,1630,784,632,657,3135,85.4377880184,train
in_40,28101,18336,479,3043,1411,1632,10749,4015,6734,524,267,257,249,132,117,1245,693,552,2047,2380,7385,65.2503469627,train
ca_242,32824,29031,0,6630,2138,4492,18356,8166,10190,1879,690,1189,268,81,187,1443,1021,422,455,772,3021,88.4444309042,train
pa_86,263951,203665,1809,27820,9894,17926,91346,37511,53835,38936,16937,21999,2749,934,1815,31141,15197,15944,9864,7029,53257,77.1601547257,train
fl_152,49506,40414,503,5072,1910,3162,27692,12258,15434,1662,1027,635,531,125,406,3426,1913,1513,1528,2054,7038,81.6345493476,train
mo_57,301232,255112,2234,77549,30913,46636,106844,46285,60559,24333,9947,14386,4626,2268,2358,28258,15326,12932,11268,7996,38124,84.6895416158,train
ca_146,40369,29625,214,9527,4614,4913,6704,3339,3365,366,246,120,2843,201,2642,7678,2212,5466,2293,2310,8434,73.385518591,train
ca_61,22988,17397,72,3087,915,2172,5873,2459,3414,2279,746,1533,170,84,86,4492,2474,2018,1424,1415,4176,75.6786149295,train
al_36,33198,27938,113,7440,4322,3118,12014,6051,5963,2750,1876,874,445,445,0,3948,2657,1291,1228,787,4473,84.1556720284,train
dc_12,46182,33740,446,7396,3721,3675,18213,11100,7113,1393,998,395,669,274,395,3973,2347,1626,1650,2270,10172,73.0587674852,train
fl_44,214500,142303,2667,24396,4845,19551,74434,28522,45912,11016,5077,5939,3779,1149,2630,17000,8102,8898,9011,19700,52497,66.3417249417,train
mo_126,90308,61637,1122,18413,5375,13038,27172,10745,16427,5064,1748,3316,1144,288,856,5880,3090,2790,2842,7048,21623,68.2519821057,train
mn_61,266584,183791,5820,55425,15612,39813,58469,18527,39942,9666,3240,6426,12059,3548,8511,24392,10194,14198,17960,13555,69238,68.9429973292,train
oh_174,38545,31412,293,7276,2794,4482,15562,6741,8821,2262,1608,654,751,119,632,3006,1570,1436,2262,2251,4882,81.4943572448,train
wa_149,23195,20204,26,4745,3044,1701,12119,7103,5016,362,280,82,314,274,40,1756,1273,483,882,538,2453,87.1049795214,train
wi_31,40292,31617,688,6718,1878,4840,16832,7694,9138,445,108,337,2015,509,1506,1906,904,1002,3013,1611,7064,78.4696713988,train
mo_39,28518,18763,108,1970,634,1336,10307,4199,6108,442,81,361,1077,248,829,2845,1426,1419,2014,2706,7049,65.7935339084,train
ny_110,271292,184768,1327,18789,6783,12006,120824,45275,75549,7013,3656,3357,1927,1165,762,21839,9669,12170,13049,10748,75776,68.1066894711,train
ct_13,75029,59837,642,11901,3197,8704,36410,13089,23321,1803,963,840,298,13,285,6705,3404,3301,2078,2553,12639,79.7518292927,train
ny_134,48493,40495,376,1333,784,549,20646,9322,11324,9089,3862,5227,287,48,239,7638,5163,2475,1126,1013,6985,83.5068979028,train
al_73,48509,26749,768,8516,2624,5892,8015,2074,5941,614,279,335,2308,550,1758,2895,933,1962,3633,2982,18778,55.1423447195,train
az_76,33559,21738,182,3368,1206,2162,13703,5863,7840,519,382,137,438,183,255,1868,1016,852,1660,1233,10588,64.7754700676,train
mi_42,40647,19696,215,3211,833,2378,12187,2099,10088,441,55,386,600,0,600,2224,1143,1081,818,2033,18918,48.4562206313,train
oh_32,116671,89602,1759,22871,9109,13762,45088,17701,27387,846,25,821,2374,1291,1083,7934,4282,3652,8730,4212,22857,76.7988617566,train
nj_117,41457,26518,689,2884,824,2060,16046,3683,12363,3110,1133,1977,310,45,265,3055,1412,1643,424,1693,13246,63.9650722435,train
fl_295,43217,30436,386,4627,1183,3444,18047,5193,12854,630,252,378,2050,652,1398,3200,1274,1926,1496,1077,11704,70.4259897725,train
ct_63,45269,36385,235,8211,2354,5857,21808,7368,14440,1446,586,860,184,0,184,3303,2133,1170,1198,1061,7823,80.375091122,train
oh_38,220684,156697,2533,29641,10259,19382,83576,35431,48145,6009,2382,3627,2387,748,1639,18903,10599,8304,13648,12496,51491,71.0051476319,train
fl_269,43749,38355,271,2430,1510,920,15153,5663,9490,12890,6124,6766,823,141,682,5433,3310,2123,1355,871,4523,87.6705753274,train
ca_551,69729,48848,915,20737,4400,16337,14482,4497,9985,1064,546,518,2116,657,1459,5598,2440,3158,3936,2965,17916,70.0540664573,train
al_23,32879,21429,194,5008,1939,3069,9974,3502,6472,599,84,515,1153,496,657,2353,1426,927,2148,1586,9864,65.1753398826,train
md_38,39823,36615,56,1857,830,1027,11090,6020,5070,14766,9215,5551,90,0,90,7461,5056,2405,1295,815,2393,91.9443537654,train
ca_519,32680,25451,406,9526,2037,7489,10919,3425,7494,404,89,315,794,426,368,2323,1186,1137,1079,325,6904,77.8794369645,train
ga_31,64465,57850,264,16123,6384,9739,25128,13414,11714,3031,1635,1396,807,412,395,10237,5106,5131,2260,948,5667,89.7386178546,train
tx_353,41275,36804,243,4898,2146,2752,19419,8619,10800,2498,1217,1281,560,332,228,4264,2683,1581,4922,1295,3176,89.1677771048,train
la_12,278981,154260,4787,46669,15673,30996,42547,12836,29711,3325,705,2620,17416,3833,13583,17836,8301,9535,21680,12021,112700,55.2940881279,train
wa_31,79742,53532,1090,15607,4760,10847,20855,8056,12799,668,301,367,4061,928,3133,5164,2323,2841,6087,3713,22497,67.1314990845,train
oh_182,53019,30974,418,3980,1404,2576,15588,5446,10142,3655,1900,1755,735,150,585,4106,2196,1910,2492,4112,17933,58.4205662121,train
tx_112,493102,342571,2847,69426,19635,49791,160389,60496,99893,18009,8695,9314,9260,3947,5313,42434,22453,19981,40206,25698,124833,69.472644605,train
tx_168,265082,186833,2401,37668,16239,21429,73121,30943,42178,4138,1476,2662,17289,7041,10248,23223,12376,10847,28993,12945,65304,70.481209588,train
ny_53,31643,26454,540,1793,437,1356,17488,5519,11969,3269,917,2352,105,28,77,2779,1402,1377,480,706,4483,83.601428436,train
fl_260,65327,52570,1036,11600,3858,7742,27021,8395,18626,2505,801,1704,332,66,266,7829,3096,4733,2247,2344,10413,80.4720865798,train
in_137,32532,29668,442,7211,3199,4012,14779,7635,7144,3378,1138,2240,284,46,238,2345,1661,684,1229,1399,1465,91.1963605066,train
ar_17,27960,15592,402,6128,1031,5097,3546,1231,2315,858,97,761,659,103,556,1205,646,559,2794,572,11796,55.765379113,train
ia_66,31107,19621,760,3979,1075,2904,11914,3474,8440,92,0,92,413,140,273,1424,796,628,1039,1958,9528,63.0758350211,train
az_129,25099,17867,250,6455,1552,4903,6980,1494,5486,41,0,41,970,436,534,1555,643,912,1616,739,6493,71.186103032,train
sd_14,41646,31087,372,3917,2111,1806,19444,7991,11453,751,535,216,1229,415,814,3304,1984,1320,2070,1607,8952,74.6458243289,train
co_26,42307,37030,145,7206,3295,3911,21817,11654,10163,687,398,289,295,86,209,5611,3246,2365,1269,2197,3080,87.5268868036,train
ok_30,33750,21965,224,7035,2781,4254,8312,3332,4980,135,31,104,334,96,238,3862,2201,1661,2063,4047,7738,65.0814814815,train
wa_24,29040,20793,629,8934,1502,7432,5699,1789,3910,471,41,430,1612,273,1339,2703,749,1954,745,1350,6897,71.6012396694,train
ca_459,49068,38069,265,9722,5332,4390,15248,7807,7441,3305,1976,1329,1327,574,753,4028,1896,2132,4174,1761,9238,77.5841689085,train
az_24,27323,22507,503,4959,1558,3401,12327,4153,8174,123,44,79,665,361,304,2116,1141,975,1814,1275,3541,82.3738242506,train
ca_383,58511,42682,526,14463,3790,10673,18468,6213,12255,859,492,367,1142,346,796,5515,2532,2983,1709,2722,13107,72.9469672369,train
wa_39,35441,32679,265,3745,1768,1977,18424,11644,6780,5290,3248,2042,379,301,78,3137,1977,1160,1439,955,1807,92.2067661748,train
md_31,27125,21969,315,3290,1265,2025,15087,5564,9523,487,138,349,184,152,32,1406,865,541,1200,1003,4153,80.9917050691,train
ga_48,33892,24066,597,7106,1493,5613,5299,1204,4095,3935,946,2989,158,78,80,5847,1360,4487,1124,360,9466,71.0079074708,train
tx_153,493102,342571,2847,69426,19635,49791,160389,60496,99893,18009,8695,9314,9260,3947,5313,42434,22453,19981,40206,25698,124833,69.472644605,train
ky_56,49479,37607,436,6477,2781,3696,18925,7064,11861,2513,927,1586,544,167,377,6248,3088,3160,2464,1490,10382,76.0059823359,train
in_89,42746,28558,608,5823,1320,4503,14102,3900,10202,173,19,154,1860,528,1332,4262,1910,2352,1730,1086,13102,66.8085902775,train
mo_78,37349,32194,161,7009,3348,3661,18152,10186,7966,2143,1468,675,766,225,541,2292,1806,486,1671,1119,4036,86.1977562987,train
ia_32,29941,24312,158,5628,2567,3061,15390,7195,8195,508,260,248,218,177,41,1689,772,917,721,1931,3698,81.199692729,train
mi_69,72284,50447,551,11622,4399,7223,28519,10118,18401,1586,605,981,631,348,283,4283,1933,2350,3255,4120,17717,69.7899950196,train
ca_18,53191,40170,537,10445,3430,7015,18440,5928,12512,1207,247,960,1820,454,1366,5257,1106,4151,2464,2865,10156,75.5202947867,train
fl_52,200107,145201,1328,20740,5199,15541,85703,27131,58572,5275,1950,3325,4462,1182,3280,19556,7389,12167,8137,6933,47973,72.5616795015,train
mi_82,255322,120771,2318,25380,6226,19154,52767,14493,38274,3624,1038,2586,4893,2115,2778,23307,10199,13108,8482,32628,101923,47.3014468005,train
ga_11,291406,165520,3954,78098,21010,57088,29889,8056,21833,3901,1698,2203,12031,2953,9078,22033,8500,13533,15614,16079,109807,56.8004776841,train
tx_177,250710,169848,1359,35900,8669,27231,76426,30005,46421,9609,4064,5545,4332,1268,3064,22515,11243,11272,19707,12565,68297,67.7467990906,train
wi_89,64088,47350,952,8498,3452,5046,27012,11325,15687,1314,597,717,2390,1065,1325,3066,1663,1403,4118,4255,12483,73.882786169,train
az_107,40764,28715,380,8869,2027,6842,12059,4220,7839,278,197,81,1893,481,1412,2269,1389,880,2967,901,11148,70.4420567167,train
ca_231,46030,39942,234,12370,6292,6078,21021,13427,7594,930,431,499,215,132,83,3269,1955,1314,1903,1866,4222,86.7738431458,train
az_97,33796,20390,204,2481,620,1861,11405,5132,6273,281,86,195,678,186,492,2464,1210,1254,2877,2605,10801,60.3325837377,train
ok_39,39993,21534,1139,7661,2584,5077,3273,1429,1844,764,473,291,3513,984,2529,1930,948,982,3254,1821,16638,53.844422774,train
nj_28,41870,33960,961,12499,3425,9074,15224,4837,10387,91,0,91,793,216,577,3449,1706,1743,943,1255,6655,81.1081920229,train
in_148,28101,18336,479,3043,1411,1632,10749,4015,6734,524,267,257,249,132,117,1245,693,552,2047,2380,7385,65.2503469627,train
mn_18,58203,49364,490,7014,3255,3759,31213,14310,16903,1612,526,1086,1193,188,1005,3996,2093,1903,3846,1853,6986,84.813497586,train
fl_45,25806,15596,459,6965,1223,5742,4130,722,3408,399,155,244,755,52,703,2204,590,1614,684,1371,8839,60.4355576223,train
sc_73,85047,63185,819,10904,4794,6110,35205,16536,18669,2589,1115,1474,1364,1113,251,8046,3879,4167,4258,4560,17302,74.2942137877,train
mi_178,40317,31854,394,4039,1225,2814,22496,8249,14247,851,417,434,471,265,206,2355,1519,836,1248,1330,7133,79.0088548255,train
md_41,23932,20199,56,2765,1075,1690,9337,4247,5090,4374,1928,2446,105,50,55,2646,1290,1356,916,1563,2170,84.4016379743,train
ca_166,19958,16628,122,4122,1725,2397,9346,3822,5524,388,137,251,123,0,123,2020,1270,750,507,332,2998,83.314961419,train
wa_101,35183,27495,153,6737,2921,3816,14754,4781,9973,191,124,67,1313,658,655,2736,1375,1361,1611,1754,5934,78.148537646,train
in_133,42192,30821,583,4928,1658,3270,17953,5680,12273,754,488,266,892,388,504,3202,1648,1554,2509,2062,9309,73.0493932499,train
il_158,39983,29029,343,6441,1525,4916,12727,4758,7969,103,69,34,3724,732,2992,2287,1280,1007,3404,1312,9642,72.6033564265,train
co_42,273050,206970,2112,40945,17401,23544,116323,54972,61351,3307,1361,1946,4831,1942,2889,25370,13380,11990,14082,13521,52559,75.7993041567,train
az_64,39479,31088,197,7315,2047,5268,15181,7333,7848,1389,306,1083,376,254,122,3177,1016,2161,3453,3146,5245,78.7456622508,train
oh_24,476532,370299,2674,49784,23033,26751,227180,101429,125751,11617,6294,5323,3796,2158,1638,51923,21341,30582,23325,19770,86463,77.7070584976,train
ky_61,48445,34870,371,6531,2590,3941,17192,8579,8613,85,45,40,2246,605,1641,3324,1835,1489,5121,2190,11385,71.9785323563,train
nc_192,61412,45983,626,10106,3949,6157,21551,7530,14021,1171,117,1054,2263,803,1460,7767,2699,5068,2499,2498,12931,74.8762456849,train
mn_14,24736,19653,269,6323,2325,3998,7607,2493,5114,296,223,73,1131,186,945,2057,666,1391,1970,950,4133,79.4510025873,train
pr_59,46143,15696,191,2919,1426,1493,9150,4244,4906,310,54,256,328,246,82,399,157,242,2399,865,29582,34.0159937585,train
ca_273,222742,186156,2230,53621,18913,34708,85282,37673,47609,6090,3379,2711,5070,1899,3171,21012,12587,8425,12851,6494,30092,83.5747187329,train
md_52,56400,40283,808,8969,3302,5667,22421,8849,13572,1128,382,746,1264,649,615,3020,1402,1618,2673,2908,13209,71.4237588652,train
or_58,40270,29687,285,4810,1044,3766,18823,4611,14212,290,184,106,1482,177,1305,3230,1000,2230,767,1117,9466,73.7198907375,train
ca_35,604090,452408,4614,109168,35056,74112,164140,63934,100206,80628,34806,45822,11666,3992,7674,52294,27389,24905,29898,27531,124151,74.8908275257,train
ma_67,271362,232400,1377,16051,7018,9033,131848,57964,73884,43136,22991,20145,1212,303,909,31489,18437,13052,7287,5257,33705,85.642057473,train
la_88,76601,51398,738,8040,2273,5767,27928,10053,17875,1582,851,731,1227,110,1117,8184,3428,4756,3699,3690,21513,67.0983407527,train
ia_68,30089,25496,150,7200,2502,4698,13595,7837,5758,300,214,86,770,524,246,2036,1416,620,1445,1201,3392,84.7352853202,train
tx_249,32805,20896,448,2545,360,2185,4449,1435,3014,3589,1536,2053,396,0,396,8750,3351,5399,719,1170,10739,63.6976070721,train
ms_41,48550,27610,526,7750,2446,5304,9325,3816,5509,301,152,149,450,192,258,7972,4543,3429,1286,2543,18397,56.8692070031,train
va_43,65595,56207,403,7555,3701,3854,37308,20286,17022,1057,271,786,534,448,86,5772,3426,2346,3578,2048,7340,85.6879335315,train
fl_211,38502,25792,599,8295,1657,6638,8950,2860,6090,907,440,467,1732,1074,658,3266,1635,1631,2043,2456,10254,66.9887278583,train
ca_471,45370,27065,444,6866,1834,5032,12438,4811,7627,507,180,327,859,174,685,3410,1506,1904,2541,4475,13830,59.6539563588,train
tx_215,47461,43415,27,5144,1778,3366,12300,5733,6567,14158,6287,7871,323,254,69,10719,2493,8226,744,1307,2739,91.4751058764,train
ca_19,47430,30724,231,9539,1953,7586,11752,1218,10534,502,0,502,1853,340,1513,3676,1306,2370,3171,1892,14814,64.7775669408,train
ga_137,45641,35012,433,15145,4663,10482,9370,2495,6875,423,119,304,1348,408,940,6597,2796,3801,1696,1845,8784,76.7117284897,train
mn_19,206353,161163,2828,38672,15570,23102,87026,42990,44036,2544,1294,1250,2762,1287,1475,14582,8057,6525,12749,8144,37046,78.1006333807,train
ny_19,35838,25378,460,2030,442,1588,18075,5205,12870,107,0,107,1357,319,1038,1970,1068,902,1379,912,9548,70.8131034098,train
oh_69,118526,75940,1016,9752,3454,6298,46254,18288,27966,1983,462,1521,1090,358,732,10243,4951,5292,5602,7223,35363,64.0703305604,train
tx_312,38311,28325,275,6204,2442,3762,11048,4817,6231,1901,1082,819,333,74,259,3698,2229,1469,4866,1741,8245,73.93437916,train
ms_20,32442,20743,472,6295,2679,3616,7225,2969,4256,93,54,39,1120,479,641,2615,972,1643,2923,1326,10373,63.9387214105,train
il_110,47061,31762,491,7654,2719,4935,18580,9783,8797,251,102,149,487,20,467,2487,1061,1426,1812,2983,12316,67.4911285353,train
ca_281,244187,198208,2383,51935,16233,35702,77505,27628,49877,16994,5655,11339,5372,3529,1843,36855,13677,23178,7164,6267,39712,81.1705782863,train
ak_12,30272,25325,232,13418,6174,7244,7513,4467,3046,121,81,40,352,59,293,2245,1764,481,1444,816,4131,83.6581659619,train
al_47,32945,22636,149,3099,1421,1678,8219,3958,4261,862,624,238,503,359,144,2298,1254,1044,7506,707,9602,68.7084534831,train
ca_572,71024,53978,588,16369,6717,9652,20636,8777,11859,2660,1255,1405,2303,1328,975,5931,2972,2959,5491,3716,13330,75.9996620861,train
fl_276,69396,50156,411,4552,1258,3294,32910,10112,22798,4330,1986,2344,454,131,323,5614,3108,2506,1885,2347,16893,72.2750590812,train
az_92,44920,37534,493,9695,3039,6656,20880,7050,13830,522,175,347,1033,357,676,2985,1475,1510,1926,2060,5326,83.5574354408,train
tn_121,55597,43225,529,8679,2256,6423,24157,9537,14620,2513,1198,1315,1198,332,866,2822,1435,1387,3327,2780,9592,77.7470007374,train
id_24,294242,221486,4059,68605,24193,44412,80851,31867,48984,4359,1094,3265,19194,5858,13336,20213,9317,10896,24205,12672,60084,75.2734144004,train
ct_79,48273,34731,55,2589,721,1868,25939,7409,18530,1252,237,1015,128,0,128,2835,1775,1060,1933,1828,11714,71.9470511466,train
ut_19,22086,18677,111,5656,1175,4481,8218,2599,5619,480,0,480,953,398,555,1764,881,883,1495,700,2709,84.5648827311,train
ms_34,54029,30705,1057,11651,4480,7171,6404,1980,4424,1008,320,688,3088,696,2392,3436,1770,1666,4061,4113,19211,56.8305909789,train
nj_61,27633,16256,444,987,160,827,6264,1716,4548,2652,1314,1338,133,133,0,3886,2257,1629,1890,1403,9974,58.8282126443,train
fl_277,46313,35966,438,3443,845,2598,23779,8473,15306,1210,861,349,281,82,199,4727,2269,2458,2088,1407,8940,77.6585407985,train
in_82,275819,186895,4975,47290,12258,35032,77839,25763,52076,6239,2108,4131,10884,3098,7786,20714,9928,10786,18954,8181,80743,67.7600165326,train
nc_86,286754,201268,3559,50959,16095,34864,95688,36454,59234,4581,1525,3056,7125,1832,5293,26064,11972,14092,13292,12747,72739,70.1883844689,train
nc_18,29255,17396,664,4771,1599,3172,8933,2452,6481,186,59,127,655,93,562,1262,540,722,925,714,11145,59.4633396001,train
il_175,58612,50361,125,10260,4608,5652,28305,15324,12981,2863,2207,656,703,404,299,5061,2608,2453,3044,2208,6043,85.9226779499,train
ga_17,40898,30312,489,11545,5870,5675,8621,4164,4457,966,533,433,978,129,849,4049,2114,1935,3664,1543,9043,74.1160936965,train
ma_21,290581,220250,1092,31688,12287,19401,148491,59634,88857,3901,1811,2090,3061,1254,1807,18957,9227,9730,13060,11946,58385,75.7964216518,train
tx_139,815266,571894,4661,147967,56943,91024,224210,107158,117052,25209,10707,14502,13454,4874,8580,81391,47504,33887,75002,40590,202782,70.1481479664,train
ca_557,68373,56509,671,14966,6306,8660,19729,10942,8787,2277,1510,767,1624,420,1204,12704,9235,3469,4538,2681,9183,82.6481213344,train
in_105,40804,26280,1750,8608,2561,6047,5718,2045,3673,555,117,438,2922,768,2154,2313,1157,1156,4414,1081,13443,64.405450446,train
tx_288,37987,20484,353,2614,682,1932,13128,3579,9549,406,319,87,515,242,273,1637,465,1172,1831,4876,12627,53.9237107431,train
tx_305,34714,22366,190,4517,2080,2437,10997,5296,5701,388,156,232,465,331,134,1996,1138,858,3813,1764,10584,64.429336867,train
de_13,339071,255564,3089,23416,6346,17070,129437,45926,83511,54150,19990,34160,3625,1566,2059,31076,14223,16853,10771,16880,66627,75.3718247801,train
la_89,146426,105785,1128,17781,7076,10705,60202,28067,32135,4661,2817,1844,2235,1130,1105,9617,5018,4599,10161,7155,33486,72.2446833213,train
tx_435,114776,73132,1235,18856,7799,11057,35286,12064,23222,2778,1190,1588,894,397,497,8714,4835,3879,5369,6168,35476,63.7171534119,train
wi_39,38324,26889,389,5212,1246,3966,15930,5753,10177,882,593,289,448,37,411,2216,629,1587,1812,1467,9968,70.1623003862,train
ks_17,26776,21004,0,3814,1452,2362,10097,4117,5980,1738,782,956,1490,392,1098,1883,717,1166,1982,1763,4009,78.4433821333,train
mo_52,27774,18660,330,3364,1490,1874,10600,3986,6614,254,150,104,422,226,196,1771,1039,732,1919,1241,7873,67.1851371787,train
il_17,338778,281709,2611,56759,25642,31117,161909,86628,75281,11070,7271,3799,3021,1271,1750,32594,20574,12020,13745,9924,47145,83.1544551299,train
nc_79,94074,66655,725,11306,2924,8382,41190,11198,29992,1066,294,772,1465,164,1301,6322,2999,3323,4581,3279,24140,70.8537959479,train
tx_311,35179,24435,251,7959,1725,6234,8770,2652,6118,1324,630,694,496,256,240,1998,960,1038,3637,1633,9111,69.4590522755,train
il_192,50823,44674,504,9173,4956,4217,23694,13277,10417,1472,1143,329,988,816,172,7389,4986,2403,1454,963,5186,87.9011471184,train
co_78,42526,28730,447,4654,1738,2916,11883,4899,6984,374,268,106,1617,353,1264,6692,3201,3491,3063,2972,10824,67.5586699901,train
nj_63,97530,76719,454,6036,2237,3799,36905,13811,23094,21950,8575,13375,895,500,395,6015,3165,2850,4464,2503,18308,78.6619501692,train
pa_154,43863,29703,340,8016,2603,5413,11761,4503,7258,3989,1124,2865,621,201,420,3964,1913,2051,1012,1934,12226,67.7176663703,train
ma_10,40306,30682,681,6954,1811,5143,16753,6197,10556,400,17,383,1384,524,860,3337,1086,2251,1173,1819,7805,76.1226616385,train
in_97,53519,35210,466,3441,617,2824,15075,4955,10120,10251,4549,5702,183,100,83,3618,1367,2251,2176,4425,13884,65.7897195389,train
ok_75,118225,77423,710,13223,4757,8466,40233,16476,23757,2905,1473,1432,1378,661,717,11870,5514,6356,7104,5528,35274,65.4878409812,train
wi_32,52779,42690,599,6827,2404,4423,24348,10994,13354,2106,701,1405,2056,725,1331,3959,2140,1819,2795,742,9347,80.8844426761,train
ca_375,70209,64356,214,17632,10059,7573,36253,23250,13003,1830,1291,539,419,341,78,6029,3797,2232,1979,1414,4439,91.6634619493,train
ga_91,45513,28468,603,9382,2581,6801,9731,2023,7708,1107,89,1018,2397,408,1989,3180,1477,1703,2068,1619,15426,62.549161778,train
or_91,31041,26714,0,2159,1256,903,15019,5698,9321,5184,2689,2495,477,171,306,2728,1283,1445,1147,664,3663,86.0603717664,train
ca_300,185194,143263,2072,32872,13238,19634,69564,27484,42080,6510,2690,3820,3608,851,2757,17811,10295,7516,10826,5354,36577,77.3583377431,train
va_38,36012,25357,323,2607,1069,1538,12384,4820,7564,2871,1274,1597,224,174,50,2642,1113,1529,4306,1251,9404,70.412640231,train
tx_138,25976,17144,381,3217,1508,1709,8258,3512,4746,28,0,28,405,79,326,2523,1359,1164,2332,1907,6925,65.9993840468,train
nc_160,39130,30012,762,5669,1885,3784,18675,7709,10966,219,81,138,479,121,358,2870,1706,1164,1338,1421,7697,76.6981855354,train
ca_421,29957,18206,573,3442,1371,2071,8169,3099,5070,45,25,20,1500,581,919,1872,1388,484,2605,1366,10385,60.7737757452,train
ca_75,22811,15060,533,4389,522,3867,4943,1099,3844,289,0,289,812,94,718,2554,1497,1057,1540,1077,6674,66.0207794485,train
va_131,60833,55846,348,2511,1297,1214,20882,11469,9413,25861,16547,9314,106,62,44,5090,3359,1731,1048,1306,3681,91.8021468611,train
nj_73,262582,223943,1932,26343,10499,15844,121186,50246,70940,42769,20214,22555,1851,366,1485,24918,14898,10020,4944,6415,32224,85.2849776451,train
sc_89,114103,87041,1403,12486,3919,8567,50978,23688,27290,1316,688,628,1144,420,724,13032,7602,5430,6682,6094,20968,76.2828321779,train
ms_55,30003,24579,456,5510,2761,2749,11587,7837,3750,1232,633,599,964,76,888,4651,3468,1183,179,547,4877,81.9218078192,train
tx_297,46580,33938,501,10887,3808,7079,11594,4021,7573,592,228,364,1287,268,1019,4436,2003,2433,4641,2056,10586,72.8595963933,train
wa_78,37822,31065,1329,8240,2617,5623,8430,3883,4547,405,238,167,4406,1486,2920,3218,1926,1292,5037,1429,5328,82.1347363968,train
la_87,98570,64790,896,18036,6599,11437,27114,10231,16883,772,270,502,2021,1072,949,6189,4000,2189,9762,3806,29974,65.729938115,train
ar_18,24779,17391,105,4326,1642,2684,7499,3333,4166,517,282,235,806,449,357,3120,1543,1577,1018,1309,6079,70.1844303644,train
ca_319,44751,36954,61,11232,4104,7128,18386,7876,10510,120,84,36,1021,563,458,4593,2010,2583,1541,2145,5652,82.5769256553,train
ca_316,65862,58615,142,11542,5615,5927,36277,22656,13621,2132,943,1189,421,228,193,6166,4377,1789,1935,641,6606,88.9966900489,train
ca_245,43279,38289,329,9882,4188,5694,22654,12664,9990,616,286,330,218,218,0,3603,1422,2181,987,896,4094,88.4701587375,train
tx_406,24245,19729,0,2505,1205,1300,13543,5490,8053,443,240,203,769,222,547,1657,1174,483,812,1156,3360,81.3734790678,train
in_71,326395,227610,2724,52306,13617,38689,114072,36898,77174,17803,5646,12157,4276,718,3558,18828,8769,10059,17601,13967,84818,69.7345241195,train
fl_156,42860,32151,353,8832,3011,5821,13674,6428,7246,1742,867,875,127,0,127,5696,2048,3648,1727,2277,8432,75.0139990667,train
md_97,244114,157593,2095,34232,11413,22819,79624,29152,50472,5332,2589,2743,3705,1232,2473,17518,9965,7553,15087,12405,74116,64.5571331427,train
ca_11,107843,71437,3548,27585,8060,19525,14724,3267,11457,1128,197,931,10288,1721,8567,8468,2596,5872,5696,5167,31239,66.2416661258,train
nv_32,42412,36501,391,9891,4179,5712,13062,6205,6857,1549,857,692,726,342,384,9059,4956,4103,1823,1576,4335,86.0629067245,train
pa_22,25658,18176,476,1841,618,1223,13321,5082,8239,125,125,0,353,9,344,923,306,617,1137,620,6862,70.8395042482,train
oh_27,334957,239612,3794,43536,15439,28097,116645,48958,67687,29361,11340,18021,3770,1084,2686,25029,12721,12308,17477,19999,75346,71.5351522733,train
sc_94,29866,18978,241,7599,2388,5211,4185,1387,2798,781,298,483,1760,505,1255,3444,1867,1577,968,1649,9239,63.5438291033,train
nj_91,37024,30538,140,1215,677,538,20625,11524,9101,3507,1772,1735,297,248,49,4504,2221,2283,250,1423,5063,82.481633535,train
mo_90,48252,34727,373,11876,5194,6682,11188,6383,4805,2467,1426,1041,1142,742,400,4569,2489,2080,3112,2372,11153,71.9700737793,train
al_15,32225,19682,840,6500,1199,5301,5133,1492,3641,442,95,347,1451,535,916,2519,539,1980,2797,710,11833,61.0768037238,train
pa_114,51067,36790,614,4705,1300,3405,18115,5117,12998,8405,3162,5243,439,68,371,3193,1937,1256,1319,3150,11127,72.0426106879,train
ga_71,245676,142371,2238,48852,17867,30985,52294,17339,34955,999,520,479,5789,2162,3627,16226,6154,10072,15973,13419,89886,57.9507155766,train
mo_76,53050,38782,258,9181,2908,6273,17373,8671,8702,3913,2565,1348,1424,600,824,3591,1875,1716,3042,1500,12768,73.1046182846,train
ms_16,89320,54411,754,14714,4717,9997,17886,7732,10154,1361,1009,352,1839,1175,664,14656,8181,6475,3201,3442,31467,60.9169278997,train
al_54,252599,138699,3107,37364,12041,25323,46030,18012,28018,3811,1596,2215,5508,1340,4168,23213,11541,11672,19666,14574,99326,54.9087684433,train
il_48,31487,26898,346,4885,2439,2446,14387,7118,7269,722,465,257,921,816,105,4561,3058,1503,1076,634,3955,85.4257312542,train
oh_29,27814,18656,619,4108,798,3310,8068,1930,6138,285,121,164,1198,182,1016,2931,1141,1790,1447,815,8343,67.0741353275,train
nm_18,23176,16181,80,6178,2658,3520,4840,1825,3015,549,233,316,1092,675,417,1957,998,959,1485,847,6148,69.8179150846,train
il_100,30752,23848,232,5273,2003,3270,13787,5396,8391,227,42,185,242,183,59,2868,1641,1227,1219,1663,5241,77.5494276795,train
wa_21,32990,27795,409,6448,2657,3791,12078,5099,6979,506,343,163,1507,652,855,5608,3021,2587,1239,795,4400,84.25280388,train
il_214,49424,28000,317,6300,2439,3861,10924,4133,6791,630,318,312,283,98,185,5116,2115,3001,4430,2863,18561,56.6526383943,train
tx_42,34532,23922,140,8932,3625,5307,4158,1632,2526,2264,1344,920,2901,1625,1276,3062,1365,1697,2465,2586,8024,69.2748754778,train
fl_256,48517,35585,548,6675,2227,4448,20230,9382,10848,1287,579,708,162,119,43,5214,2867,2347,1469,2640,10292,73.3454253148,train
ar_44,70826,45504,672,9348,3702,5646,23162,11325,11837,558,241,317,1772,576,1196,5458,2134,3324,4534,4072,21250,64.2475926919,train
ia_49,46256,30494,856,10519,3525,6994,8424,3040,5384,1594,637,957,1084,415,669,5174,2029,3145,2843,2347,13415,65.9244206157,train
ok_60,63089,43147,623,9908,4411,5497,18529,8348,10181,1827,801,1026,2691,659,2032,5776,3269,2507,3793,3846,16096,68.3906861735,train
pa_197,25956,19898,205,1009,339,670,8765,3649,5116,4272,1404,2868,486,182,304,3900,2653,1247,1261,462,5596,76.6605023887,train
al_77,50283,30024,652,6106,1536,4570,12281,4734,7547,351,112,239,2378,413,1965,2814,1641,1173,5442,3235,17024,59.710041167,train
la_51,50428,32109,666,9191,3612,5579,12034,4513,7521,409,170,239,933,517,416,3043,2196,847,5833,1962,16357,63.672959467,train
pr_11,32556,14091,586,4038,1515,2523,4651,2101,2550,46,0,46,1351,1037,314,717,367,350,2702,885,17580,43.2823442683,train
oh_58,59009,34816,410,8077,2509,5568,16633,7497,9136,747,469,278,660,166,494,2878,1117,1761,5411,4013,20180,59.0011693132,train
ok_62,57777,34726,697,9678,4339,5339,7204,3349,3855,357,262,95,4994,1441,3553,3584,1512,2072,8212,2645,20406,60.1035013933,train
ga_180,70852,61887,421,21672,9230,12442,24424,8933,15491,1494,576,918,1756,596,1160,5915,3223,2692,6205,1624,7341,87.3468638853,train
fl_62,29265,22284,43,3428,697,2731,13809,3551,10258,902,31,871,528,0,528,2614,883,1731,960,669,6312,76.1455663762,train
il_57,31284,23377,365,5054,1344,3710,13267,5843,7424,1479,919,560,168,115,53,2117,1072,1045,927,595,7312,74.7250990922,train
il_253,37916,31279,97,7093,1961,5132,18574,7299,11275,1234,321,913,378,6,372,1669,972,697,2234,1144,5493,82.4955164047,train
md_65,36759,27717,334,4151,1468,2683,16464,5253,11211,507,249,258,1747,495,1252,2369,1027,1342,2145,1772,7270,75.4019423815,train
in_10,241310,161701,6031,50612,15434,35178,44850,13631,31219,5758,2219,3539,17640,6143,11497,16524,7352,9172,20286,11559,68050,67.0096556297,train
mo_53,26477,21155,0,5916,3196,2720,10022,4954,5068,1369,652,717,449,80,369,2408,1504,904,991,912,4410,79.8995354459,train
nc_80,280488,169909,3037,41166,13136,28030,75723,30612,45111,1903,625,1278,7575,2472,5103,18149,8523,9626,22356,12624,97955,60.5762100339,train
ar_42,63192,40296,2182,16699,2763,13936,10019,1851,8168,356,130,226,2997,734,2263,3801,1333,2468,4242,2744,20152,63.7675655146,train
tx_181,295241,246235,1240,42387,17470,24917,82350,38420,43930,62576,29804,32772,4463,2180,2283,39319,25230,14089,13900,9257,39749,83.4013568576,train
az_10,60423,36343,681,7617,2238,5379,12900,4157,8743,154,96,58,3189,1051,2138,4624,1154,3470,7178,1887,22193,60.147625904,train
mi_185,23550,18768,148,4094,2200,1894,10751,5082,5669,668,397,271,398,41,357,1578,1195,383,1131,956,3826,79.6942675159,train
fl_326,87201,54513,1525,7889,2991,4898,33071,10076,22995,641,453,188,976,305,671,8555,3137,5418,1856,4573,28115,62.514191351,train
ri_28,60595,41076,118,1583,652,931,20849,5477,15372,10290,4259,6031,304,265,39,3832,1924,1908,4100,1931,17588,67.7877712683,train
de_15,57215,46179,263,3299,875,2424,22341,8396,13945,13276,6388,6888,215,123,92,5523,2921,2602,1262,4068,6968,80.7113519182,train
mi_76,30443,26664,121,2546,1128,1418,19640,9597,10043,445,153,292,247,179,68,2811,1277,1534,854,1060,2719,87.5866373222,train
oh_134,45706,35138,668,6099,2277,3822,16776,7318,9458,2294,1112,1182,2345,904,1441,3618,1374,2244,3338,1532,9036,76.8783091935,train
ny_214,35883,27996,0,635,279,356,17884,4177,13707,6022,1382,4640,172,172,0,2252,1142,1110,1031,576,7311,78.020232422,train
ny_77,33270,29554,65,1390,201,1189,16954,9062,7892,8086,5526,2560,64,0,64,2142,1138,1004,853,923,2793,88.8307784791,train
ny_215,41585,32828,641,2313,1176,1137,20758,8739,12019,482,129,353,511,216,295,7137,1870,5267,986,1433,7324,78.9419261753,train
ma_89,65265,49345,810,12745,2056,10689,18711,7678,11033,5254,1624,3630,462,158,304,4162,2755,1407,7201,1314,14606,75.607140121,train
md_45,284780,233778,1545,23908,7976,15932,96350,40512,55838,66601,31570,35031,1846,691,1155,36225,20228,15997,7303,7997,43005,82.090736709,train
hi_18,218238,172819,3286,29813,10862,18951,110296,48750,61546,2633,1023,1610,2145,585,1560,14201,8546,5655,10445,7472,37947,79.1883173416,train
nj_84,43766,35139,509,1304,471,833,18899,8341,10558,10885,5458,5427,37,0,37,3100,1402,1698,405,771,7856,80.2883516885,train
tx_150,43231,32610,105,4268,1932,2336,19182,9191,9991,1239,655,584,652,141,511,5097,3387,1710,2067,3698,6923,75.4319816798,train
co_98,92170,81003,609,18559,8704,9855,46160,25699,20461,1354,785,569,2173,862,1311,9483,6146,3337,2665,3846,7321,87.8843441467,train
ga_146,42147,35070,348,6480,1888,4592,21820,8750,13070,290,210,80,392,79,313,3977,1424,2553,1763,1630,5447,83.2087693074,train
oh_39,34207,23252,430,2495,391,2104,15862,3505,12357,250,0,250,1018,312,706,1356,434,922,1841,1361,9594,67.9743912065,train
oh_54,133301,81831,1066,14488,4540,9948,39773,15223,24550,8598,3901,4697,1561,392,1169,9379,4700,4679,6966,11109,40361,61.3881366231,train
oh_10,517347,362154,10060,81507,23757,57750,167967,54322,113645,7428,2723,4705,25359,8510,16849,33517,13980,19537,36316,22456,132737,70.0021455619,train
ga_49,27502,16016,54,6004,1569,4435,5619,1102,4517,19,0,19,238,133,105,2312,257,2055,1770,2017,9469,58.2357646717,train
mn_79,43545,33482,577,8969,3130,5839,16662,7105,9557,601,291,310,719,266,453,3692,2182,1510,2262,847,9216,76.8905729705,train
va_85,36694,32969,325,3609,1413,2196,8736,4050,4686,11792,7588,4204,1343,752,591,4402,2967,1435,2762,947,2778,89.8484765902,train
mn_51,168011,129665,1569,26402,11221,15181,68437,31614,36823,3826,1682,2144,2687,1203,1484,12135,6983,5152,14609,8142,30204,77.1764943962,train
ma_68,285472,239987,1363,15645,5304,10341,125460,57036,68424,62100,32238,29862,1731,555,1176,26925,14796,12129,6763,8320,37165,84.0667385943,train
ca_328,41535,32902,293,5979,2768,3211,18892,7331,11561,1012,416,596,326,209,117,4946,2936,2010,1454,2530,6103,79.2151197785,train
ct_35,48273,34731,55,2589,721,1868,25939,7409,18530,1252,237,1015,128,0,128,2835,1775,1060,1933,1828,11714,71.9470511466,train
ny_254,63297,48158,597,5668,1501,4167,26871,6533,20338,5527,1659,3868,177,68,109,8317,5286,3031,1001,1984,13155,76.0825947517,train
fl_148,56855,42745,87,6647,2858,3789,29153,14334,14819,418,170,248,301,127,174,3618,1272,2346,2521,4304,9806,75.1824817518,train
wa_68,253268,205690,1735,34944,14076,20868,121739,62397,59342,10256,5395,4861,5833,2368,3465,20034,12022,8012,11149,9871,37707,81.2143658101,train
mi_104,269607,202879,1941,30356,12236,18120,134589,51973,82616,5932,2619,3313,3089,1055,2034,18132,9109,9023,8840,21657,45071,75.2499007815,train
ca_360,38676,29065,212,6771,3072,3699,8783,4923,3860,5100,3323,1777,334,49,285,3356,2335,1021,4509,787,8824,75.1499638018,train
ar_31,26134,17617,0,3456,761,2695,10027,2759,7268,930,45,885,299,0,299,2214,712,1502,691,1579,6938,67.4102701462,train
or_87,208742,173842,1788,31274,16078,15196,107567,62691,44876,2931,1888,1043,2604,1227,1377,16415,11006,5409,11263,7916,26984,83.2807963898,train
ca_73,32916,24871,129,4101,1865,2236,14826,8805,6021,925,474,451,430,150,280,2314,1314,1000,2146,1613,6432,75.5589986633,train
md_84,61624,54948,211,3275,1680,1595,15001,6503,8498,23329,11943,11386,907,419,488,10529,6274,4255,1696,1521,5155,89.1665584837,train
fl_267,42512,31815,484,2796,719,2077,17288,4068,13220,6388,1802,4586,312,71,241,3407,1748,1659,1140,1105,9592,74.8376928867,train
fl_84,20157,15030,345,2174,336,1838,5582,2446,3136,282,202,80,124,88,36,5796,1992,3804,727,557,4570,74.5646673612,train
nj_33,93022,57499,194,3862,929,2933,33025,10595,22430,1975,698,1277,123,123,0,16302,10636,5666,2018,5531,29992,61.8122594655,train
il_92,49686,44494,395,8259,4125,4134,28207,14582,13625,984,673,311,614,300,314,4285,2814,1471,1750,863,4329,89.5503763636,train
ca_441,73928,63395,418,8077,2489,5588,28734,8950,19784,15426,6511,8915,794,260,534,8099,4568,3531,1847,2328,8205,85.7523536414,train
ia_67,32963,23889,183,2007,423,1584,15769,6407,9362,482,241,241,289,159,130,3568,1931,1637,1591,515,8559,72.4721657616,train
ca_366,54183,42605,705,12006,4456,7550,19592,6469,13123,1255,502,753,820,401,419,6552,3377,3175,1675,2189,9389,78.6316741413,train
tx_274,51962,39217,87,5014,2339,2675,17498,9603,7895,440,99,341,1858,860,998,3686,2697,989,10634,1596,11149,75.4724606443,train
mn_68,60940,43374,1607,18411,5732,12679,9439,3840,5599,757,287,470,4254,1252,3002,3400,1390,2010,5506,3332,14234,71.1749261569,train
il_83,30752,23848,232,5273,2003,3270,13787,5396,8391,227,42,185,242,183,59,2868,1641,1227,1219,1663,5241,77.5494276795,train
tx_231,33988,25711,51,3156,1599,1557,10068,3549,6519,5066,2120,2946,327,0,327,3007,1071,1936,4036,2155,6122,75.6472872779,train
ca_214,35087,25957,365,9518,2388,7130,10107,3320,6787,648,460,188,443,203,240,2774,1393,1381,2102,1172,7958,73.9789665688,train
ok_11,205660,118531,3012,44572,14836,29736,15223,4938,10285,3862,1212,2650,18075,4736,13339,13806,6736,7070,19981,10638,76491,57.6344452008,train
ny_195,40924,32860,82,574,204,370,20611,6204,14407,7313,2568,4745,123,40,83,3027,1647,1380,1130,1507,6557,80.2951813117,train
ga_153,51752,34747,423,8387,2970,5417,13621,6669,6952,2405,1401,1004,789,496,293,5913,4131,1782,3209,2632,14373,67.1413665172,train
in_27,42746,28558,608,5823,1320,4503,14102,3900,10202,173,19,154,1860,528,1332,4262,1910,2352,1730,1086,13102,66.8085902775,train
az_121,42522,35890,241,4494,1945,2549,22169,6694,15475,500,213,287,2841,986,1855,3872,1698,2174,1773,1637,4995,84.4033676685,train
tx_23,22083,17616,182,3466,1462,2004,7567,3321,4246,863,76,787,952,282,670,1885,1055,830,2701,894,3573,79.7717701399,train
mo_22,274269,196554,1513,41978,16036,25942,94696,43948,50748,11771,6903,4868,7776,2156,5620,21989,11968,10021,16831,13163,64552,71.6646795664,train
ca_126,41979,35482,296,7828,3577,4251,17388,11145,6243,1567,807,760,624,160,464,5429,3444,1985,2350,1232,5265,84.5232139879,train
nm_50,42743,29158,374,7909,3726,4183,9327,4867,4460,391,284,107,1053,282,771,2738,1532,1206,7366,781,12804,68.2170179913,train
wa_75,48488,37944,647,6241,2814,3427,24304,11407,12897,388,268,120,334,84,250,3164,1538,1626,2866,1263,9281,78.2544134631,train
fl_117,46914,34452,40,3784,1300,2484,23267,6941,16326,2611,1108,1503,283,80,203,3167,1710,1457,1300,1357,11105,73.4365008313,train
nj_124,38232,32741,65,1437,469,968,13779,7212,6567,11006,4812,6194,159,47,112,5668,3113,2555,627,1515,3976,85.6376857083,train
me_16,62039,44690,935,13555,4236,9319,18782,8621,10161,1592,754,838,2115,639,1476,5030,2460,2570,2681,2823,14526,72.0353326134,train
pa_18,51284,36070,602,10959,2999,7960,17358,7247,10111,160,69,91,510,160,350,3336,1574,1762,3145,1786,13428,70.3338273146,train
ca_82,32464,18398,306,7870,1508,6362,4446,1284,3162,595,192,403,352,138,214,2779,903,1876,2050,1850,12216,56.6720059142,train
ca_472,45623,32228,424,11443,2905,8538,11772,4261,7511,1163,494,669,771,109,662,4633,2352,2281,2022,3830,9565,70.6398088683,train
nv_15,105373,88162,1121,13304,4879,8425,57175,19011,38164,1192,373,819,1874,914,960,8822,5135,3687,4674,3030,14181,83.6665939093,train
oh_28,31732,23270,602,4120,1233,2887,14033,6380,7653,1156,377,779,638,221,417,1367,452,915,1354,2217,6245,73.3329131476,train
pa_37,36354,24341,697,4327,1057,3270,15799,3710,12089,360,0,360,343,73,270,1770,560,1210,1045,1156,10857,66.9554932057,train
in_67,30144,15605,133,5451,626,4825,5660,1749,3911,436,0,436,696,158,538,1867,949,918,1362,2100,12439,51.7681794055,train
co_25,124381,98450,1911,20303,5748,14555,56159,17955,38204,1053,525,528,2240,683,1557,9246,4483,4763,7538,6471,19460,79.1519605084,train
in_119,56336,41465,373,10890,2175,8715,21189,5971,15218,3426,1225,2201,1080,116,964,2727,1318,1409,1780,1933,12938,73.6030247089,train
nv_43,77577,60763,338,7046,2685,4361,36797,14700,22097,1856,240,1616,1456,326,1130,6799,3276,3523,6471,3465,13349,78.3260502469,train
md_48,269193,219175,2395,33635,12346,21289,102436,44292,58144,41332,19380,21952,4502,2096,2406,23818,12770,11048,11057,10055,39963,81.4192791046,train
id_21,28560,20216,443,5405,2167,3238,8607,2402,6205,494,268,226,1475,417,1058,1668,876,792,2124,2841,5503,70.7843137255,train
ma_104,49218,36732,175,6190,2084,4106,24989,6012,18977,817,193,624,255,120,135,2788,1049,1739,1518,2725,9761,74.6312324759,train
tx_40,91431,60393,904,17407,4029,13378,28943,7329,21614,850,354,496,1432,430,1002,5288,2683,2605,5569,1599,29439,66.0530892148,train
fl_229,36136,23618,934,5951,1451,4500,11154,3779,7375,1510,525,985,468,72,396,2705,1208,1497,896,1285,11233,65.3586451184,train
ny_275,34574,26400,404,4544,1904,2640,17229,6022,11207,150,68,82,91,0,91,2298,878,1420,1684,959,7215,76.3579568462,train
ny_286,25054,15711,92,1116,234,882,10693,3921,6772,2166,736,1430,0,0,0,934,243,691,710,909,8434,62.708549533,train
tx_319,31189,19668,336,4688,1804,2884,7102,2527,4575,1905,152,1753,570,320,250,2612,982,1630,2455,1723,9798,63.0606944756,train
nj_107,36694,32569,220,3239,1293,1946,22709,8705,14004,2137,925,1212,78,78,0,3379,1930,1449,807,792,3333,88.7583801166,train
fl_284,42361,26241,517,6088,1543,4545,13859,3294,10565,718,299,419,466,198,268,3052,1623,1429,1541,1603,14517,61.9461296948,train
nc_88,295058,251613,2234,53651,21394,32257,144125,64360,79765,9520,4999,4521,3581,1383,2198,25477,15972,9505,13025,9532,33913,85.2757762881,train
ut_32,73441,55393,505,13547,6602,6945,31309,15952,15357,530,233,297,1212,254,958,5426,2691,2735,2864,5496,12552,75.4251712259,train
mn_63,57944,39318,634,10833,2855,7978,16179,5227,10952,2064,672,1392,1323,354,969,4194,1987,2207,4091,3869,14757,67.8551705095,train
ca_248,27198,14851,353,4566,1057,3509,6553,1544,5009,467,467,0,333,121,212,1953,467,1486,626,405,11942,54.6032796529,train
fl_74,31492,23514,435,13375,6125,7250,5947,2201,3746,188,122,66,614,147,467,2236,1139,1097,719,591,7387,74.6665819891,train
ny_271,37842,32517,349,668,25,643,18688,8592,10096,8419,4453,3966,143,94,49,3351,1769,1582,899,683,4642,85.9283335976,train
fl_169,69035,51645,952,12354,4470,7884,25683,6513,19170,1284,422,862,2181,412,1769,6358,3625,2733,2833,4235,13155,74.8098790469,train
ga_105,54331,32981,571,7436,2945,4491,18234,5285,12949,66,66,0,326,118,208,3580,1776,1804,2768,2417,18933,60.703833907,train
ca_346,67641,49521,942,17771,4992,12779,13073,5253,7820,1474,603,871,4578,672,3906,8205,2950,5255,3478,2864,15256,73.2115137269,train
ia_23,53145,40530,407,5753,1748,4005,25443,9808,15635,504,251,253,357,72,285,5147,3168,1979,2919,2685,9930,76.2630539091,train
az_82,44298,33704,229,8434,1558,6876,19539,8530,11009,663,298,365,715,284,431,2896,1986,910,1228,1976,8618,76.0846990835,train
ms_11,245154,113869,4431,42972,12338,30634,15692,4644,11048,2173,913,1260,13843,3296,10547,13230,6157,7073,21528,19725,111560,46.4479470047,train
wa_112,46590,34121,421,4835,2059,2776,22638,8773,13865,679,71,608,911,349,562,2450,1500,950,2187,1018,11451,73.2367460829,train
ut_15,348179,276326,3980,73680,31180,42500,133464,57691,75773,7516,3782,3734,10029,3211,6818,29175,17038,12137,18482,27961,43892,79.3632011121,train
nj_97,47417,37051,267,2899,1002,1897,20386,5068,15318,8733,3387,5346,63,63,0,3303,1375,1928,1400,1036,9330,78.1386422591,train
mi_83,34201,28003,437,4749,1430,3319,18181,5702,12479,684,375,309,216,0,216,2964,1362,1602,772,867,5331,81.8777228736,train
oh_79,281464,204289,3080,37364,12616,24748,100284,37460,62824,22202,9301,12901,3842,803,3039,21960,11494,10466,15557,16116,61059,72.5808629167,train
wa_123,50381,41919,835,8177,4051,4126,18669,9474,9195,1882,970,912,2427,1196,1231,5765,3079,2686,4164,1832,6630,83.2039856295,train
fl_116,75202,59592,541,8875,3645,5230,43788,21478,22310,121,51,70,270,197,73,3562,2476,1086,2435,4988,10622,79.2425733358,train
mn_58,265167,212565,3381,51016,20185,30831,115513,54582,60931,3326,1659,1667,3442,1520,1922,20589,11280,9309,15298,9233,43369,80.1626899275,train
il_112,49401,38080,362,7571,2444,5127,19754,8257,11497,830,372,458,1273,413,860,5248,2642,2606,3042,2796,8525,77.083459849,train
oh_105,64832,49834,588,9707,3309,6398,26808,12302,14506,3004,1590,1414,891,195,696,5853,3617,2236,2983,2518,12480,76.8663622902,train
ma_97,55448,37565,373,6243,2598,3645,22158,11104,11054,512,329,183,232,130,102,3547,2135,1412,4500,909,16974,67.7481604386,train
nc_75,35490,26867,285,4215,1198,3017,16754,5393,11361,530,67,463,780,0,780,1731,1160,571,2572,2139,6484,75.7030149338,train
or_29,30413,24864,225,3835,2164,1671,14228,7719,6509,779,0,779,665,327,338,1989,1332,657,3143,1025,4524,81.7545128728,train
wa_46,64090,51028,609,10159,4094,6065,29854,15604,14250,657,344,313,670,244,426,5391,3037,2354,3688,2258,10804,79.6192853799,train
fl_15,218325,175316,1705,26299,7853,18446,114272,40373,73899,5612,2231,3381,2099,892,1207,17200,8867,8333,8129,7902,35107,80.3004694836,train
or_43,301239,257509,1949,35293,13653,21640,133363,62943,70420,39100,19843,19257,8238,3265,4973,23043,12194,10849,16523,8337,35393,85.4832873566,train
mn_72,44538,36800,364,11315,4013,7302,16066,6696,9370,799,206,593,1470,514,956,3756,2536,1220,3030,2299,5439,82.6260721182,train
nj_55,39976,27265,900,3286,474,2812,16481,2877,13604,1279,487,792,600,152,448,3651,1389,2262,1068,1727,10984,68.2034220532,train
pr_43,140700,55693,1967,11639,2239,9400,27078,6843,20235,345,27,318,2016,526,1490,1780,694,1086,10868,9019,75988,39.5828002843,train
ca_318,76621,53127,2355,18345,5009,13336,14555,3215,11340,833,197,636,6227,1663,4564,7587,3309,4278,3225,3727,19767,69.3373879224,train
fl_317,241238,188110,3853,47451,17918,29533,90342,33767,56575,4444,1784,2660,7546,4329,3217,22845,12179,10666,11629,9914,43214,77.9769356403,train
nj_143,43977,38201,211,2408,1313,1095,20305,10784,9521,10921,5805,5116,100,100,0,3535,2410,1125,721,952,4824,86.8658617004,train
pa_200,582528,380832,4663,70800,24325,46475,179012,72177,106835,37978,15856,22122,7285,2392,4893,57145,28585,28560,23949,27901,173795,65.3757415953,train
nc_201,45641,20770,662,4500,1228,3272,9884,2116,7768,68,24,44,1038,241,797,2235,1034,1201,2383,3491,21380,45.5073289367,train
fl_173,45135,34597,992,4697,2102,2595,20727,10499,10228,557,324,233,944,592,352,3667,2049,1618,3013,1728,8810,76.6522654259,train
al_65,62058,36743,872,12749,4002,8747,9955,3261,6694,287,53,234,2337,683,1654,4315,2116,2199,6228,4022,21293,59.20751555,train
il_103,1030136,716717,8627,166587,63558,103029,369792,173632,196160,18884,11011,7873,15553,6310,9243,76939,40312,36627,60335,56938,256481,69.5749881569,train
az_124,118399,73986,551,15410,4281,11129,44748,15477,29271,587,292,295,1728,442,1286,7575,3395,4180,3387,6100,38313,62.4887034519,train
nj_15,103864,86284,759,8295,3994,4301,50646,24325,26321,11965,7437,4528,794,714,80,10600,6703,3897,3225,2858,14722,83.0740198721,train
pa_107,56729,47362,861,10679,3452,7227,27184,10034,17150,718,304,414,2043,182,1861,3818,1724,2094,2059,923,8444,83.4881630207,train
ca_178,30325,25705,290,6810,3942,2868,12569,7820,4749,1156,635,521,548,206,342,2695,1577,1118,1637,517,4103,84.7650453421,train
tx_481,21411,17584,0,2632,1034,1598,8653,2782,5871,1511,691,820,468,103,365,3424,1668,1756,896,1476,2351,82.1260099949,train
tn_76,41067,30193,371,5300,1129,4171,16289,6792,9497,776,349,427,1017,200,817,2568,1626,942,3872,1050,9824,73.5213188205,train
il_71,30454,19282,33,2211,673,1538,12284,5631,6653,310,99,211,374,0,374,1752,608,1144,2318,2359,8813,63.3151638537,train
al_49,262483,173484,3882,34906,12433,22473,92086,38313,53773,1148,119,1029,5810,1568,4242,18025,8144,9881,17627,10117,78882,66.0934231931,train
fl_80,103466,77656,881,10626,3035,7591,48523,17137,31386,3691,2261,1430,489,46,443,9881,4450,5431,3565,7127,18683,75.0546073106,train
ok_49,37962,25338,485,4477,2139,2338,13712,6309,7403,166,74,92,255,69,186,1291,694,597,4952,2026,10598,66.7456930615,train
mi_39,29341,19317,590,4679,1596,3083,5875,1637,4238,780,158,622,2330,604,1726,1961,1059,902,3102,943,9081,65.8362019018,train
in_15,42192,30821,583,4928,1658,3270,17953,5680,12273,754,488,266,892,388,504,3202,1648,1554,2509,2062,9309,73.0493932499,train
va_65,65595,56207,403,7555,3701,3854,37308,20286,17022,1057,271,786,534,448,86,5772,3426,2346,3578,2048,7340,85.6879335315,train
ar_14,37827,26956,160,4446,2504,1942,15838,7989,7849,184,45,139,997,292,705,2504,1213,1291,2827,2127,8744,71.2612684062,train
mn_117,48441,41441,366,5405,2388,3017,27827,13010,14817,999,363,636,729,49,680,3285,1688,1597,2830,1568,5432,85.5494312669,train
nc_21,26593,20274,390,9243,4251,4992,5478,2283,3195,422,230,192,923,261,662,1993,590,1403,1825,739,5580,76.2381077727,train
va_155,88110,59676,1161,4847,1792,3055,26836,9882,16954,13380,5810,7570,734,215,519,5294,2742,2552,7424,5768,22666,67.7289751447,train
nj_27,186951,140108,1574,12567,4343,8224,66000,22285,43715,34122,14922,19200,1592,546,1046,20195,9262,10933,4058,7417,39426,74.9437018256,train
ny_93,109511,65205,1105,9064,2577,6487,42029,12890,29139,2781,846,1935,630,113,517,5279,2447,2832,4317,8627,35679,59.541963821,train
ok_20,25894,15809,599,6507,1934,4573,4072,1502,2570,164,24,140,1484,301,1183,1402,685,717,1581,1035,9050,61.0527535336,train
ne_34,53983,44238,608,9612,3646,5966,26144,9965,16179,509,98,411,990,189,801,3852,2089,1763,2523,1914,7831,81.9480206732,train
il_178,48088,31895,133,5242,1568,3674,18475,8174,10301,853,318,535,779,93,686,3329,1022,2307,3084,3149,13044,66.3263184162,train
ct_81,46212,24161,229,3213,997,2216,10043,4023,6020,877,486,391,242,140,102,7727,2749,4978,1830,2512,19539,52.2829568078,train
il_49,35857,30567,177,6316,2416,3900,18089,8314,9775,939,493,446,784,501,283,3235,1960,1275,1027,1029,4261,85.2469531751,train
tn_40,45345,34205,157,6454,1735,4719,22544,6751,15793,898,491,407,802,241,561,2130,994,1136,1220,3011,8129,75.4327930312,train
in_134,29599,17813,168,2502,1606,896,10417,4597,5820,765,537,228,452,376,76,1750,586,1164,1759,1275,10511,60.1810871989,train
mi_170,42470,19261,233,3396,655,2741,8233,1576,6657,1234,120,1114,896,166,730,4041,852,3189,1228,5613,17596,45.3520131858,train
mn_69,54610,39269,1082,9194,2797,6397,12262,3691,8571,3761,1513,2248,3166,979,2187,5013,2234,2779,4791,2187,13154,71.9080754441,train
pa_192,25158,19411,353,2743,635,2108,12893,3432,9461,164,0,164,493,134,359,2030,942,1088,735,1147,4600,77.1563717307,train
ga_16,25010,13752,80,5480,2638,2842,3341,1222,2119,837,240,597,100,66,34,2691,1174,1517,1223,3680,7578,54.9860055978,train
pa_201,132095,95445,923,15955,5080,10875,45089,16393,28696,17502,7762,9740,1834,588,1246,10062,6335,3727,4080,6561,30089,72.2548166093,train
il_114,261661,173598,2729,39707,12222,27485,80008,26155,53853,4109,1850,2259,6926,1741,5185,29730,14645,15085,10389,13958,74105,66.3446214759,train
tn_101,58431,28174,259,6032,2386,3646,13252,5468,7784,672,293,379,747,198,549,4165,1173,2992,3047,4716,25541,48.2175557495,train
nv_48,53730,45277,238,8089,3076,5013,24579,10405,14174,937,325,612,1554,525,1029,7780,4426,3354,2100,2252,6201,84.2676344686,train
sc_69,47111,26634,243,7703,1238,6465,11552,5076,6476,341,45,296,1619,556,1063,2708,1351,1357,2468,3013,17464,56.5345672985,train
wa_53,41413,30419,663,2968,1001,1967,17285,8528,8757,2647,1167,1480,318,42,276,3975,1997,1978,2563,2069,8925,73.4527805279,train
ok_53,40924,25531,573,3460,1153,2307,13433,4073,9360,403,254,149,449,77,372,3586,1966,1620,3627,4374,11019,62.3863747434,train
ca_91,161474,108554,2696,24390,9379,15011,44837,20138,24699,5723,3486,2237,2475,1384,1091,16324,9631,6693,12109,9379,43541,67.2269219812,train
oh_122,44564,38439,281,9104,3863,5241,20440,9904,10536,329,176,153,371,361,10,6526,2139,4387,1388,1379,4746,86.2557221075,train
va_110,62963,52619,89,4394,1323,3071,29577,7461,22116,11150,3582,7568,252,43,209,5752,3015,2737,1405,3162,7182,83.5713037816,train
ok_67,55329,47744,221,8396,3000,5396,28562,14219,14343,1461,866,595,1028,485,543,6340,4319,2021,1736,1711,5874,86.2910950858,train
az_32,517276,368955,2623,63954,23110,40844,232283,94302,137981,4637,2556,2081,6912,1965,4947,33212,17178,16034,25334,23499,124822,71.3265258779,train
il_184,61154,44118,706,10046,3683,6363,23014,11047,11967,922,526,396,464,193,271,4485,2583,1902,4481,2425,14611,72.142460019,train
mo_28,401795,315144,2167,94409,38091,56318,127868,57787,70081,27367,12243,15124,5442,3085,2357,36721,20428,16293,21170,16043,70608,78.4340273025,train
oh_102,53753,37616,643,9707,3701,6006,18288,7373,10915,435,0,435,1232,732,500,2720,1392,1328,4591,1840,14297,69.9793499898,train
nc_48,69841,57655,492,13306,6220,7086,34146,18455,15691,114,38,76,1477,756,721,5309,3325,1984,2811,2793,9393,82.5517962228,train
me_23,269538,191241,4814,59030,14142,44888,81475,27396,54079,3661,1507,2154,8649,2207,6442,19905,7801,12104,13707,11764,66533,70.9514057387,train
fl_17,69035,51645,952,12354,4470,7884,25683,6513,19170,1284,422,862,2181,412,1769,6358,3625,2733,2833,4235,13155,74.8098790469,train
tx_283,51208,36816,317,3748,866,2882,24902,8446,16456,990,37,953,1324,90,1234,3683,1751,1932,1852,5434,8958,71.8950164037,train
tx_84,269433,198530,2438,53987,22042,31945,62148,26340,35808,28986,12697,16289,5867,1988,3879,22311,10927,11384,22793,12281,58622,73.6843667999,train
nd_14,68282,54394,476,11479,5482,5997,29267,14510,14757,1343,720,623,2188,787,1401,4396,2456,1940,5245,4168,9720,79.6608183709,train
wv_20,250370,169338,3858,44323,13713,30610,79498,29929,49569,2297,1020,1277,8097,2062,6035,18896,8089,10807,12369,10887,70145,67.6351000519,train
ma_32,32520,27005,0,2890,1184,1706,20083,8571,11512,1097,393,704,433,51,382,1970,914,1056,532,546,4969,83.0412054121,train
or_77,40223,35687,91,3034,971,2063,17770,8563,9207,7544,3832,3712,587,178,409,4063,2391,1672,2598,678,3858,88.7228699998,train
nc_187,80175,56108,860,8431,2761,5670,27483,7110,20373,2130,462,1668,949,152,797,4363,2123,2240,11892,2062,22005,69.9819145619,train
ca_185,27154,20950,157,4976,1134,3842,9398,1450,7948,3343,912,2431,162,76,86,2221,1156,1065,693,1039,5165,77.1525373794,train
fl_259,44756,32014,331,8898,4452,4446,16763,7920,8843,552,298,254,1056,817,239,2696,1410,1286,1718,1176,11566,71.53007418,train
mn_112,168011,129665,1569,26402,11221,15181,68437,31614,36823,3826,1682,2144,2687,1203,1484,12135,6983,5152,14609,8142,30204,77.1764943962,train
la_47,291285,197109,2416,40468,9214,31254,92290,30257,62033,10702,3579,7123,6319,1369,4950,30909,12654,18255,14005,13949,80227,67.6687780009,train
nc_204,26213,16112,678,6806,2176,4630,2401,494,1907,636,98,538,1896,598,1298,2049,1200,849,1646,517,9584,61.4656849655,train
mi_98,271517,195767,4454,39818,16492,23326,90900,41773,49127,5765,2953,2812,14004,5066,8938,17335,8366,8969,23491,10563,65187,72.1011944004,train
in_49,37998,25331,238,6966,1220,5746,11535,3207,8328,2518,577,1941,831,0,831,1868,832,1036,1375,1584,11083,66.6640349492,train
ma_42,24206,16089,103,1580,118,1462,4865,2003,2862,1945,449,1496,181,72,109,1244,803,441,6171,327,7790,66.466991655,train
pa_60,39767,26741,356,3545,1098,2447,15764,4470,11294,2606,703,1903,41,0,41,2361,731,1630,2068,1673,11353,67.2441974501,train
in_135,28439,20982,205,5188,1756,3432,9248,3738,5510,846,331,515,205,52,153,4185,1047,3138,1105,635,6822,73.7789655051,train
mi_54,31181,21578,41,3058,1352,1706,13517,5016,8501,803,335,468,166,46,120,2221,996,1225,1772,2186,7417,69.2023988968,train
va_159,42286,34672,432,3516,1186,2330,11403,5219,6184,7173,3050,4123,1576,733,843,8418,4612,3806,2154,1415,6199,81.9940405808,train
fl_301,218325,175316,1705,26299,7853,18446,114272,40373,73899,5612,2231,3381,2099,892,1207,17200,8867,8333,8129,7902,35107,80.3004694836,train
ny_141,51700,40027,521,6275,2713,3562,26625,9501,17124,150,68,82,494,0,494,3623,1726,1897,2339,1171,10502,77.4216634429,train
va_118,88110,59676,1161,4847,1792,3055,26836,9882,16954,13380,5810,7570,734,215,519,5294,2742,2552,7424,5768,22666,67.7289751447,train
az_132,63504,55208,536,10369,2398,7971,31408,11469,19939,580,243,337,2060,593,1467,7895,3261,4634,2360,1674,6622,86.9362559839,train
nm_32,242606,150393,3846,51793,17000,34793,44350,17169,27181,4126,1948,2178,8621,2657,5964,23477,9996,13481,14180,9537,82676,61.9906350214,train
or_12,259511,183723,5402,56142,17568,38574,61524,21002,40522,4868,2062,2806,16270,3911,12359,23717,10314,13403,15800,12790,62998,70.7958429508,train
md_29,39823,36615,56,1857,830,1027,11090,6020,5070,14766,9215,5551,90,0,90,7461,5056,2405,1295,815,2393,91.9443537654,train
me_20,28026,20338,182,3035,969,2066,14605,5769,8836,218,73,145,123,50,73,1241,421,820,934,1776,5912,72.5683294084,train
az_80,33536,21638,185,4760,921,3839,13327,4503,8824,46,0,46,513,159,354,1804,813,991,1003,2010,9888,64.5217080153,train
co_33,61496,46746,837,11346,5117,6229,22262,8608,13654,636,278,358,1478,731,747,7762,4106,3656,2425,2303,12447,76.0147001431,train
mn_99,42078,30436,686,9351,2346,7005,10836,3100,7736,1426,353,1073,2105,717,1388,3891,1588,2303,2141,1685,9957,72.332335187,train
ia_38,310480,218885,4621,64392,19234,45158,75952,25748,50204,10504,3759,6745,12986,3671,9315,31259,15101,16158,19171,15818,75777,70.4989049214,train
al_39,78388,56821,401,7362,2961,4401,37667,23734,13933,175,0,175,72,22,50,6270,4378,1892,4874,2730,18837,72.4868602337,train
fl_69,26765,22273,376,7112,2073,5039,9131,2785,6346,1701,830,871,187,41,146,3118,1571,1547,648,341,4151,83.2168877265,train
oh_155,43291,25881,396,3277,1333,1944,16230,5334,10896,377,69,308,352,60,292,2784,1458,1326,2465,2715,14695,59.7837887783,train
in_100,47036,33198,596,12838,3051,9787,8964,2205,6759,1516,488,1028,2883,1127,1756,2646,1029,1617,3755,1953,11885,70.5799812909,train
il_239,26619,21198,158,3787,897,2890,13215,3924,9291,529,167,362,436,217,219,2018,1436,582,1055,741,4680,79.6348472895,train
va_35,29631,19695,425,4919,1621,3298,9817,4217,5600,300,128,172,309,0,309,2880,1036,1844,1045,3328,6608,66.4675508758,train
nj_176,21810,15183,86,1126,102,1024,8719,1045,7674,2932,399,2533,88,0,88,1648,515,1133,584,344,6283,69.6148555708,train
tx_237,37290,31884,147,2814,1125,1689,11241,7027,4214,9064,4324,4740,717,399,318,3217,1668,1549,4684,425,4981,85.5028157683,train
tx_488,29721,20014,303,3320,927,2393,10396,2821,7575,357,138,219,1443,446,997,2316,1273,1043,1879,1295,8412,67.3395915346,train
nd_22,49568,38354,297,8106,3630,4476,20652,10281,10371,925,483,442,1556,596,960,3484,1801,1683,3334,3667,7547,77.3765332473,train
pa_121,46872,37272,187,2387,645,1742,17906,6489,11417,10595,5014,5581,307,0,307,4032,2163,1869,1858,1542,8058,79.5186891961,train
tx_111,37998,26689,182,3983,1213,2770,15349,4894,10455,376,0,376,1342,387,955,2032,1014,1018,3425,1276,10033,70.2379072583,train
ut_21,26715,22429,153,4093,1910,2183,11642,6220,5422,2414,1229,1185,976,512,464,1981,1087,894,1170,1494,2792,83.9565787011,train
or_84,28818,23343,82,3595,1899,1696,11561,5122,6439,2665,1134,1531,343,119,224,3090,1663,1427,2007,660,4815,81.0014574224,train
pa_78,270099,194606,5308,61289,16568,44721,85541,28535,57006,2915,1224,1691,7739,1871,5868,19449,7917,11532,12365,9298,66195,72.0498780077,train
az_21,91064,67587,1397,14830,3976,10854,29013,9487,19526,3048,1279,1769,6219,1458,4761,7941,4868,3073,5139,4753,18724,74.2192304313,train
tx_336,43958,38058,326,9000,2709,6291,16817,8771,8046,2814,637,2177,844,483,361,3669,1769,1900,4588,976,4924,86.5780972747,train
fl_240,36739,25897,580,10988,1894,9094,9457,3909,5548,622,232,390,551,292,259,2798,1239,1559,901,2218,8624,70.4891259969,train
mn_31,168011,129665,1569,26402,11221,15181,68437,31614,36823,3826,1682,2144,2687,1203,1484,12135,6983,5152,14609,8142,30204,77.1764943962,train
mi_80,46560,39627,503,7860,3546,4314,24624,13259,11365,1458,768,690,849,88,761,3077,1599,1478,1256,2654,4279,85.1095360825,train
ky_67,59118,41158,693,9155,3125,6030,18070,7624,10446,2200,992,1208,3099,1041,2058,4036,1521,2515,3905,2384,15576,69.6200818702,train
in_54,28449,19015,248,2416,845,1571,12125,3956,8169,470,0,470,235,150,85,2006,1110,896,1515,460,8974,66.8389047067,train
sc_50,73633,46572,809,15886,5100,10786,14584,5291,9293,2671,1048,1623,2952,1017,1935,6212,2765,3447,3458,4172,22889,63.2488150693,train
az_128,67149,44882,1753,13601,6678,6923,15966,4655,11311,188,153,35,4066,155,3911,6090,2313,3777,3218,2324,19943,66.8394168193,train
mi_58,46560,39627,503,7860,3546,4314,24624,13259,11365,1458,768,690,849,88,761,3077,1599,1478,1256,2654,4279,85.1095360825,train
pa_204,31990,28853,97,4824,1882,2942,18732,7561,11171,563,264,299,1377,98,1279,2325,932,1393,935,535,2602,90.1938105658,train
co_75,49716,32983,282,7387,3815,3572,18516,10298,8218,506,171,335,555,185,370,3612,1792,1820,2125,4158,12575,66.3428272588,train
nc_96,44914,29892,389,9901,3844,6057,10432,3285,7147,230,7,223,1056,430,626,3068,1776,1292,4816,1589,13433,66.5538584851,train
co_115,25383,18535,284,4630,1990,2640,9684,3611,6073,37,0,37,370,154,216,1808,1058,750,1722,1807,5041,73.0213134775,train
il_87,22233,13337,413,3248,598,2650,5692,2445,3247,303,52,251,210,105,105,1252,455,797,2219,1949,6947,59.987406108,train
pa_16,70865,51585,840,9288,2879,6409,31696,10790,20906,621,239,382,1406,271,1135,3897,2184,1713,3837,1667,17613,72.7933394482,train
sc_35,44222,31045,165,4382,1342,3040,13627,6402,7225,1856,373,1483,64,0,64,8525,4276,4249,2426,1692,11485,70.2026140835,train
tx_420,71946,59187,272,9651,2849,6802,22055,11112,10943,14016,6640,7376,863,417,446,9361,6724,2637,2969,1392,11367,82.2658660662,train
mi_134,75992,51325,1233,12622,4119,8503,18921,6986,11935,1102,387,715,4800,1378,3422,4219,1585,2634,8428,4378,20289,67.540004211,train
ca_243,26315,23574,94,5589,2500,3089,13888,6690,7198,1725,579,1146,85,0,85,1467,923,544,726,451,2290,89.5838875166,train
mn_37,37022,28881,617,7270,2466,4804,15047,6896,8151,416,277,139,1066,687,379,2529,1423,1106,1936,1652,6489,78.0103722111,train
in_127,41576,26382,987,5084,1624,3460,7256,1907,5349,2501,1131,1370,2837,970,1867,4049,1118,2931,3668,2260,12934,63.4548778141,train
ia_13,52312,40592,286,3356,1025,2331,19217,7732,11485,7756,4452,3304,744,437,307,6837,4203,2634,2396,1190,10530,77.5959626854,train
co_90,38296,33586,413,11324,3980,7344,9946,3924,6022,489,302,187,4063,1907,2156,3448,1863,1585,3903,535,4175,87.7010653854,train
sc_86,45504,36081,373,7152,2495,4657,22345,8816,13529,534,199,335,562,265,297,3218,1680,1538,1897,1367,8056,79.2919303797,train
wi_71,74388,63089,660,13057,5160,7897,33323,14840,18483,1835,1245,590,1084,424,660,9060,5307,3753,4070,2443,8856,84.8107221595,train
va_82,34057,30654,142,1408,497,911,14662,5644,9018,9598,4100,5498,401,95,306,3560,1874,1686,883,1053,2350,90.0079278856,train
ks_59,61809,48158,780,7457,2622,4835,25837,8678,17159,2736,1253,1483,2447,657,1790,5499,3326,2173,3402,3260,10391,77.914219612,train
va_105,62167,37923,1268,7360,2462,4898,14073,4557,9516,776,230,546,2606,1194,1412,3978,2328,1650,7862,4638,19606,61.0018176846,train
ca_201,41979,35482,296,7828,3577,4251,17388,11145,6243,1567,807,760,624,160,464,5429,3444,1985,2350,1232,5265,84.5232139879,train
in_98,49184,36737,259,3101,725,2376,15718,6283,9435,10618,4830,5788,206,68,138,4296,1357,2939,2539,2424,10023,74.6929895901,train
co_62,38111,25025,950,7000,2576,4424,6020,2627,3393,359,202,157,4203,1363,2840,2994,1303,1691,3499,1122,11964,65.6634567448,train
wa_114,44365,33518,243,4871,1556,3315,21894,8483,13411,825,589,236,1041,648,393,2547,1712,835,2097,3291,7556,75.5505466021,train
ut_55,38875,34315,243,7538,3705,3833,17679,10457,7222,1631,1077,554,1952,792,1160,3666,2403,1263,1606,1367,3193,88.270096463,train
nc_209,31657,20783,308,3841,1178,2663,7949,2902,5047,4455,1783,2672,402,180,222,2127,1134,993,1701,948,9926,65.6505670152,train
ok_37,299177,209925,3137,39122,14885,24237,111197,48375,62822,5440,2884,2556,5762,1741,4021,21576,12906,8670,23691,20443,68809,70.167492822,train
mi_146,50024,41072,629,5132,2000,3132,28777,10136,18641,758,304,454,574,73,501,3367,1819,1548,1835,1773,7179,82.1045897969,train
ma_83,52537,45807,441,2012,976,1036,20100,8600,11500,15833,9270,6563,282,0,282,6580,3819,2761,559,779,5951,87.1899803948,train
nc_174,48444,35952,744,10123,2456,7667,17367,5803,11564,860,280,580,495,191,304,4159,2657,1502,2204,2262,10230,74.2135248947,train
mn_105,43942,31638,604,8305,1965,6340,13690,3994,9696,1473,383,1090,2020,595,1425,3495,1635,1860,2051,1595,10709,71.9994538255,train
ut_62,96480,84350,1106,26380,8973,17407,35741,11448,24293,2986,1055,1931,4144,994,3150,7906,4221,3685,6087,2065,10065,87.4274461028,train
fl_97,57341,47463,679,12421,4877,7544,21676,7566,14110,1430,530,900,3118,2126,992,5649,3678,1971,2490,3136,6742,82.7732338118,train
hi_28,30455,26895,121,3712,2403,1309,19415,13356,6059,553,366,187,348,97,251,1770,1016,754,976,793,2767,88.3106222295,train
ca_334,66232,53237,719,12362,5367,6995,22892,11128,11764,3556,2529,1027,1327,879,448,7926,5549,2377,4455,3476,9519,80.3795748279,train
oh_160,51511,38196,564,7690,3155,4535,17455,7074,10381,146,135,11,3117,790,2327,3447,1711,1736,5777,2046,11269,74.1511521811,train
nj_56,97530,76719,454,6036,2237,3799,36905,13811,23094,21950,8575,13375,895,500,395,6015,3165,2850,4464,2503,18308,78.6619501692,train
il_14,78521,63225,295,12653,3037,9616,36205,12327,23878,1704,626,1078,2347,606,1741,3492,2024,1468,6529,2928,12368,80.5198609289,train
oh_171,43152,28749,835,6899,2100,4799,11771,3701,8070,413,331,82,3077,1232,1845,3048,1931,1117,2706,2075,12328,66.6226362625,train
mn_28,37022,28881,617,7270,2466,4804,15047,6896,8151,416,277,139,1066,687,379,2529,1423,1106,1936,1652,6489,78.0103722111,train
nm_26,32027,23256,681,6554,2333,4221,9236,3257,5979,433,171,262,1107,272,835,3793,1495,2298,1452,1518,7253,72.6137321635,train
de_23,36267,27035,139,2058,266,1792,11925,3752,8173,7696,3225,4471,156,84,72,4101,2279,1822,960,2721,6511,74.5443516144,train
tn_35,26966,22872,163,3376,2202,1174,15652,10558,5094,965,553,412,371,160,211,1521,1040,481,824,1023,3071,84.8179188608,train
ga_109,62624,34107,1065,13755,5089,8666,7516,1990,5526,160,96,64,2057,941,1116,4016,1869,2147,5538,3509,25008,54.4631451201,train
tx_337,50418,40696,202,11117,5602,5515,13950,8014,5936,1263,700,563,270,202,68,5215,3762,1453,8679,2790,6932,80.7172041731,train
ca_454,51666,36815,1789,4773,926,3847,12933,2282,10651,10481,2430,8051,926,184,742,3915,1400,2515,1998,3771,11080,71.2557581388,train
il_262,75417,53005,914,8724,2634,6090,30722,13945,16777,96,0,96,1454,269,1185,6262,2797,3465,4833,2967,19445,70.282562287,train
fl_233,31154,25151,311,6401,1139,5262,13445,2131,11314,815,266,549,968,154,814,2636,1620,1016,575,430,5573,80.7312062656,train
fl_329,401197,302748,2439,30548,9198,21350,197607,57940,139667,24332,11156,13176,2101,612,1489,34231,16064,18167,11490,14280,84169,75.4611824116,train
mi_105,255225,141286,1981,23112,6932,16180,79075,25234,53841,3362,1343,2019,4135,1981,2154,21948,10727,11221,7673,25463,88476,55.3574297189,train
oh_89,296855,184904,2129,50988,15074,35914,78629,29996,48633,5081,2010,3071,4187,1241,2946,27008,11849,15159,16882,18514,93437,62.2876488521,train
al_85,70259,48222,1194,23660,7087,16573,10824,3641,7183,1366,430,936,1192,233,959,5741,3087,2654,4245,4623,17414,68.6346233223,train
pa_187,36438,30371,260,3276,1099,2177,15006,6019,8987,7019,2587,4432,155,138,17,3362,2000,1362,1293,1335,4732,83.3497996597,train
nj_45,34306,28327,518,868,249,619,13552,4282,9270,9034,2975,6059,249,197,52,3707,1520,2187,399,875,5104,82.5715618259,train
ca_566,39730,33364,53,8514,4223,4291,14873,8407,6466,2703,1792,911,620,154,466,5046,3197,1849,1555,408,5958,83.9768436949,train
in_121,52838,41875,678,8548,2986,5562,15770,6994,8776,10532,1832,8700,633,362,271,3994,1940,2054,1720,2006,8957,79.2516749309,train
ny_59,925489,662576,5715,70242,20120,50122,403109,127757,275352,53280,20614,32666,7411,2824,4587,89753,48633,41120,33066,32817,230096,71.5919908286,train
fl_149,41392,32397,280,9553,4460,5093,15152,8036,7116,427,162,265,1415,689,726,3236,1582,1654,2334,2296,6699,78.2687475841,train
tx_424,89043,61671,208,5973,2371,3602,36409,17779,18630,2491,1289,1202,1953,560,1393,6225,3458,2767,8412,5867,21505,69.259795829,train
pa_176,46168,35207,879,5616,1701,3915,20443,7723,12720,1185,564,621,1708,286,1422,2724,1489,1235,2652,1692,9269,76.2584474095,train
pr_20,28715,13135,181,3884,1751,2133,3654,1776,1878,271,111,160,1287,643,644,1843,1621,222,2015,858,14722,45.7426432178,train
va_146,37791,30159,635,6394,2771,3623,14598,7304,7294,740,648,92,928,429,499,2952,1741,1211,3912,1231,6401,79.8047154084,train
fl_280,44860,29431,555,6479,593,5886,14854,5822,9032,3553,1509,2044,280,144,136,2853,1297,1556,857,4450,10979,65.606330807,train
oh_56,118526,75940,1016,9752,3454,6298,46254,18288,27966,1983,462,1521,1090,358,732,10243,4951,5292,5602,7223,35363,64.0703305604,train
ny_62,240307,203388,933,4167,1105,3062,119341,45486,73855,48654,22150,26504,731,210,521,25001,14635,10366,4561,6693,30226,84.6367355092,train
pa_26,26432,18114,448,6997,1771,5226,7819,1749,6070,0,0,0,445,65,380,1288,587,701,1117,940,7378,68.5305690073,train
wa_41,38197,30339,66,3635,1345,2290,19110,10523,8587,1000,818,182,913,876,37,2522,1477,1045,3093,1999,5859,79.4277037464,train
fl_106,26765,22273,376,7112,2073,5039,9131,2785,6346,1701,830,871,187,41,146,3118,1571,1547,648,341,4151,83.2168877265,train
il_109,30507,19897,302,2679,982,1697,12894,5625,7269,329,118,211,501,462,39,1608,656,952,1584,1687,8923,65.2210967975,train
fl_114,38221,30662,485,5314,952,4362,16764,5393,11371,2100,703,1397,410,39,371,3328,1747,1581,2261,1593,5966,80.2229141048,train
ky_76,36225,30595,150,5257,2262,2995,16588,8611,7977,2667,1063,1604,666,226,440,3401,2015,1386,1866,1047,4583,84.4582470669,train
co_108,26072,20258,398,4020,2090,1930,10844,5982,4862,337,79,258,702,318,384,1147,584,563,2810,770,5044,77.7002147898,train
pa_97,57668,44362,700,13548,3649,9899,20835,6354,14481,490,236,254,636,130,506,7199,1597,5602,954,1487,11819,76.926545051,train
pa_142,49444,41008,336,3375,1020,2355,14583,5414,9169,16211,6385,9826,124,0,124,5492,3015,2477,887,892,7544,82.9382736025,train
nh_15,55085,44205,1056,10232,1999,8233,26948,10916,16032,418,144,274,905,425,480,3477,1681,1796,1169,1986,8894,80.2487065444,train
tn_109,45345,34205,157,6454,1735,4719,22544,6751,15793,898,491,407,802,241,561,2130,994,1136,1220,3011,8129,75.4327930312,train
tx_157,38748,28199,308,7893,2713,5180,10035,3975,6060,399,236,163,1149,366,783,4178,2609,1569,4237,2272,8277,72.7753690513,train
in_151,29076,21450,124,4822,1727,3095,10745,4681,6064,1582,855,727,302,85,217,2202,1302,900,1673,2237,5389,73.7721832439,train
ca_443,35192,26449,714,5467,1634,3833,13729,3400,10329,829,423,406,937,123,814,3102,1484,1618,1671,1122,7621,75.1562855194,train
ar_53,73710,47153,1193,8322,2179,6143,24443,7885,16558,1016,263,753,1709,534,1175,6140,2125,4015,4330,3358,23199,63.9709673043,train
nj_142,52257,42314,223,2803,1396,1407,26285,13687,12598,4838,2513,2325,256,85,171,5460,2799,2661,2449,1604,8339,80.9728840155,train
wa_108,57282,53449,343,5382,2489,2893,31712,19642,12070,8448,5108,3340,753,371,382,4870,3168,1702,1941,1449,2384,93.3085436961,train
ma_138,67065,50103,679,6972,1684,5288,36652,8021,28631,336,36,300,839,182,657,3493,1770,1723,1132,3442,13520,74.708118989,train
ca_335,32704,20246,326,5016,1705,3311,8599,3607,4992,499,167,332,311,199,112,2826,1211,1615,2669,2168,10290,61.9068003914,train
nj_40,23931,20913,113,1435,586,849,13990,7449,6541,2353,1035,1318,0,0,0,2198,1827,371,824,649,2369,87.3887426351,train
tx_388,37329,15318,252,2084,630,1454,9094,2391,6703,423,278,145,371,121,250,2326,1092,1234,768,1939,20072,41.0351201479,train
mn_121,110770,84660,1242,18856,7690,11166,47545,24515,23030,1074,567,507,1191,493,698,7408,3924,3484,7344,5458,20652,76.4286359123,train
ga_145,66726,51743,287,12819,3989,8830,22885,7861,15024,1578,788,790,803,364,439,9237,3494,5743,4134,3054,11929,77.5454845188,train
sc_43,273999,217977,2159,40213,14929,25284,128223,51885,76338,6981,2432,4549,3796,2138,1658,24339,12657,11682,12266,11518,44504,79.5539399779,train
oh_157,40597,31171,438,4986,2146,2840,16350,6316,10034,399,119,280,411,256,155,6750,1705,5045,1837,1616,7810,76.7815355814,train
ny_82,109511,65205,1105,9064,2577,6487,42029,12890,29139,2781,846,1935,630,113,517,5279,2447,2832,4317,8627,35679,59.541963821,train
nm_23,217856,159943,2014,46256,15600,30656,67508,28450,39058,3436,1727,1709,3737,1322,2415,21493,9569,11924,15499,7956,49957,73.4168441539,train
sc_92,26995,17296,488,3064,561,2503,10332,2676,7656,459,109,350,430,153,277,1835,874,961,688,1366,8333,64.0711242823,train
nm_24,39299,28234,484,8354,5029,3325,13242,5920,7322,325,325,0,1387,1044,343,2925,1878,1047,1517,2299,8766,71.8440672791,train
nc_90,293360,191982,3693,69085,24348,44737,70555,28335,42220,3599,1718,1881,9318,2863,6455,19480,8850,10630,16252,10912,90466,65.4424597764,train
ca_433,60580,52919,292,13555,6640,6915,22452,12241,10211,4509,3046,1463,1615,749,866,6455,3513,2942,4041,1100,6561,87.3539121822,train
ca_485,26645,19154,243,5187,2231,2956,7369,4074,3295,1009,460,549,420,201,219,1969,1064,905,2957,1019,6472,71.8859072997,train
ks_22,45387,40146,335,7065,3081,3984,20279,12270,8009,4738,2517,2221,306,66,240,4315,2666,1649,3108,1208,4033,88.452640624,train
pa_100,53251,39061,896,14815,3644,11171,18103,5775,12328,419,107,312,542,202,340,3469,1482,1987,817,1248,12942,73.3526130965,train
tn_69,45990,25661,823,3303,940,2363,16466,4738,11728,218,115,103,1252,402,850,1553,686,867,2046,3211,17118,55.7969123723,train
tx_71,349200,283584,1740,45825,18988,26837,167080,86483,80597,15284,8891,6393,5673,3476,2197,21301,12712,8589,26681,13721,51895,81.2096219931,train
sc_72,54422,39284,375,9997,4118,5879,20156,9195,10961,797,218,579,839,275,564,3899,1954,1945,3221,1763,13375,72.1840432178,train
ny_234,77801,69279,233,4473,1861,2612,45111,25841,19270,11385,7675,3710,393,256,137,5742,2692,3050,1942,2913,5609,89.0464132852,train
ny_240,49713,30690,225,3886,1449,2437,18915,8839,10076,866,201,665,164,0,164,3071,1868,1203,3563,2019,17004,61.7343551988,train
tx_350,53132,32819,1033,7198,1630,5568,9738,3448,6290,856,242,614,4746,1288,3458,4031,1423,2608,5217,4399,15914,61.7688022284,train
az_73,41282,23959,299,4115,1946,2169,14110,5955,8155,265,119,146,182,72,110,1180,818,362,3808,1480,15843,58.0374012887,train
mn_44,43712,37493,330,4307,1886,2421,26020,12378,13642,835,240,595,560,35,525,2982,1533,1449,2459,1423,4796,85.7727855051,train
md_17,52683,44620,377,4444,1081,3363,18656,5374,13282,14016,4456,9560,931,394,537,3985,2231,1754,2211,1148,6915,84.6952527381,train
va_115,72087,54839,2155,11512,4936,6576,23274,12203,11071,1114,703,411,2928,1698,1230,5348,2830,2518,8508,2732,14516,76.0733558062,train
mo_112,29521,25595,42,6839,2662,4177,11063,5444,5619,1911,1406,505,250,167,83,2632,1384,1248,2858,1506,2420,86.7009925138,train
in_14,30359,22266,222,5475,1807,3668,9733,3833,5900,846,331,515,205,52,153,4451,1234,3217,1334,720,7373,73.3423367041,train
tx_99,47649,38060,621,7289,2983,4306,17024,5065,11959,3398,1233,2165,635,237,398,3545,2024,1521,5548,1655,7934,79.8757581481,train
ca_341,47430,30724,231,9539,1953,7586,11752,1218,10534,502,0,502,1853,340,1513,3676,1306,2370,3171,1892,14814,64.7775669408,train
ar_40,82644,47787,344,8127,3467,4660,27294,11131,16163,1848,1211,637,2104,381,1723,4897,2407,2490,3173,19440,15417,57.8227094526,train
nv_46,81320,68761,638,9799,3929,5870,45003,15162,29841,1017,244,773,1224,770,454,7027,4063,2964,4053,2431,10128,84.5560747664,train
nc_112,64128,54054,423,7149,3224,3925,36568,21830,14738,639,473,166,460,192,268,4860,3201,1659,3955,1930,8144,84.2907934132,train
ca_218,23956,19329,139,2208,918,1290,5083,1262,3821,8111,2924,5187,125,45,80,2991,1236,1755,672,500,4127,80.685423276,train
fl_153,49800,40419,350,5094,1498,3596,27411,8511,18900,724,117,607,474,378,96,4029,2382,1647,2337,2058,7323,81.1626506024,train
az_46,245956,168305,2801,44836,15390,29446,68666,24801,43865,2372,650,1722,11633,3367,8266,19420,8324,11096,18577,10361,67290,68.4289059832,train
ok_24,37461,31797,142,5097,2382,2715,21416,11816,9600,182,73,109,899,451,448,2105,1452,653,1956,1176,4488,84.8802754865,train
mo_45,29036,25567,275,5549,2647,2902,15346,7193,8153,592,311,281,707,490,217,1826,1132,694,1272,652,2817,88.0527620884,train
ar_22,81198,60265,432,14029,3134,10895,33002,9320,23682,2194,752,1442,2108,749,1359,5077,2081,2996,3423,3801,17132,74.2198083697,train
ca_439,50111,39090,198,6947,1586,5361,19644,4136,15508,6001,2040,3961,458,187,271,4083,2285,1798,1759,1828,9193,78.0068248488,train
tx_86,77958,63237,295,5264,2762,2502,23724,11792,11932,16515,8174,8341,1107,520,587,6068,2439,3629,10264,2916,11805,81.1167551759,train
fl_28,57435,43614,896,15011,3286,11725,17794,6195,11599,1794,1100,694,401,226,175,6006,2704,3302,1712,1964,11857,75.93627579,train
ny_35,45327,33973,388,6480,1584,4896,21203,6828,14375,95,84,11,906,315,591,2995,1305,1690,1906,2279,9075,74.9509122598,train
or_60,43389,30273,1550,9439,2056,7383,10822,2899,7923,932,104,828,3001,431,2570,3005,1485,1520,1524,1355,11761,69.7711401507,train
al_28,46779,31692,994,8400,2462,5938,13317,4771,8546,1026,381,645,633,322,311,4598,1717,2881,2724,1958,13129,67.748348618,train
tx_199,64870,49405,899,12203,3722,8481,18676,8598,10078,3860,1712,2148,2132,741,1391,7267,3982,3285,4368,4438,11027,76.1600123324,train
sc_19,51992,39616,391,9236,3501,5735,22891,8943,13948,534,199,335,947,383,564,3310,1732,1578,2307,1634,10742,76.1963378981,train
or_76,38694,31815,71,2865,1099,1766,17079,6708,10371,7151,3805,3346,533,278,255,1845,891,954,2271,1408,5471,82.2220499302,train
tn_20,35602,23177,209,5877,2028,3849,11088,3519,7569,2013,1040,973,263,156,107,2111,1021,1090,1616,2898,9527,65.1002752654,train
mn_104,58203,49364,490,7014,3255,3759,31213,14310,16903,1612,526,1086,1193,188,1005,3996,2093,1903,3846,1853,6986,84.813497586,train
ne_22,243060,186555,3548,42650,14169,28481,95875,33384,62491,3089,835,2254,8351,3410,4941,19164,8727,10437,13878,9733,46772,76.7526536658,train
pa_166,42151,35308,442,1725,763,962,17196,6902,10294,11260,4992,6268,109,0,109,4345,2753,1592,231,1176,5667,83.7655097151,train
al_60,42369,26414,675,6892,2435,4457,12544,4656,7888,454,112,342,1018,280,738,3174,1198,1976,1657,1693,14262,62.342750596,train
ca_498,47216,43674,262,6738,2875,3863,27761,13530,14231,1721,1100,621,989,210,779,4931,2034,2897,1272,590,2952,92.4983056591,train
nc_115,48744,36093,541,14927,7217,7710,10983,4665,6318,953,564,389,1489,448,1041,3859,1504,2355,3341,1777,10874,74.0460364353,train
il_206,57911,31692,896,5807,2472,3335,14508,6071,8437,565,243,322,940,497,443,4027,1857,2170,4949,3346,22873,54.7253544232,train
ny_104,251133,176398,1189,19703,5827,13876,107464,39858,67606,13348,7350,5998,3366,1283,2083,17881,10334,7547,13447,9169,65566,70.2408683845,train
id_22,87769,70914,1446,23179,8650,14529,29214,12620,16594,1637,516,1121,2580,780,1800,5212,2801,2411,7646,2877,13978,80.7961808839,train
ca_130,54352,42845,705,12241,4570,7671,19890,6486,13404,1369,570,799,820,401,419,6225,3319,2906,1595,2268,9239,78.8287459523,train
in_34,68442,52393,1050,9960,3920,6040,30973,11038,19935,979,422,557,1156,489,667,3597,1487,2110,4678,6781,9268,76.5509482482,train
pa_199,26776,23356,86,673,289,384,9365,3290,6075,7860,4779,3081,94,94,0,4565,1820,2745,713,556,2864,87.2273677921,train
ct_46,49986,28662,211,4938,1573,3365,14876,4651,10225,911,402,509,721,0,721,5813,1659,4154,1192,3385,17939,57.3400552155,train
ny_189,71036,55268,245,2592,750,1842,21849,10593,11256,9772,5084,4688,551,153,398,18703,14160,4543,1556,2083,13685,77.8028042119,train
nj_62,21810,15183,86,1126,102,1024,8719,1045,7674,2932,399,2533,88,0,88,1648,515,1133,584,344,6283,69.6148555708,train
mn_29,26035,20812,280,3963,1368,2595,12733,4509,8224,247,28,219,474,47,427,1770,969,801,1345,964,4259,79.9385442673,train
tx_393,40658,23308,90,1763,642,1121,13437,5255,8182,470,54,416,1132,126,1006,2374,1139,1235,4042,3240,14110,57.3269713218,train
ca_425,34962,23813,936,5406,1740,3666,5870,3690,2180,656,396,260,3308,1040,2268,3830,1533,2297,3807,918,10231,68.1110920428,train
fl_13,98247,75142,367,16200,7318,8882,44305,22370,21935,845,332,513,1716,816,900,6854,2854,4000,4855,6600,16505,76.4827424756,train
ga_46,25077,16443,547,4059,947,3112,7894,2245,5649,1147,346,801,321,284,37,1870,1015,855,605,721,7913,65.5700442637,train
fl_208,41092,28861,310,2606,1124,1482,15376,5316,10060,5279,2070,3209,364,46,318,4148,2726,1422,778,4407,7824,70.2350822545,train
tx_370,47302,31650,193,5549,1722,3827,15535,5758,9777,1793,908,885,582,417,165,3779,1675,2104,4219,2689,12963,66.9104900427,train
nc_95,55835,36466,989,7500,2839,4661,18253,6315,11938,270,140,130,1700,782,918,2922,1248,1674,4832,1476,17893,65.3102892451,train
fl_112,103466,77656,881,10626,3035,7591,48523,17137,31386,3691,2261,1430,489,46,443,9881,4450,5431,3565,7127,18683,75.0546073106,train
ca_237,32580,26713,207,6311,2373,3938,13784,4993,8791,1015,331,684,211,86,125,2393,1135,1258,2792,1245,4622,81.992019644,train
ok_38,63424,38429,652,13929,6305,7624,7071,2246,4825,570,381,189,5164,1801,3363,4120,2054,2066,6923,4013,20982,60.5906281534,train
or_24,28097,22847,529,6958,1645,5313,7506,2016,5490,2034,519,1515,1832,286,1546,2169,720,1449,1819,687,4563,81.3147311101,train
oh_167,54689,44957,921,8962,3202,5760,24490,9818,14672,2408,863,1545,577,311,266,5432,3321,2111,2167,2041,7691,82.2048309532,train
nc_124,40989,26178,727,9834,3532,6302,7855,2496,5359,1787,588,1199,832,198,634,3915,1991,1924,1228,1042,13769,63.8659152456,train
tn_10,240497,151272,3394,47301,17454,29847,45428,17611,27817,4409,1183,3226,12155,3782,8373,14884,6997,7887,23701,9795,79430,62.8997451112,train
oh_50,49396,37571,388,4867,1713,3154,24505,7498,17007,619,226,393,1120,450,670,4366,2644,1722,1706,2813,9012,76.0608146409,train
oh_141,47966,33981,682,7505,2857,4648,18939,8564,10375,279,27,252,1010,591,419,2789,1013,1776,2777,1613,12372,70.8439311179,train
wa_139,47914,35297,230,5690,2115,3575,22581,8515,14066,650,71,579,1133,349,784,2581,1689,892,2432,1108,11509,73.667404099,train
il_248,42547,28125,337,5219,971,4248,16416,3990,12426,467,275,192,884,64,820,4123,1973,2150,679,2204,12218,66.10336804,train
tn_59,268013,159440,1457,37899,13352,24547,72688,25805,46883,4691,2341,2350,4085,2031,2054,25693,11550,14143,12927,24222,84351,59.4896516214,train
ne_40,40898,35546,136,3343,1170,2173,25498,11175,14323,1689,674,1015,196,48,148,3233,1819,1414,1451,1108,4244,86.9137855152,train
in_125,53577,40184,355,9637,3699,5938,20937,7701,13236,3959,2069,1890,1012,258,754,2565,1469,1096,1719,4566,8827,75.0023330907,train
hi_23,36808,31043,207,4495,2016,2479,20733,9199,11534,1157,641,516,421,173,248,3112,1834,1278,918,1014,4751,84.3376439904,train
fl_14,63558,47831,601,4546,1759,2787,32560,15920,16640,349,74,275,600,304,296,4918,2756,2162,4257,3144,12583,75.2556719846,train
sc_44,254015,186269,2884,41334,13823,27511,79708,34008,45700,6878,2203,4675,4747,1878,2869,37115,18321,18794,13603,10190,57556,73.3299214613,train
ny_95,3084861,2296434,18123,231330,67051,164279,1339487,467344,872143,301376,111367,190009,22458,8483,13975,291042,141130,149912,92618,112521,675906,74.442057519,train
mt_33,28868,21939,88,5275,1412,3863,11994,2543,9451,447,209,238,619,184,435,1616,852,764,1900,1413,5516,75.9976444506,train
ca_265,265358,219533,2270,46527,23615,22912,120856,62458,58398,7333,3540,3793,2520,1068,1452,25699,16490,9209,14328,9948,35877,82.7308767778,train
ny_72,70082,56258,289,1288,471,817,37042,9126,27916,10594,2394,8200,227,179,48,5227,2536,2691,1591,1258,12566,80.2745355441,train
tn_33,68523,46343,264,6475,1416,5059,16490,5133,11357,16279,4956,11323,192,0,192,4543,2185,2358,2100,2572,19608,67.6313062767,train
md_35,29932,24298,89,3256,906,2350,9441,4419,5022,6465,3174,3291,47,0,47,4129,2062,2067,871,1480,4154,81.1773352933,train
il_221,30887,26324,377,5211,2481,2730,15227,8347,6880,1151,563,588,372,210,162,2682,1532,1150,1304,1166,3397,85.2267944443,train
sd_27,67095,51610,682,6088,1737,4351,32597,12606,19991,1156,202,954,755,368,387,6958,3015,3943,3374,3679,11806,76.920783963,train
la_29,38949,27566,171,4728,1971,2757,11948,4164,7784,2300,523,1777,812,304,508,4276,2318,1958,3331,340,11043,70.7746026856,train
nc_44,37261,23492,365,4683,1894,2789,12111,4674,7437,177,47,130,976,615,361,1430,721,709,3750,1286,12483,63.0471538606,train
ca_348,59803,41512,1654,13949,3083,10866,12398,3279,9119,333,176,157,5151,1723,3428,3745,1737,2008,4282,2304,15987,69.414577864,train
il_50,43243,37103,498,8808,4561,4247,21444,12142,9302,1141,659,482,393,186,207,2928,2147,781,1891,1286,4854,85.8011701316,train
nv_34,63376,48939,995,13624,4303,9321,20935,8357,12578,617,115,502,2444,761,1683,5466,3046,2420,4858,1908,12529,77.2200833123,train
ma_127,43140,34674,171,3650,1188,2462,25692,12329,13363,907,475,432,350,277,73,2053,1250,803,1851,2843,5623,80.3755215577,train
co_103,107564,99126,650,26805,14212,12593,47182,25084,22098,1941,1167,774,2894,1479,1415,17029,12361,4668,2625,2143,6295,92.155367967,train
wa_19,29888,20427,408,3329,1425,1904,3434,1542,1892,4812,1272,3540,2250,578,1672,1712,781,931,4482,2591,6870,68.3451552463,train
la_74,42719,28024,291,5448,2925,2523,14540,4912,9628,1299,719,580,279,0,279,4053,1570,2483,2114,1523,13172,65.6007865353,train
ut_60,20219,17337,297,3897,1017,2880,7293,2303,4990,636,313,323,2907,521,2386,1360,651,709,947,673,2209,85.7460804194,train
in_52,27063,18730,205,4972,2487,2485,8725,3629,5096,470,144,326,416,256,160,2847,706,2141,1095,1448,6885,69.2088829768,train
va_124,35855,32047,244,2591,781,1810,15161,6924,8237,6024,2651,3373,500,263,237,5243,2275,2968,2284,881,2927,89.3794449868,train
nh_22,45632,34607,468,3013,941,2072,25632,10767,14865,537,38,499,282,169,113,2843,1809,1034,1832,1335,9690,75.8393232819,train
or_67,45202,36997,309,8238,4384,3854,20365,11824,8541,268,87,181,814,523,291,3283,2424,859,3720,1434,6771,81.848148312,train
mo_56,309673,204243,1049,60602,22678,37924,77696,33913,43783,16129,6503,9626,3684,1821,1863,24972,12832,12140,20111,19544,85886,65.9544099744,train
or_78,45271,39041,249,4175,1555,2620,22597,12196,10401,5376,2716,2660,707,269,438,2981,1674,1307,2956,1339,4891,86.2384307835,train
tx_462,36954,26733,477,3442,1597,1845,11345,5424,5921,252,36,216,2098,657,1441,4800,2699,2101,4319,947,9274,72.3412891703,train
nc_183,38409,22992,209,4533,1425,3108,12104,2945,9159,695,172,523,591,173,418,2265,1116,1149,2595,2213,13204,59.8609700851,train
fl_334,148259,128691,991,17502,5773,11729,88573,36292,52281,3182,1206,1976,840,640,200,12925,8107,4818,4678,3740,15828,86.8014757957,train
in_12,558708,361522,11325,105725,29255,76470,110453,33092,77361,19239,7839,11400,31794,10033,21761,39163,16906,22257,43823,25730,171456,64.7067878033,train
ny_121,278347,206570,1943,15081,4890,10191,121147,43821,77326,24274,9056,15218,4434,1724,2710,29318,17091,12227,10373,10296,61481,74.2131224694,train
ia_61,50785,39279,408,6002,1707,4295,23644,9236,14408,738,352,386,392,44,348,5187,3243,1944,2908,2246,9260,77.3437038496,train
va_72,287350,198510,3820,49206,15161,34045,93582,39681,53901,5134,2351,2783,8471,2696,5775,17974,8238,9736,20323,14390,74450,69.082999826,train
wa_16,158778,132409,1499,30144,12653,17491,73091,38271,34820,2797,1455,1342,3149,1236,1913,13853,8010,5843,7876,5584,20785,83.3925354898,train
oh_129,42174,29892,927,5846,1497,4349,14264,5189,9075,396,82,314,2046,1121,925,2841,792,2049,3572,1649,10633,70.8777920046,train
mi_176,65219,56576,548,10435,4980,5455,35456,19357,16099,2644,1603,1041,976,88,888,4076,2109,1967,2441,3357,5286,86.7477268894,train
va_42,165428,139970,597,11590,4167,7423,80891,23101,57790,25603,8258,17345,930,239,691,15272,8364,6908,5087,8083,17375,84.6108276713,train
ca_460,30883,26724,246,8824,3005,5819,11595,4614,6981,1897,1172,725,621,368,253,2700,1210,1490,841,923,3236,86.5330440696,train
nc_20,58835,39159,892,8678,2394,6284,19601,6666,12935,900,204,696,1421,42,1379,5399,1787,3612,2268,2680,16996,66.5573213223,train
nc_162,48444,35952,744,10123,2456,7667,17367,5803,11564,860,280,580,495,191,304,4159,2657,1502,2204,2262,10230,74.2135248947,train
ca_84,48838,41669,222,10501,4551,5950,15449,7197,8252,4601,2978,1623,726,341,385,8391,4944,3447,1779,2339,4830,85.3208567099,train
md_81,49275,41142,383,3439,1222,2217,14476,4789,9687,13976,6129,7847,725,0,725,6069,3455,2614,2074,2051,6082,83.4946727549,train
ca_12,323447,231021,8435,78771,23231,55540,66777,20386,46391,3630,982,2648,26994,7589,19405,28035,11565,16470,18379,14304,78122,71.4246847242,train
tx_161,254974,173254,5113,43646,16489,27157,50748,19235,31513,7187,2594,4593,19100,6207,12893,22086,9653,12433,25374,12427,69293,67.9496733,train
sc_70,49982,37311,878,7436,1915,5521,18321,7846,10475,495,259,236,618,96,522,6428,3572,2856,3135,2341,10330,74.6488735945,train
ca_403,31891,22087,374,2288,608,1680,7068,2344,4724,7340,1565,5775,445,173,272,3232,1811,1421,1340,1888,7916,69.2577843279,train
la_77,41013,32963,227,8583,4530,4053,15870,8426,7444,1358,666,692,1053,950,103,3182,2358,824,2690,1188,6862,80.3720771463,train
al_72,41976,28256,518,7041,1799,5242,11445,4156,7289,1280,577,703,962,98,864,6124,3061,3063,886,1317,12403,67.3146559939,train
ny_154,39270,28668,713,6002,2203,3799,16325,4828,11497,198,29,169,999,185,814,1848,1252,596,2583,1648,8954,73.0022918258,train
va_34,53255,39714,613,3593,1191,2402,20920,12296,8624,8154,5707,2447,527,504,23,4039,2121,1918,1868,2259,11282,74.5732795043,train
ca_224,25789,23651,186,5939,3285,2654,11284,5733,5551,1746,1008,738,540,376,164,2750,1556,1194,1206,264,1874,91.7096436465,train
nj_102,37728,31836,257,3223,1119,2104,23842,13095,10747,1206,262,944,143,48,95,1993,1039,954,1172,407,5485,84.3829516539,train
md_72,61671,56403,76,2529,1182,1347,15246,7160,8086,25230,14648,10582,182,0,182,10745,8112,2633,2395,893,4375,91.4578975531,train
mi_161,72862,62934,219,8028,3221,4807,41028,18174,22854,2759,1082,1677,596,259,337,8175,4974,3201,2129,1993,7935,86.3742417172,train
pa_24,186430,157378,739,14950,3550,11400,72296,26131,46165,49303,23915,25388,689,292,397,16662,9113,7549,2739,4984,24068,84.4166711366,train
oh_48,77173,64891,341,10954,3633,7321,36963,13453,23510,4761,2429,2332,1460,243,1217,7367,3684,3683,3045,3057,9225,84.0851074858,train
va_49,29631,19695,425,4919,1621,3298,9817,4217,5600,300,128,172,309,0,309,2880,1036,1844,1045,3328,6608,66.4675508758,train
ct_11,328062,273376,1354,32117,11714,20403,192171,83244,108927,12039,6121,5918,2515,1069,1446,25995,15849,10146,7185,10064,44622,83.3305899495,train
tx_174,269975,189334,2103,37977,16420,21557,89932,37236,52696,4591,2428,2163,11834,5218,6616,18959,8707,10252,23938,23164,57477,70.1301972405,train
az_28,79503,50897,209,9034,2540,6494,31804,12512,19292,1021,625,396,829,282,547,4964,2207,2757,3036,3978,24628,64.0189678377,train
fl_315,57435,43614,896,15011,3286,11725,17794,6195,11599,1794,1100,694,401,226,175,6006,2704,3302,1712,1964,11857,75.93627579,train
wi_35,31724,22506,439,4670,1412,3258,10323,2671,7652,1211,403,808,902,231,671,3834,1957,1877,1127,824,8394,70.9431345354,train
oh_190,165473,93199,849,26762,7657,19105,36238,13679,22559,2355,1016,1339,2724,965,1759,13619,7058,6561,10652,12579,59695,56.3227837774,train
az_93,45335,39888,553,6485,2792,3693,25155,11756,13399,95,44,51,1426,845,581,3980,2051,1929,2194,1899,3548,87.9850005515,train
fl_130,275924,220082,3690,30956,7296,23660,117283,45405,71878,7086,3512,3574,4362,1820,2542,47382,18065,29317,9323,13343,42499,79.7618184718,train
ca_547,31285,28036,436,8849,4166,4683,12210,6166,6044,1232,607,625,242,120,122,3249,1937,1312,1818,797,2452,89.6148313888,train
oh_108,41898,27877,513,7594,2150,5444,12213,3629,8584,522,339,183,646,245,401,3312,1850,1462,3077,2387,11634,66.5353954843,train
ky_15,34947,26704,173,5635,1859,3776,13846,5713,8133,1884,872,1012,853,253,600,3061,1049,2012,1252,1087,7156,76.41285375,train
tx_235,49490,35957,271,10007,4899,5108,11773,5755,6018,3248,1220,2028,280,63,217,5848,2836,3012,4530,1657,11876,72.6550818347,train
fl_184,42695,34171,180,8581,1565,7016,19208,4723,14485,1088,540,548,1073,128,945,2910,1307,1603,1131,661,7863,80.0351329195,train
nc_47,30156,17686,420,6053,1420,4633,7517,1863,5654,337,84,253,217,0,217,2334,1036,1298,808,1124,11346,58.6483618517,train
nj_115,45579,38237,180,6017,2660,3357,26407,12970,13437,400,152,248,647,0,647,2969,2150,819,1617,1683,5659,83.891704513,train
nh_26,264954,216158,1551,20157,5758,14399,157690,59820,97870,6053,2636,3417,2493,923,1570,20817,10790,10027,7397,10737,38059,81.583218219,train
id_19,87769,70914,1446,23179,8650,14529,29214,12620,16594,1637,516,1121,2580,780,1800,5212,2801,2411,7646,2877,13978,80.7961808839,train
al_66,43851,29618,496,5830,1807,4023,15723,5745,9978,628,133,495,1384,616,768,1922,424,1498,3635,1757,12476,67.5423593533,train
ga_100,58541,44684,324,10099,5411,4688,22745,12585,10160,2242,1224,1018,1269,226,1043,4431,2585,1846,3574,3792,10065,76.329410157,train
pr_27,46146,18792,500,3597,874,2723,10712,2473,8239,112,0,112,734,146,588,772,348,424,2365,3973,23381,40.7229228969,train
mo_81,49774,30416,1393,10807,3917,6890,6165,1667,4498,606,221,385,2758,765,1993,3239,1740,1499,5448,2101,17257,61.1082091052,train
fl_325,424191,334433,3211,47018,14160,32858,200878,73380,127498,9635,5730,3905,4379,2374,2005,55846,20315,35531,13466,16176,73582,78.8401922719,train
ma_121,49568,39873,1119,5186,1137,4049,27475,8800,18675,154,79,75,654,160,494,4291,1772,2519,994,1939,7756,80.4410103292,train
ny_279,22569,20496,211,849,299,550,17629,4150,13479,256,122,134,83,39,44,1429,594,835,39,556,1517,90.8148345075,train
tx_57,673785,526451,9174,134760,55702,79058,165869,69803,96066,85190,39853,45337,15922,6076,9846,68035,38741,29294,47501,28252,119082,78.1333808262,train
ca_151,354651,291750,2622,81202,38083,43119,153424,88627,64797,7823,5344,2479,4603,2276,2327,28646,17561,11085,13430,9906,52995,82.2639721867,train
wa_141,32801,23651,204,4300,1303,2997,11859,4331,7528,164,74,90,940,294,646,4496,2241,2255,1688,2248,6902,72.1045090089,train
ga_26,268239,207358,1334,51982,24079,27903,83880,43068,40812,8932,4948,3984,3991,2256,1735,38512,18286,20226,18727,14511,46370,77.3034495357,train
in_102,56251,39884,726,8500,1791,6709,18084,5240,12844,1261,623,638,2299,476,1823,3376,1334,2042,5638,2658,13709,70.9036283799,train
mi_120,43238,32015,746,5084,1212,3872,17700,6539,11161,831,276,555,1738,1015,723,2326,1149,1177,3590,2998,8225,74.0436652944,train
ky_57,54224,37427,419,5794,1865,3929,20837,10068,10769,1604,810,794,609,376,233,6183,3195,2988,1981,1537,15260,69.0229418708,train
mo_50,46626,37458,284,12579,5179,7400,15777,7056,8721,1360,1291,69,744,643,101,4284,2819,1465,2430,3242,5926,80.3371509458,train
tx_489,37488,20631,353,2657,682,1975,12903,3559,9344,579,319,260,515,242,273,1699,527,1172,1925,4540,12317,55.0336107554,train
ga_158,23626,18248,429,6346,1952,4394,7211,1968,5243,33,0,33,186,43,143,3109,1176,1933,934,641,4737,77.2369423516,train
pr_42,83062,32688,501,7026,2799,4227,17860,8352,9508,454,54,400,879,353,526,1835,1090,745,4133,1547,48827,39.3537357636,train
al_87,41552,28888,398,7742,2936,4806,12213,4267,7946,1592,1036,556,454,232,222,4465,2024,2441,2024,2311,10353,69.5225259915,train
md_73,43162,39422,213,2945,994,1951,10999,5251,5748,19757,10405,9352,540,355,185,4216,2644,1572,752,927,2813,91.334970576,train
pr_74,46787,30122,194,7148,2128,5020,10395,4695,5700,894,478,416,470,389,81,3185,1782,1403,7836,1179,15486,64.3811315109,train
mn_67,41165,29466,386,7019,1884,5135,15833,5745,10088,419,245,174,818,398,420,2153,1254,899,2838,2164,9535,71.5802259201,train
nm_25,32868,24973,301,9418,2748,6670,7761,3474,4287,110,0,110,1416,607,809,4160,2202,1958,1807,885,7010,75.9796762809,train
ct_73,49986,28662,211,4938,1573,3365,14876,4651,10225,911,402,509,721,0,721,5813,1659,4154,1192,3385,17939,57.3400552155,train
va_157,38224,30331,116,4493,1639,2854,20536,9589,10947,741,373,368,693,206,487,2061,1230,831,1691,1983,5910,79.3506697363,train
va_61,67538,52620,576,3625,1324,2301,22810,10839,11971,12945,6534,6411,481,103,378,7087,2676,4411,5096,1927,12991,77.9116941574,train
pa_202,29758,16992,264,4309,1013,3296,8671,2597,6074,110,49,61,246,246,0,1468,1044,424,1924,1463,11303,57.1006116002,train
fl_257,56943,33930,604,7431,2395,5036,18655,4889,13766,932,416,516,925,465,460,3789,1893,1896,1594,3948,19065,59.5859016912,train
mn_97,45028,36408,569,11944,3711,8233,14931,5918,9013,1514,947,567,634,131,503,3522,1974,1548,3294,1722,6898,80.8563560451,train
or_73,45033,37630,173,7065,3092,3973,21071,11190,9881,3210,1774,1436,887,519,368,3226,1947,1279,1998,1976,5427,83.5609441965,train
nm_49,55890,36965,185,11699,4381,7318,13048,3685,9363,807,275,532,2380,862,1518,4490,2660,1830,4356,3283,15642,66.1388441582,train
va_122,65595,56207,403,7555,3701,3854,37308,20286,17022,1057,271,786,534,448,86,5772,3426,2346,3578,2048,7340,85.6879335315,train
tx_103,26333,22130,104,5998,3694,2304,6840,3321,3519,2811,1696,1115,725,476,249,4180,3089,1091,1472,1569,2634,84.0390384688,train
ri_21,35424,27760,104,918,609,309,13167,5733,7434,8155,3815,4340,64,37,27,4041,1915,2126,1311,1089,6575,78.3649503162,train
pr_77,39857,23688,861,5237,2316,2921,7045,3895,3150,1265,269,996,1135,356,779,3299,834,2465,4846,1704,14465,59.4324710841,train
tx_265,44408,32047,699,8279,3153,5126,9178,3184,5994,4703,1261,3442,1729,0,1729,3419,1657,1762,4040,1645,10716,72.1649252387,train
al_43,26130,17703,796,1684,402,1282,12700,2763,9937,226,51,175,240,26,214,1358,536,822,699,758,7669,67.7497129736,train
md_10,58914,40044,1126,8903,3761,5142,16969,6388,10581,759,310,449,2591,903,1688,3984,2010,1974,5712,2532,16338,67.9702617374,train
nv_18,85004,59831,454,12641,4109,8532,32298,10912,21386,514,191,323,1278,393,885,8093,3867,4226,4553,5373,19800,70.3860994777,train
tx_287,57415,32916,997,11346,4273,7073,3712,1438,2274,729,285,444,4833,1660,3173,4054,1835,2219,7245,4184,20315,57.3299660367,train
tx_80,43673,35657,178,3190,1214,1976,10938,5006,5932,14383,5649,8734,598,407,191,4100,1844,2256,2270,2476,5540,81.6454102077,train
fl_250,36554,30041,213,3447,785,2662,21915,8242,13673,439,205,234,502,211,291,2070,507,1563,1455,1037,5476,82.1825244843,train
ma_125,251757,190835,999,27415,10463,16952,129418,49032,80386,3310,1431,1879,2457,1053,1404,15917,7721,8196,11319,10832,50090,75.8012686837,train
oh_120,49014,29604,1246,6257,1590,4667,16887,4151,12736,312,89,223,573,173,400,3308,1740,1568,1021,2751,16659,60.3990696536,train
tx_122,349200,283584,1740,45825,18988,26837,167080,86483,80597,15284,8891,6393,5673,3476,2197,21301,12712,8589,26681,13721,51895,81.2096219931,train
nc_51,27557,14865,183,5394,1366,4028,5441,1194,4247,1019,286,733,332,83,249,1897,445,1452,599,1960,10732,53.9427368727,train
ca_554,43625,36885,329,11059,5755,5304,15148,9570,5578,1490,876,614,2119,994,1125,3573,1982,1591,3167,746,5994,84.5501432665,train
md_83,40466,28270,641,2030,634,1396,12006,3555,8451,4779,1334,3445,325,68,257,7174,3019,4155,1315,1674,10522,69.8611179756,train
pa_36,194493,140459,2540,34133,9863,24270,84324,26421,57903,2573,493,2080,2395,978,1417,10172,3640,6532,4322,6269,47765,72.2180232708,train
va_154,136306,121590,388,8414,3626,4788,43481,23223,20258,41869,18243,23626,1287,363,924,12818,8048,4770,13333,3752,10964,89.203703432,train
ut_53,46768,38677,300,7975,3780,4195,18380,10788,7592,4225,2180,2045,1911,942,969,3417,1952,1465,2469,2515,5576,82.6997092029,train
oh_33,177064,124116,1354,14864,4894,9970,78074,30345,47729,3056,733,2323,1796,595,1201,16518,7924,8594,8454,8790,44158,70.0966882031,train
ca_310,55331,49307,500,12354,6979,5375,24848,15328,9520,2218,1397,821,805,587,218,6408,4665,1743,2174,933,5091,89.112793913,train
al_88,65307,44327,678,16968,7213,9755,15488,5974,9514,1999,675,1324,2026,1210,816,4467,1908,2559,2701,3021,17959,67.8748066823,train
pr_80,50891,30362,649,5809,2615,3194,10416,5595,4821,377,246,131,489,32,457,3118,2257,861,9504,1453,19076,59.6608437641,train
tx_476,22749,20818,341,5681,1704,3977,6900,2710,4190,3942,1679,2263,1370,827,543,1821,1319,502,763,626,1305,91.5117148007,train
wa_95,51876,36875,293,3734,1503,2231,24020,13395,10625,1048,709,339,863,425,438,4491,2824,1667,2426,2853,12148,71.0829670753,train
pa_184,39767,26741,356,3545,1098,2447,15764,4470,11294,2606,703,1903,41,0,41,2361,731,1630,2068,1673,11353,67.2441974501,train
ar_52,52517,29204,805,11837,2527,9310,8162,2197,5965,663,76,587,2169,466,1703,2381,1265,1116,3187,2901,20412,55.6086600529,train
tx_417,52405,43043,343,11116,5658,5458,14485,7207,7278,3822,2011,1811,1062,570,492,7659,4743,2916,4556,2092,7270,82.1352924339,train
ca_343,65680,54623,606,13386,5724,7662,23380,11235,12145,3155,2138,1017,828,567,261,7908,4462,3446,5360,1521,9536,83.1653471376,train
fl_68,314537,234302,2491,47906,18604,29302,123942,57226,66716,7470,3678,3792,4221,1365,2856,30032,13531,16501,18240,13923,66312,74.4910773613,train
in_132,54266,37960,1198,6418,1734,4684,16852,8403,8449,470,237,233,2788,685,2103,6435,2934,3501,3799,1924,14382,69.9517193086,train
az_66,46737,40928,300,4214,1823,2391,28371,12319,16052,406,75,331,1421,454,967,3740,2049,1691,2476,1603,4206,87.5708753236,train
fl_171,67630,56721,985,15043,5199,9844,28669,11557,17112,1046,609,437,1456,752,704,4709,2977,1732,4813,2128,8781,83.8695845039,train
mi_53,27470,24580,48,2992,1462,1530,17674,7467,10207,741,185,556,293,102,191,1603,529,1074,1229,846,2044,89.4794321078,train
sd_24,55944,38843,1585,6857,1806,5051,17002,5514,11488,2647,772,1875,1700,442,1258,6129,2584,3545,2923,3080,14021,69.4319319319,train
mn_96,39931,33022,229,10087,4605,5482,14243,7180,7063,816,441,375,985,325,660,3783,1910,1873,2879,1596,5313,82.6976534522,train
co_46,42204,25625,375,5449,2442,3007,12005,4903,7102,306,206,100,693,336,357,3633,1883,1750,3164,3792,12787,60.7169936499,train
mi_32,58479,42141,1061,6015,1937,4078,27673,9424,18249,396,208,188,1340,763,577,2927,1631,1296,2729,2067,14271,72.0617657621,train
oh_49,43848,30007,430,5917,1967,3950,18448,6758,11690,152,0,152,593,228,365,2533,1699,834,1934,1486,12355,68.4341361065,train
nh_28,49855,37586,1060,9834,1907,7927,20880,6250,14630,338,101,237,1384,292,1092,2256,1169,1087,1834,2480,9789,75.3906328352,train
ma_96,58768,47200,365,7524,1630,5894,33315,11985,21330,537,134,403,710,205,505,3198,1858,1340,1551,1905,9663,80.3158181323,train
tx_317,35639,24022,380,8996,1882,7114,7804,2537,5267,615,87,528,1294,341,953,3238,1317,1921,1695,1273,10344,67.4036869721,train
tn_85,43691,26013,483,8869,3186,5683,8280,3680,4600,694,325,369,2178,1342,836,1571,549,1022,3938,1335,16343,59.5385777391,train
il_203,49052,35148,689,11619,2536,9083,13833,4886,8947,473,305,168,839,261,578,5203,1822,3381,2492,2174,11730,71.6545706597,train
ny_177,40404,32837,158,2821,643,2178,12523,4324,8199,6533,3686,2847,206,63,143,9268,6421,2847,1328,1299,6268,81.2716562717,train
tn_82,45499,27944,264,3615,768,2847,11368,2732,8636,8951,3322,5629,76,0,76,2478,1187,1291,1192,1948,15607,61.4167344337,train
ny_173,40181,29861,786,4235,1063,3172,18838,4993,13845,286,0,286,1311,514,797,2178,1035,1143,2227,1434,8886,74.3162191085,train
ca_502,37226,34166,250,4856,1900,2956,24042,7489,16553,1217,509,708,313,0,313,2760,1268,1492,728,1357,1703,91.7799387525,train
oh_99,55884,32804,703,4480,1689,2791,16887,6390,10497,1056,110,946,627,213,414,5779,2681,3098,3272,4861,18219,58.7001646267,train
mi_189,46571,41392,49,5046,2240,2806,26727,12896,13831,1227,634,593,519,176,343,6013,3796,2217,1811,916,4263,88.8793455154,train
or_13,33609,28389,517,4868,1606,3262,18384,5989,12395,488,337,151,196,37,159,3056,2101,955,880,800,4420,84.468445952,train
nh_34,56222,49338,258,4607,1295,3312,36359,14371,21988,2685,1244,1441,235,146,89,4329,2300,2029,865,1324,5560,87.7556828288,train
fl_113,34639,26979,85,3224,834,2390,18630,5302,13328,705,49,656,262,51,211,2315,1365,950,1758,1422,6238,77.8861976385,train
ky_53,55669,43099,384,6058,2469,3589,26555,11680,14875,2342,1201,1141,600,415,185,4695,2629,2066,2465,2891,9679,77.4201081392,train
ca_424,44085,32702,248,10545,4949,5596,7371,3655,3716,389,246,143,3333,349,2984,8378,2239,6139,2438,2417,8966,74.1794261087,train
mi_22,25225,17290,719,2698,771,1927,9508,3336,6172,123,107,16,1185,258,927,1386,858,528,1671,3076,4859,68.5431119921,train
ca_329,35328,27135,425,5792,2354,3438,14226,6109,8117,1451,677,774,220,0,220,3926,2811,1115,1095,2697,5496,76.808763587,train
ga_155,35864,31642,207,10139,4592,5547,12779,5385,7394,859,350,509,952,468,484,3273,2195,1078,3433,687,3535,88.227749275,train
tn_72,51574,37809,587,8623,3223,5400,19351,9682,9669,950,882,68,508,266,242,3611,1577,2034,4179,1537,12228,73.3101950595,train
il_141,61385,42575,753,14914,3922,10992,11656,5409,6247,427,112,315,4581,2457,2124,4114,1864,2250,6130,2042,16768,69.3573348538,train
wi_20,45632,36119,342,7869,2486,5383,17493,5308,12185,900,213,687,848,387,461,6792,2018,4774,1875,1092,8421,79.1527875175,train
tx_31,46311,31593,579,7327,2931,4396,14102,6891,7211,1044,403,641,1968,818,1150,2887,1792,1095,3686,3534,11184,68.2192135778,train
wi_51,28878,19099,377,2422,761,1661,12296,2955,9341,821,265,556,496,0,496,1329,640,689,1358,1651,8128,66.1368515825,train
ct_49,268569,214183,2441,48880,16403,32477,124090,47091,76999,5134,1869,3265,2607,912,1695,23129,10905,12224,7902,9851,44535,79.7497105027,train
il_212,81279,46611,321,12790,4651,8139,20506,8573,11933,1457,851,606,630,253,377,6891,3877,3014,4016,9139,25529,57.3469161776,train
ok_40,68248,36890,829,12789,4074,8715,5078,1606,3472,962,234,728,4161,1448,2713,4314,1738,2576,8757,3455,27903,54.0528660181,train
az_137,34108,28403,721,5890,1441,4449,14792,3760,11032,476,48,428,2091,724,1367,1914,1319,595,2519,2283,3422,83.2737187757,train
ca_223,40190,31215,387,9273,3746,5527,11137,4595,6542,4805,3083,1722,283,0,283,3027,1421,1606,2303,1734,7241,77.6685742722,train
tn_112,136188,99409,635,13534,3467,10067,36437,12522,23915,35078,12408,22670,535,50,485,8474,3917,4557,4716,4123,32656,72.9939495403,train
ca_370,55670,42680,267,12148,4169,7979,20605,6960,13645,1630,771,859,419,126,293,5646,3024,2622,1965,1361,11629,76.6660679001,train
me_10,177828,124505,3539,44048,9176,34872,45986,11547,34439,1664,716,948,6929,1837,5092,13888,4827,9061,8451,7909,45414,70.0142834649,train
fl_255,42450,36464,360,8585,2617,5968,20189,7087,13102,1176,535,641,586,277,309,3620,2113,1507,1948,1745,4241,85.8987043581,train
nj_50,39976,27265,900,3286,474,2812,16481,2877,13604,1279,487,792,600,152,448,3651,1389,2262,1068,1727,10984,68.2034220532,train
ut_49,42645,32458,387,9822,4569,5253,13420,6626,6794,1806,1091,715,1102,544,558,4356,2691,1665,1565,6959,3228,76.1120881698,train
ut_17,49394,40289,441,11924,4283,7641,13594,5571,8023,587,123,464,4311,1804,2507,4381,2262,2119,5051,1822,7283,81.5665870349,train
ny_291,29128,23784,254,2375,622,1753,11975,5289,6686,6131,2433,3698,411,41,370,2359,1058,1301,279,587,4757,81.6533919253,train
nj_87,38384,32535,102,1002,259,743,19075,9323,9752,9178,4514,4664,63,34,29,2540,1747,793,575,1278,4571,84.76187995,train
ga_73,245266,186229,1639,46699,18206,28493,73446,32169,41277,8779,3994,4785,4143,1944,2199,37712,15541,22171,13811,12870,46167,75.9293991014,train
or_44,303835,226856,4875,57431,17924,39507,91909,31382,60527,6079,2493,3586,19290,5143,14147,27328,11172,16156,19944,12357,64622,74.6642091925,train
nj_24,24280,17141,442,2095,621,1474,11531,3579,7952,340,106,234,473,85,388,1242,417,825,1018,971,6168,70.597199341,train
ca_136,54674,48382,113,13071,8072,4999,24452,14384,10068,2329,1509,820,1038,388,650,4625,3346,1279,2754,739,5553,88.491787687,train
nv_36,48190,40575,222,5798,2522,3276,22744,9817,12927,500,341,159,999,395,604,5748,4230,1518,4564,1993,5622,84.1979663831,train
tn_81,65891,41329,1480,5446,2676,2770,19677,8267,11410,1942,732,1210,2848,661,2187,4496,2283,2213,5440,2694,21868,62.7232854259,train
md_51,38185,24993,461,6147,2852,3295,12310,6178,6132,298,119,179,1441,650,791,1985,943,1042,2351,1979,11213,65.452402776,train
ca_117,50253,39332,0,7344,2061,5283,16231,3971,12260,8967,2277,6690,356,64,292,4276,1757,2519,2158,1246,9675,78.2679641016,train
wa_94,36038,29384,127,6636,1876,4760,16396,7704,8692,612,151,461,673,326,347,2775,1368,1407,2165,998,5656,81.5361562795,train
mn_119,35910,28348,290,4444,1799,2645,17338,5877,11461,269,14,255,1274,320,954,2331,1025,1306,2402,2197,5365,78.9417989418,train
fl_51,49672,39752,635,7141,2550,4591,21820,6614,15206,2150,665,1485,1633,244,1389,4805,2106,2699,1568,2378,7542,80.0289901756,train
ca_156,25017,22690,0,4814,2669,2145,12287,8910,3377,1304,842,462,397,238,159,2692,2144,548,1196,340,1987,90.6983251389,train
pa_39,133602,100080,1586,16950,6016,10934,64496,21936,42560,3875,1329,2546,775,403,372,7628,3951,3677,4770,4705,28817,74.9090582476,train
ne_39,107341,85600,869,16110,5238,10872,54158,18256,35902,864,143,721,1061,323,738,7132,3323,3809,5406,3904,17837,79.7458566624,train
ca_65,23370,19122,26,1814,1064,750,6275,3441,2834,6277,3756,2521,0,0,0,4285,2438,1847,445,824,3424,81.8228498074,train
tx_106,35067,30480,322,6596,3864,2732,11912,5369,6543,1022,644,378,806,606,200,8971,7444,1527,851,1992,2595,86.9193258619,train
tx_479,107937,53949,1012,14126,3645,10481,23885,7529,16356,727,297,430,1277,678,599,5967,3171,2796,6955,9184,44804,49.9819339059,train
co_24,43575,36340,370,9376,3545,5831,19153,7752,11401,321,208,113,589,253,336,3926,2305,1621,2605,2172,5063,83.3964429145,train
mo_128,140536,85850,547,25200,9113,16087,32401,12504,19897,8414,2701,5713,1539,567,972,9940,4213,5727,7809,9871,44815,61.0875505209,train
ca_216,48285,40644,379,11059,4035,7024,18507,5533,12974,4560,836,3724,706,349,357,3935,2046,1889,1498,1617,6024,84.1752096925,train
il_255,28718,18530,302,2532,982,1550,11936,5291,6645,242,118,124,501,462,39,1543,656,887,1474,1525,8663,64.5239919214,train
ny_86,3084861,2296434,18123,231330,67051,164279,1339487,467344,872143,301376,111367,190009,22458,8483,13975,291042,141130,149912,92618,112521,675906,74.442057519,train
pa_76,280905,202844,3535,49815,15991,33824,114298,42465,71833,2822,524,2298,3650,1263,2387,16267,6533,9734,12457,9424,68637,72.2108898026,train
ca_280,222462,178334,1065,32231,16547,15684,70736,35454,35282,25029,14963,10066,2791,1157,1634,39246,21023,18223,7236,7182,36946,80.1638032563,train
il_182,48359,41878,581,9629,4928,4701,24177,13908,10269,1412,840,572,478,186,292,3455,2674,781,2146,1286,5195,86.5981513265,train
sc_28,32915,17306,713,6614,1146,5468,5147,1769,3378,267,173,94,838,224,614,2271,479,1792,1456,1239,14370,52.5778520431,train
ga_44,29150,21057,264,6636,1604,5032,10543,3996,6547,486,345,141,403,104,299,1918,764,1154,807,1184,6909,72.2367066895,train
ca_13,555909,458023,3129,104559,50111,54448,241015,131093,109922,17475,8972,8503,5853,2532,3321,57493,34732,22761,28499,17907,79979,82.3917223862,train
pr_17,56289,21954,584,3742,874,2868,12701,2624,10077,172,0,172,828,146,682,837,348,489,3090,4904,29431,39.0022917444,train
sc_27,29866,18978,241,7599,2388,5211,4185,1387,2798,781,298,483,1760,505,1255,3444,1867,1577,968,1649,9239,63.5438291033,train
nc_85,299854,218838,3365,49985,17458,32527,116529,44908,71621,5389,2847,2542,4427,1431,2996,19900,11115,8785,19243,11229,69787,72.9815176719,train
ar_56,39941,22880,510,9513,1990,7523,4689,1829,2860,1082,283,799,996,191,805,1995,1079,916,4095,1895,15166,57.2844946296,train
co_88,52311,42145,682,9735,4634,5101,23335,13284,10051,891,644,247,565,184,381,2720,1955,765,4217,1229,8937,80.5662289002,train
ca_274,221689,171943,2351,54664,24191,30473,56764,29205,27559,2836,1843,993,11207,2639,8568,27581,11816,15765,16540,9068,40678,77.5604563149,train
ga_108,74565,50125,207,11413,4085,7328,29690,14200,15490,490,384,106,425,119,306,5435,1746,3689,2465,5181,19259,67.2232280561,train
va_59,42759,28417,288,3242,1327,1915,19149,9516,9633,458,272,186,321,144,177,1755,773,982,3204,2065,12277,66.4585233518,train
pa_69,40914,27293,380,6912,2646,4266,14433,5145,9288,183,157,26,265,206,59,2209,794,1415,2911,1404,12217,66.7082172362,train
ca_388,39713,25967,258,8062,2910,5152,8826,3507,5319,2074,504,1570,1997,428,1569,3374,1691,1683,1376,1158,12588,65.3866492081,train
ny_79,30045,23817,94,1116,233,883,9602,4235,5367,2547,1686,861,147,105,42,9893,8198,1695,418,449,5779,79.27109336,train
pa_35,83709,59023,1368,21720,5787,15933,29325,10678,18647,499,207,292,578,204,374,4533,1927,2606,1000,2378,22308,70.5097420827,train
fl_100,50356,38165,87,5220,2284,2936,26352,12745,13607,418,170,248,340,166,174,3452,1273,2179,2296,3757,8434,75.7903725475,train
tx_136,38324,32114,397,4971,1874,3097,14340,6305,8035,4467,1678,2789,593,248,345,5373,1636,3737,1973,1429,4781,83.7960546916,train
il_170,43595,36931,208,8162,3979,4183,20439,12740,7699,1495,840,655,360,175,185,4677,2879,1798,1590,989,5675,84.7138433307,train
az_44,207615,148177,2463,18619,7315,11304,91279,43074,48205,3093,2702,391,2767,899,1868,16975,9436,7539,12981,13676,45762,71.3710473713,train
md_87,57579,49860,357,2832,603,2229,19523,9086,10437,18138,7490,10648,503,109,394,6520,3045,3475,1987,1755,5964,86.594070755,train
nc_194,377213,300492,2551,56449,20251,36198,169355,69761,99594,12945,6788,6157,6136,2544,3592,31716,19017,12699,21340,13095,63626,79.6610933345,train
ms_44,44631,18071,658,7848,2825,5023,755,206,549,806,566,240,1997,424,1573,1702,910,792,4305,5720,20840,40.4897940893,train
la_21,34469,22900,149,4266,2057,2209,12250,4145,8105,1196,665,531,279,0,279,3337,1402,1935,1423,1343,10226,66.4365081668,train
il_24,65231,52197,367,13960,4454,9506,28049,10844,17205,512,320,192,1289,531,758,4859,2895,1964,3161,3577,9457,80.018702764,train
il_151,65231,52197,367,13960,4454,9506,28049,10844,17205,512,320,192,1289,531,758,4859,2895,1964,3161,3577,9457,80.018702764,train
ct_58,63153,49935,429,7872,2641,5231,31268,10850,20418,2655,1467,1188,424,160,264,6359,3276,3083,928,4216,9002,79.0698779155,train
nh_16,117890,99134,221,7570,1824,5746,72557,32851,39706,5453,2811,2642,471,294,177,9819,5156,4663,3043,5466,13290,84.0902536263,train
ca_397,37860,26766,306,8803,3075,5728,11330,5682,5648,1267,888,379,523,215,308,2168,1286,882,2369,1470,9624,70.6973058637,train
oh_166,71283,44259,488,9668,3179,6489,22401,9985,12416,921,469,452,660,166,494,3764,1567,2197,6357,4497,22527,62.0891376626,train
oh_100,43600,31712,694,4363,1930,2433,19263,5969,13294,43,0,43,1373,421,952,3752,2419,1333,2224,2607,9281,72.7339449541,train
tn_56,275503,186305,3359,57129,17730,39399,71177,28576,42601,8265,2738,5527,6620,2981,3639,20551,9090,11461,19204,11593,77605,67.6235830463,train
oh_152,46493,40962,53,5592,2549,3043,26915,15362,11553,1202,806,396,361,317,44,4851,2281,2570,1988,1006,4525,88.103585486,train
ca_542,50304,45230,177,11551,4546,7005,24574,9133,15441,1584,910,674,617,217,400,4157,2102,2055,2570,879,4195,89.913326972,train
ct_83,49986,28662,211,4938,1573,3365,14876,4651,10225,911,402,509,721,0,721,5813,1659,4154,1192,3385,17939,57.3400552155,train
fl_118,34234,25640,104,3764,1207,2557,17646,3751,13895,1268,382,886,275,34,241,2032,618,1414,551,1154,7440,74.8963019221,train
md_25,37037,27565,262,3941,1347,2594,17478,6439,11039,308,254,54,912,308,604,2703,1464,1239,1961,1702,7770,74.4255744256,train
ny_63,77540,64472,141,4262,971,3291,33467,12996,20471,15860,7023,8837,441,182,259,8299,4568,3731,2002,2267,10801,83.1467629611,train
ma_137,55448,37565,373,6243,2598,3645,22158,11104,11054,512,329,183,232,130,102,3547,2135,1412,4500,909,16974,67.7481604386,train
tx_202,72307,49096,1110,10822,4505,6317,18241,8484,9757,1461,556,905,5086,1456,3630,4785,2377,2408,7591,5303,17908,67.8993735046,train
ct_10,75029,59837,642,11901,3197,8704,36410,13089,23321,1803,963,840,298,13,285,6705,3404,3301,2078,2553,12639,79.7518292927,train
ne_36,55239,47120,382,4504,1633,2871,33025,13391,19634,1573,753,820,372,103,269,4472,2222,2250,2792,1429,6690,85.3020510871,train
tx_74,49682,29149,135,6712,2857,3855,13777,5967,7810,273,212,61,359,71,288,3422,1126,2296,4471,1193,19340,58.6711485045,train
ky_32,303418,221527,1898,33630,15044,18586,124537,57570,66967,9940,4853,5087,2969,1597,1372,34694,18902,15792,13859,14927,66964,73.0105003658,train
il_227,44846,30795,169,5409,2103,3306,16563,6095,10468,2342,874,1468,940,320,620,3179,1614,1565,2193,1340,12711,68.6683316238,train
sc_51,39326,27637,459,6176,2263,3913,10924,4212,6712,1418,662,756,503,89,414,6457,4008,2449,1700,1778,9911,70.2766617505,train
oh_41,47847,30877,302,5771,1900,3871,18430,4419,14011,335,234,101,614,179,435,2666,1501,1165,2759,3224,13746,64.5327815746,train
mi_72,37355,30650,364,4654,1911,2743,18033,7309,10724,1305,664,641,174,121,53,4808,2589,2219,1312,1029,5676,82.0505956365,train
tx_266,54672,40775,242,13139,3605,9534,12049,4253,7796,6377,1966,4411,1055,334,721,4146,1832,2314,3767,1609,12288,74.5811384255,train
wa_18,24434,15063,282,3068,1146,1922,5777,1948,3829,296,56,240,1556,557,999,2180,1058,1122,1904,2577,6794,61.647704019,train
co_86,36999,30712,238,8474,2260,6214,12770,5344,7426,326,129,197,2689,1099,1590,3479,2227,1252,2736,1170,5117,83.0076488554,train
tx_453,60258,44559,317,4884,1255,3629,30080,10637,19443,1240,37,1203,1535,228,1307,4393,2097,2296,2110,5700,9999,73.9470277805,train
oh_136,59835,41712,769,9774,2900,6874,19848,7678,12170,297,96,201,1686,687,999,2506,1300,1206,6832,2091,16032,69.7117071948,train
pa_198,40243,32907,80,1458,832,626,15554,4554,11000,11049,4247,6802,188,59,129,3991,1914,2077,587,1691,5645,81.7707427379,train
al_26,148025,93651,1444,30708,11451,19257,36701,12389,24312,4133,1986,2147,2938,1511,1427,12042,5306,6736,5685,7980,46394,63.2670157068,train
fl_292,40025,33816,280,4039,1212,2827,23875,8465,15410,441,106,335,121,0,121,3798,2240,1558,1262,1000,5209,84.4871955028,train
ct_53,58934,50359,301,12554,4881,7673,27967,12459,15508,2964,1520,1444,789,220,569,4180,2477,1703,1604,1675,6900,85.4498252282,train
ca_478,52267,36206,422,9028,1166,7862,9713,2102,7611,8907,3022,5885,694,122,572,5342,2435,2907,2100,1919,14142,69.2712418926,train
ga_50,44046,31198,354,7057,2931,4126,18312,10075,8237,1120,566,554,627,480,147,2472,1572,900,1256,2293,10555,70.8304953912,train
ca_408,58594,53332,542,6233,2743,3490,15172,8519,6653,16235,10045,6190,494,172,322,13224,10819,2405,1432,787,4475,91.0195583166,train
wi_79,45756,33841,1011,10302,3366,6936,12383,3954,8429,1584,355,1229,2027,728,1299,3549,1436,2113,2985,1695,10220,73.9596992744,train
sd_20,66504,50984,412,6047,1696,4351,32356,12529,19827,1190,202,988,657,368,289,6931,2988,3943,3391,3679,11841,76.6630578612,train
ny_142,37805,32269,518,4046,1366,2680,23751,10005,13746,106,106,0,181,26,155,2033,1205,828,1634,820,4716,85.3564343341,train
fl_39,424191,334433,3211,47018,14160,32858,200878,73380,127498,9635,5730,3905,4379,2374,2005,55846,20315,35531,13466,16176,73582,78.8401922719,train
az_43,63682,51989,298,12739,3551,9188,26095,13226,12869,2016,586,1430,614,365,249,5225,2229,2996,5002,4293,7400,81.6384535662,train
fl_266,43021,33313,601,4337,1942,2395,14143,5460,8683,7011,3114,3897,661,151,510,4234,2411,1823,2326,1820,7888,77.4342762837,train
va_53,88110,59676,1161,4847,1792,3055,26836,9882,16954,13380,5810,7570,734,215,519,5294,2742,2552,7424,5768,22666,67.7289751447,train
tx_52,43194,27226,131,6549,1212,5337,13233,3675,9558,572,198,374,1570,622,948,2185,1302,883,2986,1529,14439,63.0319025791,train
az_119,38973,27481,338,9533,4259,5274,9236,3211,6025,131,104,27,2253,139,2114,3481,1677,1804,2509,1079,10413,70.5129192005,train
mn_38,26035,20812,280,3963,1368,2595,12733,4509,8224,247,28,219,474,47,427,1770,969,801,1345,964,4259,79.9385442673,train
va_27,38224,30331,116,4493,1639,2854,20536,9589,10947,741,373,368,693,206,487,2061,1230,831,1691,1983,5910,79.3506697363,train
oh_144,43366,26318,786,6395,940,5455,12304,2551,9753,135,0,135,3104,695,2409,1523,376,1147,2071,1463,15585,60.6880966656,train
pa_151,62763,51702,306,4751,1434,3317,24694,12435,12259,13114,7121,5993,381,140,241,7081,4459,2622,1375,1167,9894,82.3765594379,train
ca_562,56806,41245,367,11771,5189,6582,15574,7857,7717,1400,690,710,2415,784,1631,4334,2044,2290,5384,2565,12996,72.6067668908,train
ga_171,246948,189739,1250,47548,22233,25315,75316,38681,36635,7713,3831,3882,3424,1994,1430,36907,17559,19348,17581,13441,43768,76.8335843983,train
sd_28,38795,29524,253,3407,1971,1436,19133,8185,10948,777,535,242,986,341,645,2801,1538,1263,2167,1503,7768,76.10259054,train
ca_105,25341,21099,26,2925,927,1998,6671,2475,4196,6221,2625,3596,114,0,114,4209,2084,2125,933,564,3678,83.2603291109,train
pa_177,54986,42176,1444,8052,2152,5900,25610,9036,16574,183,108,75,1507,558,949,2600,1293,1307,2780,1820,10990,76.7031608046,train
pa_148,50676,45116,322,2271,1319,952,22375,11305,11070,11968,6442,5526,277,237,40,6813,4384,2429,1090,1128,4432,89.0283368853,train
in_111,46431,32014,590,5634,2333,3301,18157,6878,11279,808,326,482,1311,538,773,2121,1050,1071,3393,2834,11583,68.9496241735,train
mi_132,49463,35293,296,7161,2893,4268,19314,8202,11112,820,261,559,552,100,452,3008,1399,1609,4142,2348,11822,71.3523239593,train
nd_26,53456,39237,491,3863,1047,2816,20450,8677,11773,2945,693,2252,746,76,670,8806,3317,5489,1936,3252,10967,73.4005537264,train
az_16,1425393,1096623,9161,195088,64560,130528,664191,263976,400215,20416,8753,11663,29390,9472,19918,109796,56991,52805,68581,60769,268001,76.9347821969,train
ky_59,49042,34454,379,3281,1266,2015,21572,12076,9496,335,45,290,398,121,277,4655,2870,1785,3834,2616,11972,70.2540679418,train
tx_402,41678,30565,667,3336,1427,1909,13397,6342,7055,469,36,433,2201,657,1544,5741,3187,2554,4754,1412,9701,73.3360525937,train
al_79,75856,55277,401,7471,3248,4223,37196,23458,13738,175,0,175,112,62,50,5410,3801,1609,4512,2589,17990,72.8709660409,train
oh_59,30184,18576,293,4282,1795,2487,9260,3882,5378,284,93,191,402,161,241,1354,623,731,2701,1085,10523,61.5425390936,train
ca_571,40629,34433,52,4967,2588,2379,12028,7106,4922,7538,4526,3012,416,189,227,8146,4715,3431,1286,1073,5123,84.7498092496,train
ga_55,31529,15792,253,3364,895,2469,8613,2451,6162,43,43,0,155,34,121,1692,846,846,1672,1665,14072,50.0872212883,train
ky_22,25886,17362,123,4186,1311,2875,8747,3647,5100,361,141,220,356,356,0,2043,906,1137,1546,828,7696,67.0710036313,train
nj_77,264247,231228,1420,14137,5790,8347,139024,60390,78634,44766,19109,25657,748,519,229,27480,15886,11594,3653,6391,26628,87.5044939015,train
il_125,279000,208119,2995,51488,16053,35435,99118,40377,58741,3734,1237,2497,10768,4059,6709,19792,9195,10597,20224,11554,59327,74.5946236559,train
ny_190,39631,33628,73,3012,843,2169,16133,6514,9619,7799,4116,3683,67,13,54,5190,2965,2225,1354,1808,4195,84.8527667735,train
pa_77,272246,202959,5166,36734,11619,25115,112589,45586,67003,12606,5925,6681,5546,1598,3948,17238,9173,8065,13080,8785,60502,74.5498556453,train
il_260,42003,27531,367,6456,2382,4074,16216,7804,8412,251,102,149,331,20,311,2581,1133,1448,1329,2704,11768,65.5453181916,train
ne_41,142151,100570,813,7839,2379,5460,72743,23744,48999,2570,774,1796,2022,194,1828,9075,5319,3756,5508,5719,35862,70.7487108779,train
ms_37,42522,16948,271,7021,1645,5376,4294,1281,3013,549,134,415,1736,560,1176,1925,875,1050,1152,2660,22914,39.8570151921,train
oh_76,59009,34816,410,8077,2509,5568,16633,7497,9136,747,469,278,660,166,494,2878,1117,1761,5411,4013,20180,59.0011693132,train
il_219,22233,13337,413,3248,598,2650,5692,2445,3247,303,52,251,210,105,105,1252,455,797,2219,1949,6947,59.987406108,train
mi_63,34655,23476,129,1958,908,1050,17982,4708,13274,245,36,209,75,42,33,2165,983,1182,922,1463,9716,67.7420285673,train
sc_58,57599,30011,1004,10669,2683,7986,6769,2298,4471,774,200,574,2864,632,2232,3641,1334,2307,4290,3727,23861,52.1033351273,train
ca_561,37735,26895,463,7939,3894,4045,10839,5980,4859,2028,1686,342,494,128,366,3506,2027,1479,1626,686,10154,71.2733536505,train
mn_103,50745,37620,831,9764,3287,6477,13291,5648,7643,1736,838,898,3014,795,2219,3355,1509,1846,5629,1541,11584,74.1353827963,train
oh_172,53739,33659,993,7330,1011,6319,18191,3701,14490,959,198,761,2071,765,1306,2565,1355,1210,1550,2589,17491,62.6342135135,train
me_22,278148,215170,2331,37511,9587,27924,142563,51913,90650,2102,690,1412,3936,1358,2578,17460,8291,9169,9267,11008,51970,77.3580971281,train
va_28,28855,20657,637,3818,1205,2613,10110,4293,5817,304,121,183,1148,736,412,1829,798,1031,2811,528,7670,71.5889793797,train
al_20,257398,172087,2074,48718,17875,30843,72121,28800,43321,8186,4073,4113,3354,1018,2336,28950,13646,15304,8684,14142,71169,66.8563858305,train
ga_62,185160,135762,1029,28238,13398,14840,70422,34755,35667,5344,2769,2575,2985,921,2064,18331,9954,8377,9413,10875,38523,73.3214517174,train
ny_56,109511,65205,1105,9064,2577,6487,42029,12890,29139,2781,846,1935,630,113,517,5279,2447,2832,4317,8627,35679,59.541963821,train
ma_49,55448,37565,373,6243,2598,3645,22158,11104,11054,512,329,183,232,130,102,3547,2135,1412,4500,909,16974,67.7481604386,train
ca_543,47062,37131,648,10040,4237,5803,17216,8753,8463,1268,823,445,708,489,219,3613,2270,1343,3638,1139,8792,78.8980493817,train
ne_12,270045,184915,4711,49326,15833,33493,62628,19802,42826,7870,2317,5553,17790,5310,12480,23982,10041,13941,18608,12194,72936,68.475624433,train
tx_167,270596,208838,2423,45502,16744,28758,89669,40604,49065,16278,7591,8687,11268,4471,6797,22235,12959,9276,21463,13911,47847,77.1770462239,train
mi_155,59656,50194,265,5075,1351,3724,37336,14713,22623,1764,1103,661,827,320,507,3664,2041,1623,1263,1613,7849,84.1390639667,train
nc_152,42464,30692,530,10112,3454,6658,11259,5054,6205,781,482,299,1014,525,489,4436,1795,2641,2560,1696,10076,72.2776940467,train
tn_79,49650,34719,809,5588,1767,3821,18516,5924,12592,1150,531,619,1730,703,1027,2784,934,1850,4142,2356,12575,69.9274924471,train
wa_117,42147,37855,311,6663,3621,3042,24420,14968,9452,1519,931,588,958,590,368,3136,2422,714,848,920,3372,89.8165943009,train
tx_171,254952,183953,1675,42248,13876,28372,83998,29350,54648,4669,2148,2521,6647,2126,4521,25599,13776,11823,19117,9795,61204,72.1520129279,train
in_154,31663,24901,585,6285,2711,3574,13494,3940,9554,307,34,273,894,305,589,1231,645,586,2105,3514,3248,78.6438429713,train
tx_263,37018,34364,170,6466,3099,3367,12431,7214,5217,10211,5473,4738,771,771,0,2831,1984,847,1484,1234,1420,92.8305148847,train
ca_499,60882,55757,335,9196,4114,5082,34979,16006,18973,1611,1245,366,808,201,607,7653,4719,2934,1175,658,4467,91.5820768043,train
ct_19,48273,34731,55,2589,721,1868,25939,7409,18530,1252,237,1015,128,0,128,2835,1775,1060,1933,1828,11714,71.9470511466,train
ga_120,65336,45717,1417,12348,2546,9802,20097,4921,15176,3917,1194,2723,980,660,320,4767,2221,2546,2191,2067,17552,69.9721439941,train
sc_98,41649,25155,41,2694,1179,1515,16557,5219,11338,187,33,154,551,304,247,2636,1121,1515,2489,4678,11816,60.397608586,train
il_82,61958,50955,454,10858,5466,5392,26791,16158,10633,1475,833,642,565,224,341,4398,2589,1809,6414,1014,9989,82.2411956487,train
ma_36,67065,50103,679,6972,1684,5288,36652,8021,28631,336,36,300,839,182,657,3493,1770,1723,1132,3442,13520,74.708118989,train
sc_80,63909,43350,1090,12634,3751,8883,17089,7708,9381,82,0,82,1238,291,947,6329,3111,3218,4888,2289,18270,67.83082195,train
wa_118,44445,38385,462,4466,1722,2744,21119,10814,10305,5174,2630,2544,635,265,370,5070,3193,1877,1459,702,5358,86.3651704354,train
ct_12,345615,265485,2593,50451,17064,33387,157734,61196,96538,8222,3889,4333,2297,1046,1251,32573,16672,15901,11615,12166,67964,76.815242394,train
in_149,28343,20529,377,2573,602,1971,11638,6091,5547,461,237,224,475,134,341,3271,1542,1729,1734,977,6837,72.4305825071,train
al_91,88847,47694,635,13911,4476,9435,19402,7485,11917,2197,469,1728,732,163,569,8367,3050,5317,2450,6527,34626,53.6810471935,train
in_77,278250,195224,4468,44169,13272,30897,70187,25793,44394,31201,13897,17304,7535,2827,4708,19564,8081,11483,18100,14273,68753,70.1613656783,train
ca_490,27872,24600,0,5826,2729,3097,9086,4814,4272,3811,2319,1492,535,201,334,3303,1753,1550,2039,751,2521,88.260619977,train
ga_135,44541,31613,354,7243,2982,4261,18431,10092,8339,1134,580,554,640,480,160,2555,1584,971,1256,2293,10635,70.9750566893,train
hi_20,64929,48726,1123,11177,3051,8126,28857,7280,21577,469,336,133,926,118,808,3400,1610,1790,2774,2237,13966,75.0450492076,train
ky_19,41187,32623,319,7791,2902,4889,14525,6284,8241,10,10,0,1009,561,448,6390,3660,2730,2579,919,7645,79.2070313448,train
mi_190,32275,19930,438,2674,963,1711,10900,5483,5417,46,46,0,607,279,328,1690,1004,686,3575,2253,10092,61.750580945,train
co_65,49679,43774,151,8841,3736,5105,25773,14357,11416,851,482,369,527,268,259,5959,3746,2213,1672,2469,3436,88.1136898891,train
il_94,47061,31762,491,7654,2719,4935,18580,9783,8797,251,102,149,487,20,467,2487,1061,1426,1812,2983,12316,67.4911285353,train
va_23,27484,21794,129,2311,741,1570,14413,6311,8102,527,142,385,58,0,58,2907,1266,1641,1449,641,5049,79.2970455538,train
nd_11,80752,52490,1044,14225,4657,9568,8009,3169,4840,9450,3206,6244,1986,793,1193,13709,6778,6931,4067,4724,23538,65.0014860313,train
tx_338,33277,24118,410,5909,2299,3610,6246,3114,3132,116,42,74,889,285,604,4860,3061,1799,5688,2196,6963,72.4764852601,train
oh_193,47159,34258,365,8531,2846,5685,17463,7566,9897,1647,828,819,640,244,396,4343,1845,2498,1269,805,12096,72.6436099154,train
ca_175,25415,21987,0,3991,1928,2063,11646,6001,5645,1105,985,120,425,425,0,4369,2841,1528,451,675,2753,86.5119024198,train
oh_176,38335,32761,180,5819,2496,3323,18506,7330,11176,2550,681,1869,895,112,783,3145,1557,1588,1666,2166,3408,85.459762619,train
ok_58,72782,57268,222,8700,3676,5024,36674,18122,18552,1071,646,425,1247,631,616,4920,2635,2285,4434,3611,11903,78.6842900717,train
wv_13,40095,26545,470,7097,2097,5000,13982,6357,7625,450,182,268,284,190,94,1973,733,1240,2289,1917,11633,66.2052625016,train
fl_19,67630,56721,985,15043,5199,9844,28669,11557,17112,1046,609,437,1456,752,704,4709,2977,1732,4813,2128,8781,83.8695845039,train
ca_301,243397,190101,1346,30918,11891,19027,70589,28595,41994,46637,27360,19277,3864,2074,1790,22524,13276,9248,14223,11535,41761,78.1032633927,train
ne_15,60375,51723,226,6775,2070,4705,35491,13431,22060,885,321,564,591,244,347,4874,2321,2553,2881,2594,6058,85.6695652174,train
pa_110,42984,29498,918,4899,1205,3694,19195,4581,14614,360,0,360,627,175,452,2262,768,1494,1237,1328,12158,68.6255350828,train
ca_120,27476,22465,347,4897,2661,2236,11313,6368,4945,1920,1308,612,202,54,148,2625,1552,1073,1161,796,4215,81.7622652497,train
hi_16,129756,98111,804,16357,7557,8800,63484,25946,37538,1334,790,544,1224,733,491,8873,5171,3702,6035,4687,26958,75.6119177533,train
ut_64,67059,51827,779,15426,7593,7833,21739,11201,10538,2415,1373,1042,2223,1146,1077,7129,4145,2984,2116,10464,4768,77.2856738096,train
il_127,275846,188068,4679,54407,17241,37166,61305,20518,40787,4186,1294,2892,19377,6426,12951,20479,10143,10336,23635,9941,77837,68.1786214047,train
tn_66,48776,27260,478,11512,3467,8045,9743,3972,5771,522,0,522,516,365,151,2558,712,1846,1931,1717,19799,55.888141709,train
ut_16,146644,123333,765,27518,13131,14387,55281,32121,23160,12891,7628,5263,7445,3769,3676,11249,7030,4219,8184,7499,15812,84.1036796596,train
tx_142,43523,31609,317,2906,749,2157,21165,6082,15083,1137,37,1100,1233,90,1143,3104,1285,1819,1747,5196,6718,72.6259678791,train
ca_387,49146,37452,351,9550,4070,5480,13365,5673,7692,5895,2418,3477,1554,312,1242,5227,2144,3083,1510,2210,9484,76.2055915029,train
wa_44,37107,28723,303,4534,1383,3151,17014,9208,7806,127,0,127,232,158,74,3784,1727,2057,2729,1105,7279,77.4058802921,train
mi_194,24075,15080,154,1671,697,974,10416,3544,6872,285,0,285,617,391,226,1633,895,738,304,2845,6150,62.6375908619,train
al_93,26550,17921,796,1684,402,1282,12918,2882,10036,226,51,175,240,26,214,1358,536,822,699,758,7871,67.4990583804,train
nj_21,178951,156831,1238,10157,3225,6932,98793,36996,61797,28131,11254,16877,895,330,565,15284,8740,6544,2333,3681,18439,87.6390743835,train
ny_178,41884,32010,475,4857,1951,2906,15141,6198,8943,1259,441,818,308,168,140,9158,4374,4784,812,2008,7866,76.4253652946,train
fl_226,46652,36123,355,8714,2531,6183,17609,7623,9986,1734,871,863,564,155,409,5447,3305,2142,1700,2367,8162,77.4307639544,train
ok_52,45258,30694,481,4701,1886,2815,18435,7176,11259,255,48,207,1022,283,739,3419,1889,1530,2381,2294,12270,67.8200539131,train
nv_39,43906,33690,196,7324,3206,4118,13379,4759,8620,577,214,363,2103,1864,239,7941,5843,2098,2170,2434,7782,76.7321095067,train
me_15,50670,36366,478,7818,1841,5977,22646,5491,17155,313,0,313,1073,355,718,2529,1161,1368,1509,1896,12408,71.7702782712,train
mo_97,56197,28947,183,7884,2249,5635,12312,5037,7275,1025,463,562,461,238,223,3512,1506,2006,3570,4330,22920,51.5098670748,train
mi_157,65202,47949,870,6298,2084,4214,32585,11073,21512,780,431,349,724,453,271,3634,1879,1755,3058,2530,14723,73.5391552406,train
il_119,287935,199098,2257,42260,17940,24320,105545,53360,52185,8584,4303,4281,3488,1695,1793,20383,11696,8687,16581,14208,74629,69.1468560613,train
ms_53,35879,27101,259,4721,1928,2793,12433,4654,7779,1011,385,626,1221,804,417,2238,1238,1000,5218,1307,7471,75.5344351849,train
ct_34,39856,24584,178,6382,1259,5123,11315,2559,8756,1140,335,805,253,38,215,3116,1284,1832,2200,1851,13421,61.6820553994,train
ia_42,52312,40592,286,3356,1025,2331,19217,7732,11485,7756,4452,3304,744,437,307,6837,4203,2634,2396,1190,10530,77.5959626854,train
ks_38,280113,200282,2249,46781,16891,29890,74163,26796,47367,20366,6938,13428,12354,4413,7941,25654,11937,13717,18715,14386,65445,71.5004301835,train
ca_291,265643,200732,2219,56144,22396,33748,92430,36461,55969,7563,3962,3601,4265,1196,3069,26377,16104,10273,11734,10798,54113,75.5645735065,train
mn_64,45578,30716,953,10292,2640,7652,6950,2166,4784,3155,1076,2079,1410,287,1123,5770,2406,3364,2186,2763,12099,67.3921628856,train
tx_72,25976,17144,381,3217,1508,1709,8258,3512,4746,28,0,28,405,79,326,2523,1359,1164,2332,1907,6925,65.9993840468,train
nj_165,23294,20040,128,2200,818,1382,13147,4156,8991,1528,585,943,0,0,0,2520,1437,1083,517,449,2805,86.030737529,train
ct_86,39856,24584,178,6382,1259,5123,11315,2559,8756,1140,335,805,253,38,215,3116,1284,1832,2200,1851,13421,61.6820553994,train
il_265,26045,21311,229,4296,1158,3138,12837,4616,8221,630,346,284,594,89,505,1668,851,817,1057,807,3927,81.8237665579,train
ny_42,90397,73569,517,6536,2095,4441,57194,24738,32456,728,564,164,710,370,340,4902,2841,2061,2982,2596,14232,81.3843379758,train
ga_68,53017,35916,275,5568,2212,3356,20605,8861,11744,328,149,179,596,362,234,3350,1668,1682,5194,2745,14356,67.7443084294,train
wi_102,40292,31617,688,6718,1878,4840,16832,7694,9138,445,108,337,2015,509,1506,1906,904,1002,3013,1611,7064,78.4696713988,train
co_66,58861,52227,526,13711,6668,7043,29995,16352,13643,852,441,411,762,201,561,4404,2762,1642,1977,1338,5296,88.7293793853,train
pa_61,29325,19930,291,2846,585,2261,12575,4003,8572,1034,375,659,281,0,281,2156,953,1203,747,1629,7766,67.9624893436,train
ca_81,31998,24482,477,8359,1618,6741,9816,2206,7610,793,89,704,764,318,446,2974,1619,1355,1299,1139,6377,76.5110319395,train
mi_21,110512,85352,699,17732,7180,10552,46270,22965,23305,1893,698,1195,2990,1214,1776,7401,3937,3464,8367,5235,19925,77.2332416389,train
mo_46,26477,21155,0,5916,3196,2720,10022,4954,5068,1369,652,717,449,80,369,2408,1504,904,991,912,4410,79.8995354459,train
va_160,43629,38626,29,3913,1583,2330,19024,9518,9506,8091,4811,3280,862,380,482,4376,2217,2159,2331,1249,3754,88.5328565862,train
ca_489,43833,39736,499,4101,1943,2158,10621,6405,4216,19057,12566,6491,294,162,132,4123,2876,1247,1041,391,3706,90.6531608605,train
wa_138,46659,39240,253,5067,2318,2749,25428,11882,13546,701,234,467,1038,617,421,3647,2361,1286,3106,1055,6364,84.0995306372,train
mi_57,25257,22425,146,3224,1352,1872,14894,6525,8369,904,611,293,247,0,247,2158,1286,872,852,691,2141,88.7872668963,train
tx_189,274989,224445,1617,39677,18642,21035,78923,35847,43076,50114,22312,27802,3287,1306,1981,29987,17114,12873,20840,9970,40574,81.6196284215,train
va_41,30989,23387,452,5125,2957,2168,13140,7399,5741,331,278,53,592,274,318,2144,1357,787,1603,1153,6449,75.4687147052,train
il_157,37526,30275,240,4361,2307,2054,20069,11836,8233,92,50,42,1541,537,1004,1708,753,955,2264,1091,6160,80.6773970047,train
wa_111,50380,40128,139,5366,1864,3502,25390,14311,11079,1046,864,182,1007,886,121,3420,1925,1495,3760,2728,7524,79.6506550218,train
ny_167,43154,31008,811,10546,1915,8631,11163,2879,8284,706,163,543,2189,379,1810,4527,1204,3323,1066,1602,10544,71.8542892895,train
or_20,144166,113953,1986,23550,9400,14150,60169,26880,33289,1126,512,614,5369,1518,3851,11788,6225,5563,9965,6565,23648,79.0429088689,train
ok_50,61819,45330,430,8164,3441,4723,26145,10803,15342,1790,896,894,326,172,154,4016,2886,1130,4459,6115,10374,73.3269706724,train
nc_40,51867,44942,117,11314,5921,5393,25753,15455,10298,1378,1023,355,816,135,681,3536,2282,1254,2028,1620,5305,86.6485433898,train
mn_120,33210,29559,221,7241,2932,4309,16671,7186,9485,407,210,197,502,157,345,3156,2026,1130,1361,640,3011,89.0063233966,train
wa_98,45891,33195,562,4595,1486,3109,21995,7772,14223,429,174,255,786,197,589,3400,1736,1664,1428,1689,11007,72.3344446624,train
ks_16,27311,21821,303,2667,1113,1554,11909,5232,6677,832,444,388,1955,1249,706,1427,660,767,2728,1074,4416,79.8982095127,train
ca_142,36004,26683,511,6399,3169,3230,12322,6067,6255,685,509,176,183,39,144,2569,1656,913,4014,2052,7269,74.1112098656,train
ar_64,70161,48775,640,18731,5135,13596,16667,7537,9130,3660,1832,1828,874,481,393,5447,2650,2797,2756,4081,17305,69.5186784681,train
az_41,517276,368955,2623,63954,23110,40844,232283,94302,137981,4637,2556,2081,6912,1965,4947,33212,17178,16034,25334,23499,124822,71.3265258779,train
mi_160,63462,45710,1160,8071,2810,5261,22855,9730,13125,381,187,194,2244,914,1330,3811,1599,2212,7188,2596,15156,72.0273549526,train
il_107,32314,27951,201,5902,3038,2864,17023,9642,7381,1009,646,363,179,139,40,2653,1515,1138,984,312,4051,86.4981122733,train
ny_49,27228,21712,345,2361,632,1729,15363,5190,10173,227,30,197,542,218,324,1437,554,883,1437,803,4713,79.7414426326,train
sc_71,64121,49730,525,5050,2004,3046,32657,15842,16815,821,429,392,526,324,202,6604,4030,2574,3547,3753,10638,77.5564947521,train
ga_173,46770,36197,232,8712,3042,5670,14411,6926,7485,1784,694,1090,738,169,569,7628,4125,3503,2692,3195,7378,77.3936283943,train
ca_570,33518,25850,127,7284,4088,3196,10777,4208,6569,1535,480,1055,722,258,464,4063,2109,1954,1342,1314,6354,77.1227400203,train
wv_10,162452,97061,2833,34914,7718,27196,26150,7462,18688,2540,246,2294,9100,1392,7708,15816,6670,9146,5708,6878,58513,59.7474946446,train
tn_100,45952,28801,790,10909,4781,6128,7881,3133,4748,920,384,536,1251,205,1046,4310,2947,1363,2740,3150,14001,62.6762708914,train
az_72,42404,31398,190,5664,2187,3477,20153,7283,12870,171,135,36,415,181,234,2779,1401,1378,2026,1593,9413,74.0449014244,train
fl_29,120523,90866,2258,17756,4128,13628,41922,13818,28104,1516,493,1023,2069,1011,1058,19877,6639,13238,5468,6509,23148,75.3930784995,train
fl_313,40368,25446,1030,10454,3043,7411,6944,1553,5391,124,28,96,936,498,438,3613,1367,2246,2345,1389,13533,63.0350772889,train
nc_57,99643,81162,645,11402,5142,6260,52349,29089,23260,633,414,219,1169,499,670,7887,5104,2783,7077,3570,14911,81.4527864476,train
nj_42,24250,20055,186,1500,701,799,8829,3597,5232,7323,3459,3864,151,78,73,1791,892,899,275,763,3432,82.7010309278,train
pa_182,57236,43192,740,8702,3473,5229,19615,7241,12374,4537,2663,1874,1702,557,1145,4487,2210,2277,3409,1662,12382,75.4629953176,train
nv_35,61021,42637,1814,17690,4093,13597,6225,1739,4486,626,47,579,6130,2418,3712,4187,1838,2349,5965,4077,14307,69.8726667868,train
nv_29,272429,228795,1838,34128,13076,21052,138410,52263,86147,5889,906,4983,5554,1924,3630,26589,15272,11317,16387,9426,34208,83.9833497902,train
ga_51,185160,135762,1029,28238,13398,14840,70422,34755,35667,5344,2769,2575,2985,921,2064,18331,9954,8377,9413,10875,38523,73.3214517174,train
nj_30,26761,23218,152,1165,665,500,11044,5467,5577,8127,4014,4113,100,100,0,2294,1413,881,336,648,2895,86.7605844326,train
tn_53,280472,186357,3299,30316,9331,20985,76162,26079,50083,37318,13268,24050,6639,1993,4646,17838,8689,9149,14785,9173,84942,66.4440657178,train
nc_100,42013,25030,1068,7622,1930,5692,9474,2367,7107,365,86,279,868,482,386,3002,1055,1947,2631,1786,15197,59.5767976579,train
nv_20,36050,27758,147,8904,4173,4731,11765,5512,6253,1491,1050,441,595,143,452,3055,1876,1179,1801,1702,6590,76.9986130374,train
ky_33,272731,204798,3243,42346,15527,26819,94847,42420,52427,11723,4956,6767,11249,3381,7868,27364,14484,12880,14026,9369,58564,75.0915737485,train
mn_27,26155,23053,185,4607,1570,3037,14365,7423,6942,460,171,289,780,378,402,1797,815,982,859,787,2315,88.1399350029,train
oh_197,26675,21217,217,4519,946,3573,11146,2592,8554,1124,603,521,459,0,459,2562,1152,1410,1190,758,4700,79.5388940956,train
nm_30,265627,189367,2799,55514,17953,37561,77320,33108,44212,4144,1813,2331,4696,1896,2800,25797,12762,13035,19097,10309,65951,71.2905691063,train
pa_190,26178,24039,0,976,313,663,9251,5630,3621,9708,4639,5069,68,0,68,3417,1850,1567,619,720,1419,91.8290167316,train
ca_267,280846,223609,1927,56387,27816,28571,108593,60187,48406,8247,4391,3856,3026,1517,1509,30532,19725,10807,14897,10919,46318,79.6197916296,train
pr_50,26714,11907,165,1973,695,1278,5346,2105,3241,60,0,60,392,74,318,93,93,0,3878,962,13845,44.5721344613,train
az_87,36117,32261,134,4172,2103,2069,20191,5995,14196,352,44,308,2638,854,1784,3059,1328,1731,1715,853,3003,89.3235872304,train
pr_73,33733,17084,481,4034,883,3151,4092,1734,2358,260,178,82,867,425,442,2586,2069,517,4764,863,15786,50.6447692171,train
pa_168,49503,43673,167,4478,952,3526,18620,7824,10796,14045,6408,7637,121,76,45,5442,2561,2881,800,949,4881,88.2229359837,train
ca_306,270449,242858,1509,31953,13105,18848,160460,66660,93800,8985,5028,3957,3665,1161,2504,27609,15573,12036,8677,6222,21369,89.798076532,train
wa_55,38197,30339,66,3635,1345,2290,19110,10523,8587,1000,818,182,913,876,37,2522,1477,1045,3093,1999,5859,79.4277037464,train
tn_41,251718,185608,1360,26581,9921,16660,120015,59337,60678,5381,2386,2995,3025,1406,1619,17383,9125,8258,11863,12021,54089,73.7364828896,train
la_33,48569,37132,42,5913,1254,4659,14255,5128,9127,6213,2127,4086,888,119,769,8144,2593,5551,1677,2352,9085,76.452057897,train
vt_13,84400,69843,1340,20375,7212,13163,37261,18348,18913,2257,1210,1047,1171,433,738,5708,2383,3325,1731,2400,12157,82.7523696682,train
nm_52,260550,188611,2582,54985,18362,36623,78076,33354,44722,4096,1978,2118,4396,1779,2617,26064,12578,13486,18412,9461,62478,72.389560545,train
tx_409,83789,49303,974,11207,3531,7676,19832,7691,12141,852,397,455,1245,576,669,6983,2554,4429,8210,7092,27394,58.8418527492,train
pr_10,51528,20594,842,6559,493,6066,6151,1330,4821,0,0,0,607,79,528,1420,109,1311,5015,1712,29222,39.96662009,train
or_46,310326,234803,5606,53031,18075,34956,116645,42287,74358,3273,1213,2060,12681,2623,10058,27216,13665,13551,16351,14003,61520,75.6633346867,train
ny_244,43558,26554,188,1481,366,1115,18562,4868,13694,1678,757,921,91,43,48,3010,1288,1722,1544,1306,15698,60.9623949676,train
il_149,75671,52617,802,11470,3665,7805,29153,14088,15065,482,124,358,1752,543,1209,4364,2180,2184,4594,3622,19432,69.5339033447,train
mo_11,327056,194990,7906,76938,21494,55444,32966,8890,24076,5859,1875,3984,22936,6705,16231,21336,8576,12760,27049,17032,115034,59.6197593073,train
il_204,56112,28691,598,7683,3232,4451,11612,5104,6508,1197,897,300,499,146,353,4167,2525,1642,2935,3385,24036,51.1316652409,train
md_63,47469,40670,491,4938,1464,3474,17216,6515,10701,11015,4660,6355,990,139,851,4470,2128,2342,1550,1242,5557,85.6769681266,train
nj_86,37427,33209,0,1120,469,651,18982,9061,9921,8670,5390,3280,26,26,0,3900,2352,1548,511,626,3592,88.7300611858,train
tn_70,41823,29288,312,5183,1777,3406,14387,4565,9822,4678,1309,3369,233,0,233,3545,1208,2337,950,1477,11058,70.0284532434,train
ma_91,86535,69223,650,8188,2678,5510,44625,23333,21292,6055,2888,3167,339,113,226,5738,3453,2285,3628,3267,14045,79.9942219911,train
az_130,58369,42930,709,9096,3378,5718,25808,9095,16713,424,236,188,742,46,696,3864,1707,2157,2287,3103,12336,73.5493155613,train
tx_260,34263,17967,439,5461,1644,3817,5309,2088,3221,215,159,56,480,51,429,2448,950,1498,3615,1543,14753,52.4384905,train
in_110,51877,33870,435,7808,3965,3843,16165,7278,8887,1183,868,315,986,670,316,3521,1606,1915,3772,2144,15863,65.2890490969,train
fl_261,56776,42739,451,7130,2692,4438,24631,7814,16817,1409,748,661,503,169,334,6324,3027,3297,2291,1874,12163,75.2765252924,train
tx_469,24307,21657,306,5876,3018,2858,5969,2343,3626,4475,2411,2064,845,162,683,2866,1565,1301,1320,1473,1177,89.0977907599,train
ok_10,137390,84583,2331,26758,8828,17930,17185,5489,11696,1820,527,1293,14143,4128,10015,8563,4307,4256,13783,6568,46239,61.5641604192,train
nj_19,283211,232497,2008,23358,8423,14935,154934,66636,88298,23498,9618,13880,1712,487,1225,20162,11555,8607,6825,6193,44521,82.0932096564,train
ga_186,29150,21057,264,6636,1604,5032,10543,3996,6547,486,345,141,403,104,299,1918,764,1154,807,1184,6909,72.2367066895,train
mn_30,23733,21223,169,3964,1076,2888,14784,7063,7721,287,42,245,225,149,76,1455,1025,430,339,590,1920,89.4240087642,train
az_71,45760,29467,198,6400,1755,4645,16678,5608,11070,369,200,169,610,104,506,4120,2039,2081,1092,2596,13697,64.3946678322,train
tx_378,45630,35464,273,6960,2505,4455,16309,6833,9476,1807,549,1258,2072,432,1640,4998,2132,2866,3045,2270,7896,77.7207977208,train
co_99,26647,22038,74,6497,4113,2384,10043,5024,5019,386,247,139,1237,360,877,2426,1757,669,1375,1391,3218,82.7034938267,train
in_99,39832,32886,712,6919,3010,3909,12518,5528,6990,5837,2819,3018,1248,494,754,2585,1150,1435,3067,1067,5879,82.5617593894,train
ky_51,40496,32556,309,7110,2498,4612,16209,7141,9068,528,106,422,1873,831,1042,4535,2566,1969,1992,1188,6752,80.3931252469,train
ga_42,48447,38922,140,12668,4134,8534,16114,6789,9325,962,605,357,1039,743,296,4739,2972,1767,3260,1828,7697,80.3393398972,train
va_29,42286,34672,432,3516,1186,2330,11403,5219,6184,7173,3050,4123,1576,733,843,8418,4612,3806,2154,1415,6199,81.9940405808,train
mo_120,33288,28459,186,6222,2952,3270,16347,9625,6722,1713,1213,500,897,198,699,1926,1478,448,1168,1005,3824,85.4932708484,train
de_11,27874,15464,347,2637,533,2104,9285,2809,6476,1011,127,884,306,135,171,1536,531,1005,342,1276,11134,55.478223434,train
fl_36,26426,18436,110,4722,1648,3074,7613,2801,4812,466,334,132,471,114,357,4394,1708,2686,660,1982,6008,69.7646257474,train
ky_11,387016,231268,6267,101994,26719,75275,53452,19525,33927,9143,2612,6531,14238,4579,9659,30066,12890,17176,16108,14565,141183,59.7567025653,train
ny_184,50873,41065,216,1587,380,1207,23898,11557,12341,10256,5760,4496,380,146,234,4135,2742,1393,593,2031,7777,80.7206180096,train
ny_247,46096,33247,299,2157,350,1807,22385,6227,16158,2081,891,1190,821,391,430,4515,2063,2452,989,1730,11119,72.1255640403,train
ms_21,36817,28178,876,6275,3324,2951,12329,8287,4042,1424,633,791,1042,133,909,5828,4338,1490,404,888,7751,76.5352961947,train
tx_335,35899,31406,28,8085,4720,3365,10336,6191,4145,1746,505,1241,397,166,231,4612,3039,1573,6202,1531,2962,87.4843310399,train
fl_209,46079,32256,205,2692,598,2094,18307,6118,12189,5639,1766,3873,146,40,106,4341,2027,2314,926,2542,11281,70.0015191302,train
sd_17,28684,21429,0,2185,1519,666,15056,6352,8704,606,451,155,325,128,197,1980,1055,925,1277,1254,6001,74.707153814,train
nj_68,265245,200220,3146,23616,7193,16423,131730,47293,84437,11064,4155,6909,3067,1070,1997,20013,10285,9728,7584,8531,56494,75.4849290279,train
ia_36,310364,227282,4319,60494,20805,39689,100408,37089,63319,10407,4236,6171,9769,3416,6353,20599,9848,10751,21286,11884,71198,73.2307870758,train
il_147,44965,31326,678,3571,1514,2057,19230,9151,10079,358,118,240,1581,957,624,2346,1041,1305,3562,1929,11710,69.6675191816,train
tx_328,40484,31787,136,9547,2663,6884,11617,4813,6804,1909,687,1222,1102,575,527,3995,1711,2284,3481,1920,6777,78.5174389882,train
fl_214,61546,48690,187,13495,6135,7360,25702,11902,13800,637,402,235,360,36,324,6309,3399,2910,2000,2233,10623,79.111558834,train
wi_16,39652,31456,451,7204,1822,5382,18221,5639,12582,418,73,345,1049,483,566,2694,1016,1678,1419,1409,6787,79.3301725008,train
mo_67,51744,36573,1549,17277,5968,11309,5613,2937,2676,444,342,102,3076,752,2324,5467,3024,2443,3147,2494,12677,70.6806586271,train
wi_69,77714,52066,2247,24342,5775,18567,11386,3191,8195,1709,414,1295,2237,557,1680,6857,2041,4816,3288,3655,21993,66.9969374887,train
fl_251,42500,34211,99,5720,2553,3167,20647,8746,11901,1129,690,439,28,0,28,5967,1554,4413,621,1135,7154,80.4964705882,train
in_53,33415,20320,464,5307,1534,3773,9063,3024,6039,1049,655,394,211,51,160,2062,807,1255,2164,1774,11321,60.8110130181,train
nj_94,38729,28190,254,2535,937,1598,13663,4597,9066,5791,1584,4207,512,172,340,3047,1442,1605,2388,1296,9243,72.7878334065,train
co_58,63062,47645,631,9746,3973,5773,22528,10236,12292,796,234,562,4154,1360,2794,4498,2662,1836,5292,4030,11387,75.5526307443,train
ny_206,52724,41774,134,1877,523,1354,34542,10833,23709,530,181,349,43,0,43,3991,2197,1794,657,1962,8988,79.2314695395,train
ca_509,43892,36140,485,2973,1250,1723,20042,11685,8357,900,680,220,1359,535,824,9024,6303,2721,1357,1376,6376,82.3384671466,train
ca_59,111136,82839,1248,20339,7801,12538,32871,15044,17827,3861,2573,1288,1505,710,795,14541,8255,6286,8474,5209,23088,74.5384033976,train
wa_34,34018,26031,156,3377,1359,2018,15694,8111,7583,890,832,58,522,242,280,3241,1506,1735,2151,1395,6592,76.5212534541,train
ca_367,70397,54182,528,16989,4082,12907,26792,6239,20553,1435,539,896,539,156,383,5978,3435,2543,1921,1216,14999,76.9663479978,train
mo_25,37664,31708,427,6612,3455,3157,17315,8116,9199,1992,1429,563,1067,335,732,1522,675,847,2773,1571,4385,84.186491079,train
il_21,244935,203173,1031,35966,14641,21325,120680,60587,60093,9237,3847,5390,4001,1950,2051,19987,10784,9203,12271,8199,33563,82.9497621818,train
mi_121,68585,44405,1764,10835,3334,7501,14270,3757,10513,506,152,354,5026,1547,3479,3588,1811,1777,8416,4832,19348,64.7444776555,train
ca_513,63223,50697,480,15131,5731,9400,26941,14918,12023,656,338,318,718,264,454,4201,2920,1281,2570,2316,10210,80.1875899594,train
ny_231,79357,68821,1190,8064,2390,5674,41049,21428,19621,12602,5115,7487,172,172,0,4436,3052,1384,1308,4447,6089,86.7232884308,train
al_51,258120,150906,4269,43373,12049,31324,52080,16277,35803,3522,1488,2034,10350,3165,7185,18400,6577,11823,18912,15218,91996,58.4635053464,train
il_78,25526,22012,230,5097,1471,3626,11092,3987,7105,1261,339,922,419,363,56,2375,871,1504,1538,1237,2277,86.2336441276,train
ca_176,20006,17115,79,4193,1489,2704,9812,5589,4223,844,222,622,171,0,171,1604,825,779,412,368,2523,85.5493351994,train
ga_92,40518,25787,103,9817,2731,7086,9944,4401,5543,45,0,45,901,278,623,2551,882,1669,2426,1102,13629,63.6433190187,train
nj_106,38936,35143,212,2141,542,1599,20677,7776,12901,8624,4283,4341,85,0,85,2781,1440,1341,623,1429,2364,90.2583727142,train
ct_28,29237,24113,255,7051,2914,4137,12633,5595,7038,830,375,455,547,91,456,1923,1044,879,874,563,4561,82.4742620652,train
tx_277,51089,39551,244,6082,2078,4004,16677,5800,10877,2654,1141,1513,927,217,710,4664,2452,2212,8303,1518,10020,77.4158820881,train
il_126,252437,218601,1925,45516,20251,25265,117961,60028,57933,9538,4768,4770,8513,2808,5705,21007,11546,9461,14141,6279,27557,86.5962596608,train
tx_278,38926,19268,581,3847,1097,2750,8576,2639,5937,430,327,103,441,47,394,2718,1494,1224,2675,3405,16253,49.4990494785,train
il_62,37236,33563,259,6412,3508,2904,20018,10767,9251,1583,1293,290,557,246,311,3135,1994,1141,1599,617,3056,90.1358899989,train
oh_195,93165,57902,908,7156,2532,4624,33995,13242,20753,1425,271,1154,908,360,548,8523,4164,4359,4987,6534,28729,62.1499490152,train
wa_128,21548,18169,221,6156,2515,3641,7448,3723,3725,257,17,240,757,261,496,2119,1220,899,1211,422,2957,84.3187302766,train
nc_87,268850,176162,2785,46446,16427,30019,84408,34101,50307,1441,653,788,4026,1308,2718,23445,11209,12236,13611,11750,80938,65.5242700391,train
tx_413,66765,45729,282,10874,2781,8093,25052,8410,16642,400,236,164,1750,398,1352,4167,2379,1788,3204,3229,17807,68.4924736014,train
ca_552,53836,42913,94,6959,1873,5086,17425,6196,11229,5948,1513,4435,2474,677,1797,5687,2912,2775,4326,1557,9366,79.7106025708,train
fl_38,73931,59543,329,6645,1508,5137,42782,12564,30218,299,109,190,1151,224,927,4724,1751,2973,3613,2681,11707,80.5386103258,train
nj_32,24450,12824,151,1653,303,1350,7813,1464,6349,487,48,439,405,117,288,1734,766,968,581,5942,5684,52.4498977505,train
ca_259,261333,214308,2833,49063,19572,29491,89460,42724,46736,14061,7100,6961,9358,3647,5711,33017,21180,11837,16516,8443,38582,82.005716844,train
mi_34,493007,403148,3848,57358,21703,35655,266022,111039,154983,11491,5039,6452,5090,1639,3451,37530,20176,17354,21809,18151,71708,81.7732811096,train
mt_25,81462,59678,1671,19555,3905,15650,19509,4980,14529,1044,358,686,4205,1365,2840,6407,2594,3813,7287,3768,18016,73.2586973067,train
wa_130,40557,32162,156,4420,1762,2658,19572,9773,9799,1296,1147,149,715,242,473,3846,1614,2232,2157,1539,6856,79.300737234,train
wi_87,54422,40269,1067,11954,4496,7458,15644,6677,8967,386,116,270,2959,898,2061,3874,2020,1854,4385,1600,12553,73.9939730256,train
in_18,28343,20529,377,2573,602,1971,11638,6091,5547,461,237,224,475,134,341,3271,1542,1729,1734,977,6837,72.4305825071,train
tx_362,46404,42892,66,8593,4281,4312,25297,14640,10657,2459,1884,575,806,513,293,3135,2033,1102,2536,510,3002,92.4316869235,train
ca_481,32632,24153,662,4871,2223,2648,9884,3720,6164,1446,410,1036,746,168,578,4107,1672,2435,2437,1041,7438,74.0163030154,train
ca_402,39255,29208,387,6494,1636,4858,9115,2660,6455,6301,1859,4442,782,393,389,4532,1353,3179,1597,2795,7252,74.4058081773,train
pa_79,270650,223237,2449,30322,9525,20797,112060,47701,64359,44976,22054,22922,2712,1459,1253,24499,13856,10643,6219,7923,39490,82.4818030667,train
ma_94,44491,39534,0,2643,712,1931,17486,7443,10043,12882,5560,7322,72,0,72,5574,3230,2344,877,1209,3748,88.8584208042,train
sc_26,104608,77278,970,16873,6409,10464,35393,14513,20880,2906,1318,1588,2004,677,1327,14267,8848,5419,4865,4320,23010,73.8738910982,train
ky_10,225899,148299,3202,52842,18022,34820,48280,18167,30113,2822,1207,1615,8402,2104,6298,18694,8309,10385,14057,9719,67881,65.6483649773,train
fl_21,23827,15098,368,3898,2033,1865,6078,2864,3214,141,0,141,857,340,517,1496,690,806,2260,2610,6119,63.3650900239,train
ga_56,35066,29309,82,6457,3444,3013,15298,6740,8558,1586,1040,546,580,328,252,3969,2203,1766,1337,1395,4362,83.5823874979,train
me_33,46791,34091,310,5505,1852,3653,23846,9735,14111,218,73,145,186,113,73,2187,1033,1154,1839,3319,9381,72.8580282533,train
pa_128,54473,40014,985,15254,5612,9642,16491,7126,9365,292,67,225,453,125,328,4062,1698,2364,2477,1615,12844,73.4565748169,train
az_67,43559,40525,96,7724,3947,3777,25417,11393,14024,266,77,189,1613,726,887,3676,2831,845,1733,1082,1952,93.034734498,train
nj_39,34139,30241,130,2767,1230,1537,23701,13462,10239,686,270,416,90,48,42,1611,853,758,1256,202,3696,88.5819736958,train
tn_104,33867,25045,160,7432,2438,4994,9449,3684,5765,980,592,388,774,201,573,3242,1864,1378,3008,2751,6071,73.9510437889,train
in_21,26072,20544,0,3996,1137,2859,8524,2921,5603,2897,975,1922,1489,377,1112,2804,1753,1051,834,1290,4238,78.7971770482,train
wi_83,64214,43719,2129,15043,3416,11627,11687,3468,8219,1261,296,965,2928,916,2012,4709,1801,2908,5962,2843,17652,68.0832840191,train
wi_112,48178,35368,560,6649,1751,4898,21381,7688,13693,1033,744,289,686,122,564,2804,1117,1687,2255,1611,11199,73.4111005023,train
mi_17,28364,22505,522,5341,1337,4004,9973,2907,7066,538,157,381,1124,334,790,1458,1049,409,3549,844,5015,79.3435340573,train
tx_450,36627,29681,317,6388,3124,3264,13444,6211,7233,2236,1267,969,480,130,350,4222,2382,1840,2594,1103,5843,81.0358478718,train
mo_113,39787,33928,228,8295,4249,4046,18589,8771,9818,1063,490,573,1022,633,389,2938,1988,950,1793,736,5123,85.2740845,train
mn_32,30294,26786,460,5495,1913,3582,15772,8018,7754,316,127,189,536,286,250,3466,1898,1568,741,653,2855,88.4201492045,train
ny_11,150331,106802,2426,25906,5027,20879,51147,12886,38261,1788,313,1475,7015,1491,5524,10971,4178,6793,7549,5165,38364,71.0445616673,train
ks_31,54304,36912,740,8480,2390,6090,20089,6197,13892,1118,344,774,422,122,300,3407,1522,1885,2656,2981,14411,67.9728933412,train
mt_35,30527,22432,559,3747,870,2877,12063,4199,7864,476,124,352,955,79,876,1586,628,958,3046,726,7369,73.4824909097,train
tx_46,52655,40576,220,5770,2990,2780,21302,10300,11002,1468,884,584,1968,738,1230,5903,4035,1868,3945,4062,8017,77.0601082518,train
pr_71,44745,18617,429,4696,870,3826,6141,1055,5086,0,0,0,712,295,417,1700,126,1574,4939,777,25351,41.6068834507,train
az_62,37893,33895,338,7153,2781,4372,19087,8865,10222,904,528,376,332,67,265,4231,2466,1765,1850,1344,2654,89.4492386457,train
tx_68,75280,53087,362,12416,3453,8963,29429,9938,19491,526,362,164,2031,594,1437,4838,2754,2084,3485,3711,18482,70.5193942614,train
ca_199,1320167,984069,11149,255904,98332,157572,494330,203847,290483,38184,18350,19834,16249,6115,10134,118004,64021,53983,50249,49081,287017,74.5412512205,train
tx_477,93685,83835,459,14183,5735,8448,43349,19051,24298,5783,2123,3660,872,687,185,10259,6571,3688,8930,2674,7176,89.4860436569,train
ca_451,39593,34901,327,3236,1416,1820,7948,2680,5268,15462,5738,9724,1491,113,1378,5514,3094,2420,923,942,3750,88.1494203521,train
nm_47,33221,19727,243,6723,3906,2817,5111,2680,2431,198,198,0,1893,1322,571,2477,1514,963,3082,848,12646,59.3811143554,train
pr_83,40626,16573,73,3250,718,2532,7700,2292,5408,0,0,0,1371,0,1371,885,202,683,3294,1276,22777,40.7940727613,train
tx_449,60376,43818,530,4611,1493,3118,13425,4791,8634,9849,3955,5894,664,251,413,11347,4578,6769,3392,2449,14109,72.5751954419,train
in_155,39311,26137,518,7767,2225,5542,11277,3649,7628,699,165,534,931,201,730,2672,1358,1314,2273,849,12325,66.4877515199,train
fl_25,69373,51980,527,7704,1724,5980,36138,10203,25935,312,199,113,1250,416,834,4808,1790,3018,1241,1905,15488,74.9282862209,train
ma_46,32432,29485,111,1330,654,676,13705,7308,6397,8072,4400,3672,42,0,42,4899,3831,1068,1326,624,2323,90.9132955106,train
ga_81,241413,147649,2263,43645,13191,30454,61435,20031,41404,4655,1651,3004,4619,1119,3500,21762,9317,12445,9270,16109,77655,61.1603351932,train
tn_80,58466,39497,660,8065,2784,5281,19618,7164,12454,496,186,310,2540,979,1561,3904,1956,1948,4214,2359,16610,67.5555023432,train
mi_167,44842,30500,331,3119,989,2130,22193,6411,15782,596,199,397,428,138,290,2510,698,1812,1323,4150,10192,68.0165915882,train
wi_96,75820,57328,938,10527,4620,5907,33308,15163,18145,3027,1498,1529,574,43,531,5183,2558,2625,3771,2307,16185,75.6106568188,train
md_58,46450,37349,182,2311,763,1548,16882,7102,9780,10413,4322,6091,117,0,117,6163,3999,2164,1281,1131,7970,80.4068891281,train
nc_178,29255,17396,664,4771,1599,3172,8933,2452,6481,186,59,127,655,93,562,1262,540,722,925,714,11145,59.4633396001,train
ma_92,39877,31329,77,2207,1493,714,13633,7240,6393,9428,5912,3516,448,180,268,2680,1335,1345,2856,1545,7003,78.56408456,train
ar_11,229165,120960,4550,49622,12228,37394,21141,7654,13487,2451,1069,1382,10857,3256,7601,14766,6043,8723,17573,12353,95852,52.7829293304,train
nc_141,60068,53325,298,8395,3727,4668,32087,14384,17703,2989,2086,903,710,277,433,5859,4548,1311,2987,1371,5372,88.7743890258,train
wi_84,60007,45049,962,8457,2597,5860,23964,7045,16919,1410,776,634,2013,772,1241,3728,2179,1549,4515,1982,12976,75.0729081607,train
ut_28,29414,19176,267,4415,1518,2897,9001,3110,5891,412,198,214,955,306,649,1601,899,702,2525,1117,9121,65.1934452982,train
wi_63,278988,204046,4135,59073,18641,40432,82807,25116,57691,7334,2156,5178,11019,3368,7651,25860,9165,16695,13818,9673,65269,73.1379127418,train
tx_38,223367,122847,2983,21837,5466,16371,47902,17379,30523,2711,418,2293,8602,1995,6607,17827,8575,9252,20985,10276,90244,54.9978286855,train
mo_114,25448,17359,146,6516,2460,4056,5399,2671,2728,924,560,364,384,0,384,2288,980,1308,1702,1101,6988,68.2136120717,train
ga_33,31502,22816,111,6848,2959,3889,9914,5741,4173,433,86,347,88,0,88,2369,1140,1229,3053,1366,7320,72.4271474827,train
az_42,99860,88739,438,10995,4669,6326,61436,27756,33680,1246,339,907,1693,863,830,9017,5696,3321,3914,3221,7900,88.8634087723,train
ny_41,41299,27624,337,3655,967,2688,16774,5027,11747,1733,615,1118,1559,423,1136,2139,786,1353,1427,1460,12215,66.887818107,train
il_146,82761,65129,903,11631,4363,7268,33088,14136,18952,1084,504,580,3286,1416,1870,9326,4744,4582,5811,3685,13947,78.6952791774,train
wa_148,22124,13854,282,2526,1076,1450,5591,1948,3643,296,56,240,1325,427,898,2095,1011,1084,1739,2412,5858,62.6197794251,train
sc_84,148013,106139,987,16939,7021,9918,65248,26366,38882,3553,1528,2025,1901,1173,728,11529,5630,5899,5982,8514,33360,71.7092417558,train
co_20,123877,102541,1266,26352,10413,15939,47887,20567,27320,1330,514,816,6003,2441,3562,11973,7451,4522,7730,6244,15092,82.7764637503,train
md_92,65614,47448,945,8440,2616,5824,26929,9252,17677,464,354,110,1406,510,896,4673,2626,2047,4591,3517,14649,72.3138354619,train
tx_438,65814,61132,279,12306,5737,6569,27271,13307,13964,9135,4165,4970,1311,560,751,8026,3809,4217,2804,1346,3336,92.8860120947,train
ny_81,41881,29654,482,4160,446,3714,22570,6544,16026,497,80,417,151,0,151,1026,173,853,768,2748,9479,70.80537714,train
ca_141,25482,19022,212,3982,1222,2760,9878,1452,8426,1276,202,1074,728,145,583,1460,624,836,1486,1936,4524,74.648771682,train
de_17,49435,41508,357,1503,532,971,13683,5442,8241,18807,5109,13698,447,97,350,5211,2808,2403,1500,1184,6743,83.9648022656,train
pr_66,50524,20110,681,3388,757,2631,9832,2372,7460,112,28,84,774,267,507,1728,830,898,3595,1227,29187,39.8028659647,train
mo_35,30119,19400,142,5152,1485,3667,7427,3823,3604,823,226,597,1340,110,1230,2234,992,1242,2282,1418,9301,64.4111690295,train
ut_44,50889,39633,304,9742,4666,5076,23067,12149,10918,362,133,229,700,171,529,3432,1816,1616,2026,3822,7434,77.8812710016,train
nd_12,150803,104002,1801,28577,10679,17898,24309,10033,14276,15306,6062,9244,3142,1338,1804,23180,12322,10858,7687,9380,37421,68.9654715092,train
tx_346,33857,26411,36,6465,3441,3024,10989,5961,5028,1405,1090,315,891,494,397,5474,4378,1096,1151,366,7080,78.0075021414,train
tx_238,43193,34575,369,7328,2238,5090,12596,4444,8152,5945,1324,4621,280,83,197,5740,2549,3191,2317,1222,7396,80.0476929132,train
ny_55,47392,38507,327,2737,858,1879,19472,8718,10754,10835,4586,6249,481,111,370,3939,1668,2271,716,766,8119,81.2521100608,train
ia_31,82095,59139,922,16821,7094,9727,27665,12755,14910,626,125,501,1170,699,471,4755,2600,2155,7180,3538,19418,72.03727389,train
id_31,38163,32522,279,10114,4301,5813,12774,5243,7531,969,57,912,1385,171,1214,3821,1768,2053,3180,2053,3588,85.2186672955,train
in_93,58308,37696,931,13185,4698,8487,10897,4605,6292,1301,721,580,3195,1106,2089,2695,1450,1245,5492,2494,18118,64.6497907663,train
sc_40,37024,23596,115,4017,1743,2274,16523,5149,11374,548,45,503,154,0,154,1588,878,710,651,1881,11547,63.731633535,train
ca_106,50583,36256,140,16375,1988,14387,12556,4036,8520,820,276,544,802,322,480,3660,1436,2224,1903,1275,13052,71.6762548682,train
mo_71,53816,38322,1689,13835,5673,8162,10482,5109,5373,1129,423,706,3551,1110,2441,3076,1603,1473,4560,2570,12924,71.2093057827,train
ga_88,43964,34711,108,5981,2706,3275,21612,7414,14198,633,252,381,440,290,150,3662,1440,2222,2275,986,8267,78.9532344646,train
tx_486,45387,34205,227,8416,4864,3552,15127,8806,6321,379,278,101,1939,792,1147,2916,1472,1444,5201,1925,9257,75.3629894023,train
va_119,38924,36716,86,3188,1525,1663,17560,9934,7626,9729,5471,4258,519,239,280,4555,3051,1504,1079,589,1619,94.3274072552,train
nc_42,52337,33376,804,10884,2805,8079,13945,4524,9421,783,510,273,725,151,574,3573,1411,2162,2662,2043,16918,63.7713281235,valid
ga_85,39586,29793,875,10239,2775,7464,11900,3533,8367,262,141,121,567,41,526,3299,1722,1577,2651,2038,7755,75.2614560703,valid
nc_197,39570,29858,143,5791,1956,3835,15820,6258,9562,636,400,236,383,226,157,3139,1974,1165,3946,1787,7925,75.4561536518,valid
ga_86,47434,29510,204,10747,4023,6724,9357,2603,6754,1587,692,895,554,211,343,4963,2412,2551,2098,4403,13521,62.2127587806,valid
ca_528,40929,35369,445,6823,4183,2640,20600,11801,8799,1137,550,587,682,248,434,4049,3108,941,1633,676,4884,86.4155000122,valid
wa_62,267873,216408,2647,33719,14161,19558,116293,58242,58051,14000,7560,6440,6129,2370,3759,28871,15169,13702,14749,9320,42145,80.7875373778,valid
al_38,74111,45296,670,12389,4380,8009,19687,6523,13164,1789,1071,718,788,216,572,7082,3195,3887,2891,4021,24794,61.1191321126,valid
sc_67,71918,43632,1284,12881,1942,10939,20227,3358,16869,1383,347,1036,1237,280,957,4638,2075,2563,1982,3965,24321,60.6690953586,valid
mo_91,42753,27451,101,6060,1597,4463,13419,4590,8829,1797,891,906,417,155,262,2618,1003,1615,3039,1199,14103,64.2083596473,valid
pa_183,40468,28165,625,8028,1923,6105,13158,4445,8713,128,86,42,827,234,593,2641,1371,1270,2758,1473,10830,69.5982010477,valid
ok_66,37560,31302,142,5770,2693,3077,20020,10620,9400,137,73,64,655,375,280,2169,1446,723,2409,1211,5047,83.338658147,valid
wv_40,30875,21674,99,2621,970,1651,14462,6685,7777,50,50,0,487,352,135,1550,726,824,2405,576,8625,70.1991902834,valid
ca_344,48507,29625,676,6943,2435,4508,10870,3473,7397,1142,655,487,811,328,483,6838,2810,4028,2345,3639,15243,61.0736594718,valid
ut_18,79829,61501,945,16816,6314,10502,26238,9713,16525,1483,766,717,5157,1978,3179,4830,2939,1891,6032,2694,15634,77.0409249771,valid
nm_20,37847,19658,965,5734,2248,3486,5302,1347,3955,546,254,292,1249,561,688,3532,1598,1934,2330,1800,16389,51.9407086427,valid
ar_49,73334,51607,591,20057,5928,14129,17655,7929,9726,3703,1842,1861,1059,558,501,5760,2868,2892,2782,4175,17552,70.3725420678,valid
pa_104,59090,40008,1381,11578,3403,8175,18406,6153,12253,142,24,118,1725,539,1186,4043,2068,1975,2733,2697,16385,67.7068877983,valid
al_44,79539,57939,854,9300,3933,5367,37412,19226,18186,699,345,354,540,207,333,5984,2749,3235,3150,3198,18402,72.8435107306,valid
ok_54,48842,33951,173,5345,2674,2671,19230,9693,9537,1354,832,522,417,192,225,2992,1624,1368,4440,2771,12120,69.5118954998,valid
tn_94,60120,50413,170,6874,3555,3319,33832,19332,14500,1954,1097,857,667,322,345,4727,2818,1909,2189,1753,7954,83.8539587492,valid
la_57,43807,24230,505,8436,2425,6011,5297,1867,3430,476,66,410,2971,670,2301,3301,1914,1387,3244,786,18791,55.3107950784,valid
tx_308,26832,12602,329,4390,620,3770,3845,591,3254,93,41,52,539,226,313,947,336,611,2459,1693,12537,46.9663088849,valid
ky_49,42955,29012,803,9541,3038,6503,9203,3585,5618,461,155,306,2557,834,1723,2932,1191,1741,3515,1548,12395,67.5404493074,valid
nm_31,245274,154886,2779,48742,20760,27982,50311,19624,30687,2357,1133,1224,11262,4922,6340,19566,9986,9580,19869,10910,79478,63.1481526782,valid
ga_87,59784,41819,275,6656,2813,3843,24138,11680,12458,208,29,179,883,594,289,3953,1807,2146,5706,2858,15107,69.9501538873,valid
ny_84,24180,16842,151,969,328,641,4123,1438,2685,3630,757,2873,404,48,356,6817,4743,2074,748,1481,5857,69.6526054591,valid
ga_174,37885,33286,129,10130,3869,6261,14416,7181,7235,2139,977,1162,908,589,319,4366,2787,1579,1198,676,3923,87.8606308565,valid
oh_26,62236,48965,1020,11964,5656,6308,25139,12343,12796,1541,913,628,1021,519,502,4008,2519,1489,4272,2682,10589,78.6763288129,valid
va_102,54509,46672,67,4454,1822,2632,22123,11112,11011,9600,5675,3925,907,425,482,7083,3995,3088,2438,1415,6422,85.6225577428,valid
ga_30,33099,21770,368,5929,3285,2644,8449,4791,3658,534,209,325,632,472,160,2072,1179,893,3786,1100,10229,65.7723798302,valid
wi_30,47295,35933,713,6780,2699,4081,19360,8188,11172,1251,511,740,1932,625,1307,2573,1358,1215,3324,1756,9606,75.9763188498,valid
va_73,282435,226579,3308,22844,8547,14297,92864,38117,54747,55314,23394,31920,8374,4175,4199,25748,13118,12630,18127,10188,45668,80.2234142369,valid
ny_258,87775,62210,507,4638,1298,3340,35399,13845,21554,12546,6261,6285,187,64,123,7115,2622,4493,1818,2477,23088,70.8743947593,valid
nc_108,40515,33972,176,6041,2454,3587,22664,9536,13128,780,188,592,432,339,93,2630,1366,1264,1249,2092,4451,83.8504257682,valid
mi_26,32998,24333,1130,3260,1098,2162,10980,3315,7665,194,36,158,3130,688,2442,1535,845,690,4104,1337,7328,73.7408327777,valid
fl_110,40851,26402,336,5206,1634,3572,15985,4612,11373,385,122,263,518,421,97,3066,1559,1507,906,2739,11710,64.6299968177,valid
az_29,23549,21726,86,2745,1326,1419,14247,3647,10600,198,0,198,1461,543,918,1858,888,970,1131,283,1540,92.2586946367,valid
ok_23,27553,20538,202,6810,3076,3734,8260,4297,3963,284,138,146,1514,535,979,1528,784,744,1940,989,6026,74.5399774979,valid
tx_61,32512,21816,394,3371,947,2424,10534,2839,7695,418,138,280,2128,608,1520,2472,1273,1199,2499,1411,9285,67.1013779528,valid
sc_49,260112,172265,2716,39303,9034,30269,87980,34994,52986,2149,846,1303,5614,1619,3995,20920,10883,10037,13583,14736,73111,66.2272405733,valid
fl_22,333859,250063,2572,50701,19639,31062,134180,63851,70329,7778,3928,3850,4340,1440,2900,31403,14192,17211,19089,14482,69314,74.9007814676,valid
ny_10,299631,213287,5273,46178,12707,33471,101979,32262,69717,4578,1400,3178,15169,4283,10886,21541,9104,12437,18569,13162,73182,71.1832220298,valid
co_72,43407,30057,1019,6636,1625,5011,16841,4956,11885,372,100,272,443,162,281,1930,1110,820,2816,3257,10093,69.2445918861,valid
ms_48,62010,41159,1352,11326,3170,8156,15036,4338,10698,159,93,66,2114,473,1641,3542,1875,1667,7630,5526,15325,66.3747782616,valid
tx_26,51962,39217,87,5014,2339,2675,17498,9603,7895,440,99,341,1858,860,998,3686,2697,989,10634,1596,11149,75.4724606443,valid
wa_153,298507,249947,1855,39661,20667,18994,157745,86645,71100,5187,2521,2666,4547,2789,1758,24213,17725,6488,16739,12054,36506,83.7323747852,valid
oh_98,58716,40102,270,4716,1273,3443,27187,10739,16448,1014,352,662,463,145,318,4185,1958,2227,2267,2386,16228,68.2982491995,valid
sc_13,62984,42928,1090,12491,3635,8856,16973,7645,9328,82,0,82,1168,257,911,6266,3111,3155,4858,2289,17767,68.156992252,valid
sc_34,54364,41162,505,5799,2948,2851,25060,12067,12993,1991,954,1037,538,471,67,4397,2574,1823,2872,3518,9684,75.7155470532,valid
tx_441,25835,22671,171,4226,1647,2579,11112,5513,5599,140,56,84,1547,1068,479,3838,2582,1256,1637,896,2268,87.7530481904,valid
nj_114,33879,30673,54,1500,1058,442,23193,10697,12496,3132,1656,1476,303,259,44,2446,1237,1209,45,1193,2013,90.5369107707,valid
ma_60,32432,29485,111,1330,654,676,13705,7308,6397,8072,4400,3672,42,0,42,4899,3831,1068,1326,624,2323,90.9132955106,valid
co_55,48454,37160,431,9966,3491,6475,14468,4970,9498,293,120,173,2737,1123,1614,4981,2503,2478,4284,3841,7453,76.6912948363,valid
az_103,69744,46424,1753,14464,6750,7714,15992,4655,11337,188,153,35,4109,184,3925,6341,2408,3933,3577,2548,20772,66.5634319798,valid
mn_13,124047,102845,1596,29672,12313,17359,51557,23821,27736,1867,728,1139,2328,750,1578,9198,5447,3751,6627,3778,17424,82.908091288,valid
tx_158,254626,172762,5485,47799,20993,26806,60333,27137,33196,2337,790,1547,17322,5093,12229,15253,6626,8627,24233,9647,72217,67.8493162521,valid
va_107,78704,56727,344,9180,3236,5944,33608,13572,20036,1210,772,438,606,475,131,4216,2006,2210,7563,3712,18265,72.0763874771,valid
ca_124,63130,50527,592,6415,2602,3813,32507,12721,19786,1207,519,688,1239,45,1194,6587,2589,3998,1980,2230,10373,80.0364327578,valid
tx_485,22661,17725,559,3083,735,2348,6590,3623,2967,2275,1443,832,703,82,621,3656,972,2684,859,1120,3816,78.2180839327,valid
va_16,27955,19597,590,5791,2001,3790,4531,1603,2928,356,162,194,2477,1122,1355,2418,1396,1022,3434,1519,6839,70.1019495618,valid
il_73,30752,23848,232,5273,2003,3270,13787,5396,8391,227,42,185,242,183,59,2868,1641,1227,1219,1663,5241,77.5494276795,valid
sc_15,65306,52037,387,11647,2434,9213,28510,9809,18701,974,365,609,1364,676,688,6792,3633,3159,2363,3314,9955,79.6818056534,valid
nj_101,38992,34254,239,2124,816,1308,24893,12386,12507,2752,1431,1321,100,70,30,3458,1601,1857,688,686,4052,87.8487894953,valid
pa_165,53517,37809,364,3232,1096,2136,20766,4768,15998,6487,1779,4708,468,47,421,4152,2094,2058,2340,2242,13466,70.6485789562,valid
pa_185,45582,32779,445,5153,1088,4065,19962,6992,12970,1460,583,877,683,272,411,3430,1317,2113,1646,2243,10560,71.9121583081,valid
mn_40,26155,23053,185,4607,1570,3037,14365,7423,6942,460,171,289,780,378,402,1797,815,982,859,787,2315,88.1399350029,valid
tx_53,49024,39049,412,9217,3262,5955,21175,7769,13406,674,381,293,1898,784,1114,4211,2228,1983,1462,2991,6984,79.652823107,valid
ga_70,258808,185205,3609,49005,15520,33485,85612,34000,51612,3770,1234,2536,5488,2093,3395,20237,8988,11249,17484,13492,60111,71.560770919,valid
mo_62,301393,200463,4897,68675,21723,46952,67928,25214,42714,9502,4038,5464,11510,4250,7260,20917,11040,9877,17034,23372,77558,66.5121618618,valid
il_235,61889,50450,285,8963,4025,4938,31516,17734,13782,2106,1744,362,740,316,424,4704,2583,2121,2136,2384,9055,81.5169093054,valid
sc_90,28400,18425,477,4836,1274,3562,8230,2838,5392,647,405,242,384,86,298,3006,2294,712,845,1649,8326,64.8767605634,valid
ca_266,321110,264008,2222,71720,33772,37948,139796,81666,58130,7601,5220,2381,4385,2249,2136,26158,16194,9964,12126,9348,47754,82.2173087104,valid
mi_158,57640,42048,483,4519,1817,2702,31157,11362,19795,831,477,354,592,333,259,2724,1014,1710,1742,2380,13212,72.9493407356,valid
wi_109,38682,30125,136,6284,1513,4771,17232,5564,11668,1057,542,515,836,307,529,3563,1694,1869,1017,1480,7077,77.8785998656,valid
va_132,41447,37929,145,1710,766,944,12682,6638,6044,15547,9917,5630,383,244,139,6237,3025,3212,1225,1153,2365,91.5120515357,valid
pa_164,58170,46009,368,4755,825,3930,25065,7483,17582,7456,2745,4711,495,81,414,6045,2964,3081,1825,1785,10376,79.0940347258,valid
pa_29,110215,84950,995,11360,3521,7839,44117,18297,25820,13552,5318,8234,725,388,337,8672,4418,4254,5529,3707,21558,77.0766229642,valid
la_84,40907,26238,298,6799,1921,4878,10000,2516,7484,641,179,462,357,127,230,6856,1053,5803,1287,2064,12605,64.1406116313,valid
fl_89,107522,80143,624,6884,1898,4986,53750,17163,36587,5650,2823,2827,607,167,440,9061,4761,4300,3567,3546,23833,74.5363739514,valid
va_96,47961,36534,359,13674,3553,10121,16053,6335,9718,896,349,547,1141,300,841,3334,1397,1937,1077,2649,8778,76.1743916933,valid
nj_67,266632,209826,1635,15488,6614,8874,121997,55202,66795,37232,18512,18720,1511,853,658,24232,14281,9951,7731,8068,48738,78.6949803474,valid
in_76,270169,182227,4608,47532,17198,30334,74296,27571,46725,6927,2869,4058,10953,3084,7869,20337,8079,12258,17574,10973,76969,67.4492632389,valid
tx_399,28185,12248,309,2099,541,1558,3968,1260,2708,118,118,0,567,0,567,1288,501,787,3899,1496,14441,43.4557388682,valid
nc_29,199607,145454,2196,27251,8359,18892,82284,31817,50467,5390,3094,2296,1346,433,913,14064,8840,5224,12923,10315,43838,72.8701899232,valid
co_105,75591,65564,835,16538,7001,9537,33427,15678,17749,986,394,592,3266,1318,1948,7073,4947,2126,3439,2403,7624,86.7351933431,valid
ok_36,286269,203814,3646,48213,18461,29752,89468,36285,53183,7339,3547,3792,11614,4215,7399,23118,14035,9083,20416,15863,66592,71.196671662,valid
oh_17,54372,38037,439,7398,2335,5063,21103,8690,12413,868,540,328,951,166,785,3749,2089,1660,3529,2890,13445,69.9569631428,valid
ar_27,77116,54882,689,21472,6429,15043,18247,8168,10079,4139,2089,2050,1018,558,460,6391,3340,3051,2926,4246,17988,71.1681103792,valid
nv_26,90507,68906,907,17107,7499,9608,24780,9827,14953,3210,1874,1336,913,413,500,18333,10709,7624,3656,3924,17677,76.1333377529,valid
ca_229,43572,38578,682,6081,2574,3507,22641,11111,11530,1529,987,542,953,306,647,5750,4012,1738,942,992,4002,88.5385109703,valid
nm_12,243743,143766,3242,48387,15998,32389,40769,15348,25421,3949,1757,2192,10375,2963,7412,17597,8073,9524,19447,10221,89756,58.9826169367,valid
il_34,26724,17885,572,7941,2566,5375,4175,1852,2323,268,220,48,1416,303,1113,1425,717,708,2088,397,8442,66.9248615477,valid
ma_64,284602,213287,3329,37173,11840,25333,136665,56036,80629,2587,1133,1454,3226,1325,1901,18099,8552,9547,12208,7482,63833,74.9421999845,valid
il_238,34580,30317,310,7910,2600,5310,16238,6897,9341,970,669,301,718,327,391,2901,1308,1593,1270,767,3496,87.6720647773,valid
nj_161,27746,22887,78,1448,455,993,13974,7923,6051,2952,1526,1426,49,0,49,3968,2677,1291,418,668,4191,82.4875657752,valid
ca_67,26047,21540,201,4677,1562,3115,9307,3936,5371,2255,1441,814,988,362,626,2708,1432,1276,1404,400,4107,82.6966637233,valid
il_165,46124,32977,97,6033,1435,4598,17772,4890,12882,990,342,648,1852,311,1541,3481,1598,1883,2752,1646,11501,71.496401006,valid
ga_57,44444,37696,142,7101,2584,4517,17985,8465,9520,1737,869,868,887,652,235,7976,4627,3349,1868,2102,4646,84.8168481685,valid
az_106,35478,23675,370,6198,1284,4914,10057,2528,7529,403,188,215,2370,803,1567,2891,1022,1869,1386,2281,9522,66.7314955747,valid
ca_133,26500,23737,46,3712,1950,1762,15925,8187,7738,760,345,415,124,124,0,2550,1047,1503,620,555,2208,89.5735849057,valid
fl_319,131890,96812,1010,8208,2937,5271,51198,19108,32090,19044,7555,11489,804,228,576,13861,8547,5314,2687,8878,26200,73.403593904,valid
mi_97,276177,182931,3271,28684,7903,20781,113850,36498,77352,4597,2026,2571,5882,1735,4147,14895,6395,8500,11752,13729,79517,66.2368698335,valid
ms_27,278788,161347,4030,49224,17477,31747,46708,17695,29013,2708,962,1746,13019,4521,8498,23804,10348,13456,21854,17367,100074,57.8744422285,valid
la_30,88748,59063,677,9833,3381,6452,31950,14810,17140,2800,1443,1357,1456,669,787,5528,3090,2438,6819,5318,24367,66.5513589039,valid
il_96,32314,27951,201,5902,3038,2864,17023,9642,7381,1009,646,363,179,139,40,2653,1515,1138,984,312,4051,86.4981122733,valid
wi_117,37247,30837,222,4490,1841,2649,19755,8985,10770,2370,1375,995,304,229,75,2191,1008,1183,1505,800,5610,82.7905603136,valid
ky_66,45559,37911,381,5472,2404,3068,18475,9972,8503,2737,1104,1633,1491,43,1448,7663,3493,4170,1692,1772,5876,83.2129765798,valid
sc_91,46460,37331,228,10045,4275,5770,15212,6773,8439,1078,406,672,1071,475,596,7095,4272,2823,2602,1541,7588,80.3508394318,valid
il_224,52562,44750,422,8723,3917,4806,27272,14326,12946,2094,1122,972,578,219,359,4011,2286,1725,1650,661,7151,85.1375518435,valid
nd_19,28761,21166,123,1537,483,1054,12443,5698,6745,574,156,418,241,35,206,5134,1550,3584,1114,1657,5938,73.5927123535,valid
ny_120,283672,199178,4088,37997,10683,27314,110151,36741,73410,2041,860,1181,10389,2879,7510,18910,9827,9083,15602,12082,72412,70.2141910375,valid
ga_183,33490,26790,406,8635,4034,4601,9320,4319,5001,3203,1947,1256,581,281,300,2636,1381,1255,2009,1861,4839,79.9940280681,valid
ar_13,82644,47787,344,8127,3467,4660,27294,11131,16163,1848,1211,637,2104,381,1723,4897,2407,2490,3173,19440,15417,57.8227094526,valid
ga_59,27032,19128,0,6878,442,6436,10455,3988,6467,0,0,0,118,0,118,788,222,566,889,1133,6771,70.7605800533,valid
me_19,28026,20338,182,3035,969,2066,14605,5769,8836,218,73,145,123,50,73,1241,421,820,934,1776,5912,72.5683294084,valid
id_32,43706,33431,432,11306,4556,6750,13490,5408,8082,1073,242,831,1722,636,1086,1905,910,995,3503,1279,8996,76.4906420171,valid
il_191,49227,40894,379,7057,2544,4513,27051,9168,17883,979,380,599,853,503,350,3478,1885,1593,1097,1196,7137,83.0722977228,valid
co_68,47916,39291,425,10926,4979,5947,20351,9299,11052,226,144,82,727,210,517,3929,2687,1242,2707,2290,6335,81.9997495617,valid
co_111,59871,49827,780,14385,4848,9537,24428,10501,13927,799,294,505,2686,586,2100,3962,2326,1636,2787,2295,7749,83.2239314526,valid
va_76,256373,228389,2347,17646,7644,10002,75659,37887,37772,85662,51515,34147,5419,2402,3017,28864,18280,10584,12792,8616,19368,89.0846540002,valid
wa_48,34018,26031,156,3377,1359,2018,15694,8111,7583,890,832,58,522,242,280,3241,1506,1735,2151,1395,6592,76.5212534541,valid
tx_428,19775,12781,88,1618,441,1177,6675,3148,3527,351,120,231,856,308,548,1328,897,431,1865,2364,4630,64.6321112516,valid
sc_36,28482,24528,23,2665,1035,1630,17390,6323,11067,1105,444,661,250,116,134,2376,1284,1092,719,1870,2084,86.117547925,valid
ct_66,75029,59837,642,11901,3197,8704,36410,13089,23321,1803,963,840,298,13,285,6705,3404,3301,2078,2553,12639,79.7518292927,valid
tn_96,60782,42691,542,9287,3513,5774,16366,6357,10009,881,676,205,2678,890,1788,3079,1334,1745,9858,3594,14497,70.2362541542,valid
fl_11,116091,66556,2626,34809,8384,26425,7453,2543,4910,813,478,335,5912,1081,4831,8956,3254,5702,5987,5863,43672,57.3308869766,valid
ga_188,27129,20993,71,8722,3200,5522,8288,3180,5108,157,118,39,747,264,483,1895,872,1023,1113,1039,5097,77.3821371964,valid
ca_474,34044,25958,315,9096,3718,5378,8496,3776,4720,874,191,683,875,218,657,4239,2783,1456,2063,2300,5786,76.2483844437,valid
nc_172,67573,49288,785,9526,2647,6879,27636,8164,19472,721,105,616,2077,124,1953,3961,2466,1495,4582,3212,15073,72.9403755938,valid
in_126,47119,34133,746,7196,1949,5247,13798,5001,8797,2215,909,1306,1095,264,831,6369,1527,4842,2714,856,12130,72.4399923598,valid
tx_240,40322,29675,94,7172,2848,4324,9457,3370,6087,4698,2315,2383,484,114,370,6359,2706,3653,1411,883,9764,73.5950597689,valid
ma_78,45305,39395,325,4737,1162,3575,19738,7427,12311,10378,4039,6339,329,112,217,3205,2060,1145,683,1279,4631,86.9550822205,valid
az_111,24664,15746,252,3061,789,2272,9501,3171,6330,121,41,80,128,0,128,900,410,490,1783,748,8170,63.842036977,valid
dc_14,76624,61939,537,10339,5316,5023,38817,22067,16750,2478,1168,1310,484,216,268,5625,2860,2765,3659,5604,9081,80.8349864272,valid
mi_119,59873,50274,690,9402,3794,5608,30114,14534,15580,1104,675,429,968,500,468,3653,2179,1474,4343,2340,7259,83.9677316988,valid
mi_102,273558,207053,4150,32773,11234,21539,115564,43147,72417,4914,2672,2242,11596,3549,8047,17401,8529,8872,20655,8872,57633,75.6888849897,valid
tx_300,39187,31073,1180,10327,3540,6787,11168,5127,6041,2507,679,1828,639,182,457,2437,1516,921,2815,2004,6110,79.2941536734,valid
ia_34,29123,21032,165,1719,466,1253,14060,5916,8144,250,147,103,251,159,92,3178,1743,1435,1409,464,7627,72.2178347011,valid
ca_455,48643,36818,355,6028,1799,4229,10223,3629,6594,12800,4692,8108,1026,376,650,4415,2319,2096,1971,1566,10259,75.6902329215,valid
pa_72,29758,16992,264,4309,1013,3296,8671,2597,6074,110,49,61,246,246,0,1468,1044,424,1924,1463,11303,57.1006116002,valid
oh_164,44205,31073,818,5326,2039,3287,16775,7888,8887,1077,431,646,778,100,678,4359,2565,1794,1940,2331,10801,70.2929532858,valid
pr_67,40874,19363,181,5219,2198,3021,7326,2437,4889,271,111,160,1981,1001,980,1939,1621,318,2446,1019,20492,47.3724127807,valid
ny_237,61523,44828,182,2250,430,1820,18833,3868,14965,16205,3874,12331,495,134,361,5488,2718,2770,1375,2664,14031,72.8638070315,valid
az_60,48412,43760,159,7620,2327,5293,27544,10275,17269,1330,389,941,1296,322,974,4531,2810,1721,1280,1028,3624,90.3908121953,valid
wa_99,41108,35079,379,4641,1749,2892,23731,12188,11543,375,220,155,856,364,492,3104,1811,1293,1993,1038,4991,85.3337549869,valid
fl_162,59840,42652,223,8646,2954,5692,23417,8749,14668,1246,416,830,601,165,436,5640,2844,2796,2879,3144,14044,71.2767379679,valid
fl_316,120523,90866,2258,17756,4128,13628,41922,13818,28104,1516,493,1023,2069,1011,1058,19877,6639,13238,5468,6509,23148,75.3930784995,valid
ia_47,87137,68276,936,12630,3660,8970,38016,14135,23881,2516,861,1655,919,131,788,7821,4458,3363,5438,3585,15276,78.3547746652,valid
md_108,36083,26660,791,5264,1421,3843,15920,5387,10533,513,213,300,822,110,712,2358,1331,1027,992,1220,8203,73.8852091012,valid
tx_79,476733,322168,2303,78021,33562,44459,109489,49119,60370,32477,13266,19211,5695,2966,2729,56807,29345,27462,37376,18925,135640,67.5782880564,valid
sc_61,62329,44574,557,11393,4792,6601,16099,7371,8728,1360,604,756,2242,643,1599,8749,5469,3280,4174,2027,15728,71.5140624749,valid
tx_357,47941,35251,236,4993,1908,3085,20827,8436,12391,1497,742,755,780,524,256,2873,1808,1065,4045,1573,11117,73.529963914,valid
ca_446,47894,40762,243,7338,3018,4320,17973,9208,8765,3977,2481,1496,690,253,437,7797,5338,2459,2744,1394,5738,85.1087818933,valid
al_100,63312,51099,285,17618,7432,10186,16539,8114,8425,4037,2694,1343,1148,264,884,7911,5009,2902,3561,3210,9003,80.709818044,valid
ga_10,238303,152535,2965,64978,18215,46763,36777,10905,25872,5029,1230,3799,8411,3355,5056,19708,9043,10665,14667,11460,74308,64.0088458811,valid
ut_23,26205,21064,354,6543,2738,3805,7267,2838,4429,493,123,370,1603,697,906,1827,1081,746,2977,1138,4003,80.3816065636,valid
id_20,28710,23007,422,8530,2015,6515,7637,3703,3934,1112,189,923,790,487,303,3373,945,2428,1143,2454,3249,80.1358411703,valid
wa_79,38764,27949,790,6745,1696,5049,11097,2625,8472,414,285,129,2744,611,2133,3625,2160,1465,2534,3044,7771,72.1004024352,valid
tx_285,55100,35031,1319,11450,5587,5863,3538,1576,1962,531,16,515,5755,2341,3414,3637,1301,2336,8801,3054,17015,63.5771324864,valid
fl_50,148259,128691,991,17502,5773,11729,88573,36292,52281,3182,1206,1976,840,640,200,12925,8107,4818,4678,3740,15828,86.8014757957,valid
md_68,44721,30923,527,7936,3117,4819,12497,4739,7758,807,354,453,931,462,469,4653,2552,2101,3572,2384,11414,69.1464859909,valid
va_150,34883,27299,245,9447,3018,6429,12350,3913,8437,1469,280,1189,512,138,374,1401,697,704,1875,799,6785,78.2587506808,valid
md_32,23932,20199,56,2765,1075,1690,9337,4247,5090,4374,1928,2446,105,50,55,2646,1290,1356,916,1563,2170,84.4016379743,valid
ca_217,47233,34201,327,7418,1353,6065,10858,3638,7220,9440,4082,5358,409,235,174,3978,2078,1900,1771,1009,12023,72.4091207419,valid
tx_334,34614,28829,0,7406,2734,4672,12497,5110,7387,1365,177,1188,683,53,630,5325,1375,3950,1553,1480,4305,83.2871092621,valid
pa_43,58496,46723,916,8986,3833,5153,30627,13435,17192,228,228,0,778,405,373,2942,1339,1603,2246,1770,10003,79.8738375274,valid
ks_58,58144,45478,629,7850,3059,4791,21807,9597,12210,3070,1025,2045,1556,521,1035,8399,5064,3335,2167,2040,10626,78.2161529994,valid
il_226,96421,79001,532,13299,4894,8405,52647,18444,34203,2227,701,1526,1646,891,755,6558,3671,2887,2092,1815,15605,81.9333962519,valid
ca_24,44549,29393,447,9800,2695,7105,10555,2202,8353,638,116,522,1164,376,788,2641,1779,862,4148,1671,13485,65.9790343218,valid
fl_193,43887,29820,235,1723,613,1110,15222,3929,11293,6349,2115,4234,279,195,84,4408,2655,1753,1604,1740,12327,67.9472281086,valid
co_50,265878,211901,3292,57727,24064,33663,84185,37940,46245,4488,1827,2661,18439,6457,11982,26991,17270,9721,16779,9348,44629,79.6985835609,valid
tn_126,25845,18956,458,5851,2319,3532,8415,4771,3644,166,166,0,325,266,59,1116,529,587,2625,775,6114,73.3449409944,valid
fl_219,32985,18400,211,5229,1097,4132,6451,2103,4348,265,114,151,269,114,155,4948,3372,1576,1027,1566,13019,55.7829316356,valid
de_19,77851,56541,1206,6764,1806,4958,33131,10711,22420,3685,1343,2342,1686,739,947,7371,2937,4434,2698,3250,18060,72.6271981092,valid
tx_364,60739,47237,75,5462,2307,3155,28953,13203,15750,991,452,539,2734,671,2063,5408,2449,2959,3614,4046,9456,77.7704604949,valid
ca_210,23370,19122,26,1814,1064,750,6275,3441,2834,6277,3756,2521,0,0,0,4285,2438,1847,445,824,3424,81.8228498074,valid
ca_125,47233,34201,327,7418,1353,6065,10858,3638,7220,9440,4082,5358,409,235,174,3978,2078,1900,1771,1009,12023,72.4091207419,valid
fl_123,253357,185685,3301,57832,19877,37955,79914,36788,43126,2702,1266,1436,8133,3392,4741,17884,8752,9132,15919,14059,53613,73.2898637101,valid
ga_162,31105,23348,489,9934,5043,4891,6036,2377,3659,863,430,433,787,129,658,2726,1612,1114,2513,1295,6462,75.0618871564,valid
ut_41,45114,33165,478,16665,6210,10455,5572,2004,3568,1025,802,223,1551,586,965,5494,2483,3011,2380,1683,10266,73.5137651283,valid
mo_49,72173,46907,522,13253,3956,9297,22228,8434,13794,3141,1191,1950,941,217,724,3932,1985,1947,2890,5588,19678,64.9924486997,valid
sd_22,72148,54502,1093,9680,4531,5149,29730,12091,17639,1843,754,1089,1668,589,1079,6290,3017,3273,4198,3167,14479,75.5419415646,valid
in_48,30765,22088,124,4938,1787,3151,10974,4681,6293,1582,855,727,302,85,217,2332,1302,1030,1836,2599,6078,71.7958719324,valid
wa_105,51040,41973,526,7340,3826,3514,24619,14124,10495,1069,531,538,622,546,76,3954,3197,757,3843,1240,7827,82.2355015674,valid
tx_340,52992,47183,242,6698,3113,3585,24464,11259,13205,2504,1283,1221,818,370,448,7923,4564,3359,4534,1273,4536,89.0379679952,valid
ma_52,43140,34674,171,3650,1188,2462,25692,12329,13363,907,475,432,350,277,73,2053,1250,803,1851,2843,5623,80.3755215577,valid
ca_155,38499,33783,316,5966,3387,2579,20089,11334,8755,1213,591,622,435,131,304,4260,3183,1077,1504,858,3858,87.7503311774,valid
ny_57,40633,28814,399,3856,1300,2556,18989,7068,11921,781,367,414,716,181,535,2803,1684,1119,1270,1519,10300,70.912804863,valid
pa_46,39428,26605,710,8547,2248,6299,13369,3350,10019,280,78,202,855,94,761,1372,615,757,1472,1376,11447,67.4774272091,valid
wa_23,97854,82793,1153,20161,8801,11360,45171,24887,20284,846,318,528,1425,358,1067,7853,4818,3035,6184,3176,11885,84.6087027613,valid
mn_73,36233,30211,816,9397,3325,6072,13905,5333,8572,721,185,536,668,111,557,2596,1403,1193,2108,1107,4915,83.3797919024,valid
ca_164,42958,36373,53,9162,4402,4760,16462,9021,7441,3002,1845,1157,546,80,466,5592,3434,2158,1556,478,6107,84.6710740723,valid
va_144,29643,21522,849,2171,786,1385,11884,4532,7352,647,49,598,1798,448,1350,2048,1145,903,2125,2040,6081,72.6039874507,valid
ca_290,254442,189525,3295,26891,6653,20238,86941,27832,59109,30102,8808,21294,4694,1115,3579,22069,10846,11223,15533,11446,53471,74.4865234513,valid
in_60,30144,15605,133,5451,626,4825,5660,1749,3911,436,0,436,696,158,538,1867,949,918,1362,2100,12439,51.7681794055,valid
il_65,44102,32785,638,7753,3681,4072,15241,9644,5597,485,343,142,192,100,92,2655,1635,1020,5821,800,10517,74.3390322434,valid
oh_137,42288,26894,368,6484,1327,5157,10146,2869,7277,601,394,207,2775,885,1890,1299,567,732,5221,1070,14324,63.5972379871,valid
ma_105,46986,28235,574,3771,1104,2667,17249,2574,14675,358,149,209,735,118,617,3453,1585,1868,2095,3338,15413,60.0923679394,valid
ak_10,103445,87801,797,13411,6361,7050,52516,27298,25218,440,226,214,2497,1198,1299,12645,8690,3955,5495,2365,13279,84.8769877713,valid
tx_206,40644,26397,1334,6831,3679,3152,5752,1372,4380,749,293,456,3655,1205,2450,3367,996,2371,4709,1410,12837,64.9468556244,valid
al_69,45054,25534,254,7461,2210,5251,10799,4491,6308,878,298,580,278,76,202,4651,1708,2943,1213,2914,16606,56.6742131664,valid
ny_87,86482,52175,444,7728,2706,5022,31685,11447,20238,483,200,283,1535,643,892,3672,1856,1816,6628,4859,29448,60.3304733933,valid
ca_569,45177,36795,289,10682,5639,5043,15808,7428,8380,856,729,127,789,428,361,6723,4051,2672,1648,1581,6801,81.446311176,valid
ny_103,268775,203254,1859,27947,5402,22545,118990,36256,82734,28924,10796,18128,1950,576,1374,18189,8290,9899,5395,5911,59610,75.6223607106,valid
ia_63,82598,59937,1117,16539,6753,9786,28514,12727,15787,637,220,417,1096,625,471,4606,2472,2134,7428,3435,19226,72.56471101,valid
ct_60,44104,34272,416,6959,2735,4224,20624,8524,12100,1008,392,616,338,93,245,2918,1382,1536,2009,1823,8009,77.7072374388,valid
sd_19,28684,21429,0,2185,1519,666,15056,6352,8704,606,451,155,325,128,197,1980,1055,925,1277,1254,6001,74.707153814,valid
fl_291,36014,29630,415,4619,1414,3205,20206,6868,13338,686,380,306,42,0,42,2031,1174,857,1631,725,5659,82.2735602821,valid
il_234,30887,26324,377,5211,2481,2730,15227,8347,6880,1151,563,588,372,210,162,2682,1532,1150,1304,1166,3397,85.2267944443,valid
wa_50,64090,51028,609,10159,4094,6065,29854,15604,14250,657,344,313,670,244,426,5391,3037,2354,3688,2258,10804,79.6192853799,valid
tx_33,48922,34401,645,4568,2127,2441,15673,4669,11004,2031,977,1054,1834,932,902,6063,3074,2989,3587,2777,11744,70.3180573157,valid
mi_81,29844,17953,157,2833,1124,1709,11283,4197,7086,314,141,173,200,82,118,2660,1454,1206,506,5987,5904,60.1561452888,valid
ny_243,51641,34205,143,2935,1892,1043,25133,6735,18398,1836,578,1258,204,57,147,2648,1030,1618,1306,1715,15721,66.2361302066,valid
ny_20,31862,23110,444,4018,1244,2774,13533,4497,9036,309,131,178,1205,442,763,2170,1129,1041,1431,1780,6972,72.5315422761,valid
wa_81,40832,30060,231,5718,2016,3702,15098,5889,9209,206,74,132,991,413,578,5807,2772,3035,2009,2870,7902,73.6187304075,valid
mi_10,344522,238612,7840,50827,15638,35189,101332,34982,66350,2739,934,1805,23295,6628,16667,22148,9651,12497,30431,18519,87391,69.2588571992,valid
nc_180,39133,27325,815,6499,1906,4593,12830,4461,8369,576,204,372,1364,42,1322,3462,1226,2236,1779,1561,10247,69.8259780748,valid
ky_54,45448,40291,57,5945,3002,2943,23769,11579,12190,1791,975,816,412,329,83,6557,4353,2204,1760,866,4291,88.6529660271,valid
va_67,266532,215875,2116,24161,8556,15605,98095,47112,50983,35139,17857,17282,8211,2973,5238,29847,15511,14336,18306,7442,43215,80.9940269836,valid
sc_30,145321,105982,808,16251,5352,10899,42069,18050,24019,5917,1364,4553,2245,1114,1131,31219,12834,18385,7473,6390,32949,72.9295834738,valid
mo_89,47704,30600,114,9003,4102,4901,8746,4551,4195,1641,670,971,547,270,277,5397,3985,1412,5152,4180,12924,64.1455643133,valid
mi_129,40647,19696,215,3211,833,2378,12187,2099,10088,441,55,386,600,0,600,2224,1143,1081,818,2033,18918,48.4562206313,valid
mi_49,29695,24628,218,2511,554,1957,18025,6802,11223,1005,718,287,128,128,0,2154,1215,939,587,1039,4028,82.9365212999,valid
hi_17,231882,185488,1083,26897,12880,14017,125247,62427,62820,3174,1932,1242,2005,1060,945,16848,10572,6276,10234,6771,39623,79.9924099326,valid
ct_42,32258,27686,92,1568,613,955,21462,7275,14187,1003,390,613,136,0,136,3049,1763,1286,376,449,4123,85.8267716535,valid
mt_20,28920,22031,88,5123,1287,3836,12781,2667,10114,367,209,158,337,145,192,1809,689,1120,1526,1230,5659,76.1791147994,valid
nj_66,27633,16256,444,987,160,827,6264,1716,4548,2652,1314,1338,133,133,0,3886,2257,1629,1890,1403,9974,58.8282126443,valid
mi_45,72284,50447,551,11622,4399,7223,28519,10118,18401,1586,605,981,631,348,283,4283,1933,2350,3255,4120,17717,69.7899950196,valid
oh_106,45886,37493,261,8121,3225,4896,20549,8374,12175,1724,738,986,231,63,168,4643,2094,2549,1964,1410,6983,81.7090180011,valid
id_42,28881,21438,431,6092,2379,3713,8844,2384,6460,411,268,143,1635,896,739,1478,723,755,2547,2051,5392,74.2287316921,valid
il_133,71176,47751,1320,17576,5917,11659,16405,7203,9202,1135,287,848,1738,556,1182,4521,1892,2629,5056,3813,19612,67.0886253793,valid
ne_28,43266,29748,848,6169,2395,3774,10107,2615,7492,2000,593,1407,3428,967,2461,3396,1605,1791,3800,1051,12467,68.7560671197,valid
pa_14,530213,398395,3993,49495,16620,32875,185921,70622,115299,90119,41899,48220,6322,2145,4177,43194,24071,19123,19351,19893,111925,75.1386706852,valid
tx_19,72072,51023,25,9537,4703,4834,28759,14745,14014,230,116,114,1798,1193,605,4775,2534,2241,5899,9155,11894,70.7944832945,valid
ia_12,530033,366285,8385,108333,33888,74445,118165,39598,78567,19534,6591,12943,24183,7278,16905,48237,21365,26872,39448,22580,141168,69.1060745274,valid
tx_480,24426,17209,84,1515,645,870,10796,4935,5861,301,124,177,263,119,144,2365,673,1692,1885,2634,4583,70.4536150004,valid
oh_25,34280,27148,322,9427,2681,6746,10794,3773,7021,627,380,247,479,224,255,3473,2103,1370,2026,1305,5827,79.194865811,valid
va_21,37791,30159,635,6394,2771,3623,14598,7304,7294,740,648,92,928,429,499,2952,1741,1211,3912,1231,6401,79.8047154084,valid
ny_228,44904,27874,275,3387,1341,2046,17399,5009,12390,1490,658,832,373,75,298,3559,1640,1919,1391,1487,15543,62.0746481383,valid
tx_375,31169,20549,289,3220,1851,1369,6950,2447,4503,707,395,312,1577,891,686,2088,1002,1086,5718,1249,9371,65.9276845584,valid
pa_62,40914,27293,380,6912,2646,4266,14433,5145,9288,183,157,26,265,206,59,2209,794,1415,2911,1404,12217,66.7082172362,valid
wv_15,82199,59350,504,9315,3798,5517,35467,15326,20141,1124,912,212,1626,610,1016,6483,2560,3923,4831,4099,18750,72.2028248519,valid
ca_100,26368,18724,28,1910,473,1437,9315,2695,6620,3288,1093,2195,176,0,176,1991,973,1018,2016,554,7090,71.010315534,valid
tx_27,52978,41010,812,14364,6494,7870,6478,2376,4102,3985,1699,2286,6584,2161,4423,3914,2525,1389,4873,2419,9549,77.409490732,valid
ca_255,271790,199797,5407,72641,22120,50521,60001,22663,37338,2804,1150,1654,17466,5526,11940,25858,11365,14493,15620,10994,60999,73.5115346407,valid
la_92,88453,67453,116,13612,2582,11030,30440,10434,20006,6606,2127,4479,1493,199,1294,12747,4293,8454,2439,5070,15930,76.2585780019,valid
ca_254,20950,14501,0,4191,1226,2965,6654,3626,3028,421,165,256,502,148,354,1668,835,833,1065,1587,4862,69.2171837709,valid
nc_109,41998,38049,456,4319,2107,2212,25870,13989,11881,1860,1114,746,470,40,430,3037,1933,1104,2037,892,3057,90.5971712939,valid
pa_45,112096,84694,1136,15647,4379,11268,51874,17019,34855,2395,696,1699,2099,679,1420,8629,4256,4373,2914,4405,22997,75.5548815301,valid
nh_38,45632,34607,468,3013,941,2072,25632,10767,14865,537,38,499,282,169,113,2843,1809,1034,1832,1335,9690,75.8393232819,valid
az_99,52095,26817,614,7676,3040,4636,6055,2492,3563,225,152,73,1598,480,1118,4617,1850,2767,6032,1294,23984,51.4771091276,valid
az_78,29948,15801,140,3092,503,2589,9293,1626,7667,24,24,0,252,72,180,1178,380,798,1822,3138,11009,52.7614531855,valid
ca_390,31087,17345,82,6363,2268,4095,4568,1234,3334,687,43,644,509,128,381,2447,1001,1446,2689,1354,12388,55.7950268601,valid
nc_133,48286,33261,322,9000,2727,6273,16113,4154,11959,761,432,329,730,282,448,4205,2397,1808,2130,2121,12904,68.883320217,valid
wi_29,32541,26614,275,9812,3315,6497,7186,3509,3677,1626,614,1012,976,337,639,3065,1477,1588,3674,1184,4743,81.7860545158,valid
tn_26,36836,24595,170,4296,1521,2775,9833,5440,4393,937,167,770,1934,406,1528,3748,2319,1429,3677,1853,10388,66.768921707,valid
tx_64,49809,36490,377,11320,3352,7968,11784,4488,7296,1246,523,723,1760,646,1114,4894,2973,1921,5109,2745,10574,73.2598526371,valid
de_12,27874,15464,347,2637,533,2104,9285,2809,6476,1011,127,884,306,135,171,1536,531,1005,342,1276,11134,55.478223434,valid
tn_42,68523,46343,264,6475,1416,5059,16490,5133,11357,16279,4956,11323,192,0,192,4543,2185,2358,2100,2572,19608,67.6313062767,valid
wy_12,35785,29049,429,7619,3463,4156,12188,5175,7013,1499,897,602,1517,653,864,1849,1132,717,3948,505,6231,81.1764705882,valid
or_14,150382,122246,1471,27179,12023,15156,62724,29918,32806,7124,4054,3070,2390,996,1394,12310,7037,5273,9048,7041,21095,81.2903140003,valid
il_134,44926,30102,1014,10733,1996,8737,9409,3116,6293,714,128,586,2310,759,1551,3582,1467,2115,2340,1561,13263,67.0035168944,valid
in_108,47020,43548,511,11341,4862,6479,20882,9893,10989,5175,2047,3128,574,116,458,3369,2130,1239,1696,1399,2073,92.6159081242,valid
pr_84,1253690,585087,18819,127155,40560,86595,217786,82112,135674,10075,3840,6235,25159,9069,16090,55255,24621,30634,130838,46505,622098,46.6691925436,valid
or_72,66448,54142,668,8796,4163,4633,31639,14116,17523,2021,1219,802,812,185,627,6086,3654,2432,4120,2771,9535,81.4802552372,valid
ms_19,31194,17354,605,5630,1759,3871,7336,2071,5265,35,35,0,697,201,496,1541,675,866,1510,3189,10651,55.6324934282,valid
tn_90,62802,48618,238,7444,2700,4744,31565,15322,16243,1175,389,786,777,302,475,4502,2459,2043,2917,3075,11109,77.4147320149,valid
oh_205,30848,28268,206,3969,1862,2107,18944,11060,7884,1128,419,709,133,86,47,2490,1822,668,1398,400,2180,91.6364107884,valid
az_77,25140,8573,250,1522,217,1305,5035,1288,3747,39,39,0,144,27,117,850,599,251,733,1436,15131,34.1010342084,valid
mo_23,45456,28289,366,8072,2617,5455,11893,3934,7959,464,236,228,2134,1096,1038,2845,1466,1379,2515,3338,13829,62.2338085181,valid
fl_46,77916,64754,433,17833,5620,12213,32328,14035,18293,1605,779,826,1051,303,748,9655,5920,3735,1849,3129,10033,83.1074490477,valid
pa_83,268372,192641,5862,74895,19443,55452,77667,24318,53349,1391,619,772,4579,802,3777,20276,7023,13253,7971,8978,66753,71.7813333731,valid
il_93,25939,21757,369,4995,2813,2182,12950,7761,5189,290,117,173,126,0,126,1766,1200,566,1261,1162,3020,83.8775588882,valid
sc_68,77550,47489,744,12107,2950,9157,23922,5733,18189,423,113,310,1839,502,1337,4813,1785,3028,3641,3535,26526,61.2366215345,valid
or_22,114077,86307,1693,16537,4810,11727,42980,14024,28956,2615,659,1956,4243,745,3498,7517,3616,3901,10722,5443,22327,75.6567932186,valid
mn_62,271780,190791,4880,59442,18364,41078,57806,20026,37780,9411,3618,5793,16549,4953,11596,19890,9501,10389,22813,13228,67761,70.2005298403,valid
ga_61,44046,31198,354,7057,2931,4126,18312,10075,8237,1120,566,554,627,480,147,2472,1572,900,1256,2293,10555,70.8304953912,valid
tn_120,24309,17983,444,4522,1675,2847,7153,2580,4573,337,149,188,1123,672,451,1718,907,811,2686,959,5367,73.9767164425,valid
nc_111,38705,35760,0,4923,2232,2691,26261,15883,10378,1297,893,404,486,294,192,2231,1386,845,562,775,2170,92.3911639323,valid
oh_151,40269,37190,157,3966,1843,2123,24756,13081,11675,2303,1443,860,464,464,0,4256,2407,1849,1288,609,2470,92.3539198887,valid
ny_64,97296,84478,446,1551,755,796,46664,19059,27605,21058,9640,11418,191,51,140,11645,6336,5309,2923,2456,10362,86.825768788,valid
ny_287,27006,22789,116,1362,331,1031,17959,7811,10148,373,272,101,79,79,0,2226,1494,732,674,1071,3146,84.3849514923,valid
fl_200,60877,47134,953,7920,2209,5711,20200,8199,12001,1092,437,655,1246,637,609,13308,4843,8465,2415,3284,10459,77.4249716642,valid
ga_131,52717,36379,286,23165,6872,16293,4242,1307,2935,1129,448,681,1035,326,709,5116,1873,3243,1406,1916,14422,69.0080998539,valid
il_51,54950,38815,519,8296,2640,5656,18492,8012,10480,2966,486,2480,1221,700,521,4656,2860,1796,2665,1873,14262,70.6369426752,valid
fl_286,59584,48889,521,15000,7822,7178,19326,8962,10364,2939,1269,1670,1897,577,1320,4857,2089,2768,4349,1830,8865,82.0505504834,valid
ca_331,48888,33901,1605,12807,3634,9173,9302,3297,6005,355,0,355,3837,763,3074,3062,929,2133,2933,1920,13067,69.3442153494,valid
fl_108,43832,32483,447,7814,2317,5497,16029,6260,9769,1239,670,569,643,155,488,4758,2443,2315,1553,2127,9222,74.1079576565,valid
oh_30,92428,73436,1203,17192,4323,12869,37502,10539,26963,4834,1464,3370,796,203,593,8277,3673,4604,3632,2227,16765,79.452114078,valid
pa_34,33516,22816,853,6207,1828,4379,9394,5084,4310,126,21,105,1778,541,1237,1511,640,871,2947,1414,9286,68.074949278,valid
tx_102,22219,20761,155,3253,1269,1984,12221,7752,4469,741,340,401,341,220,121,2257,1680,577,1793,322,1136,93.438048517,valid
ok_59,43102,26920,320,5552,1861,3691,12129,5360,6769,1321,669,652,963,542,421,3282,1379,1903,3353,1807,14375,62.4564985384,valid
me_26,62039,44690,935,13555,4236,9319,18782,8621,10161,1592,754,838,2115,639,1476,5030,2460,2570,2681,2823,14526,72.0353326134,valid
ca_87,34112,26302,287,4778,1463,3315,12705,6457,6248,1523,555,968,511,176,335,3709,1987,1722,2789,2475,5335,77.1048311445,valid
nj_174,40181,33616,544,1513,435,1078,17548,5912,11636,9079,3007,6072,327,197,130,4073,1630,2443,532,919,5646,83.6614320201,valid
fl_31,111033,87736,721,16279,6873,9406,59855,28731,31124,291,176,115,812,336,476,6364,3657,2707,3414,7409,15888,79.0179496186,valid
ca_205,56789,50952,445,10174,4038,6136,18679,7495,11184,7634,3720,3914,565,186,379,11990,10372,1618,1465,827,5010,89.7216010143,valid
ma_73,54963,41502,1046,12328,4493,7835,21222,8889,12333,621,348,273,808,226,582,3405,1554,1851,2072,2209,11252,75.5089787675,valid
mi_192,34264,30392,318,4000,2124,1876,21380,8991,12389,905,318,587,393,229,164,1862,887,975,1534,996,2876,88.6995096895,valid
in_136,46401,34568,293,7246,2792,4454,18614,6661,11953,3373,1713,1660,1012,258,754,2338,1323,1015,1692,4224,7609,74.4983944312,valid
ca_43,93982,78742,1004,27861,13073,14788,31298,16543,14755,1009,602,407,1377,558,819,9442,5112,4330,6751,3603,11637,83.7841288757,valid
il_143,45540,25224,357,5659,1871,3788,9880,3319,6561,1153,724,429,1653,867,786,3673,949,2724,2849,1704,18612,55.3886693017,valid
or_15,65065,50761,845,10493,4083,6410,25381,12653,12728,1147,178,969,2145,637,1508,5446,2865,2581,5304,3127,11177,78.0158303235,valid
ca_501,38818,36569,153,4196,1584,2612,24852,10665,14187,1676,908,768,492,157,335,3604,1708,1896,1596,446,1803,94.2062960482,valid
pa_162,47933,32298,295,6303,2314,3989,14497,7075,7422,4792,2675,2117,480,154,326,3096,2030,1066,2835,1562,14073,67.3815534183,valid
la_61,43343,23762,682,8251,2354,5897,6769,1604,5165,137,0,137,2178,299,1879,2975,1476,1499,2770,598,18983,54.8231548347,valid
ga_34,269361,223922,1291,54442,20840,33602,98154,40855,57299,7821,3658,4163,4401,2028,2373,47266,22623,24643,10547,11473,33966,83.1308170077,valid
nm_45,35372,20744,265,6170,1193,4977,8743,3323,5420,177,0,177,458,178,280,2505,1882,623,2426,1358,13270,58.6452561348,valid
ky_13,45559,37911,381,5472,2404,3068,18475,9972,8503,2737,1104,1633,1491,43,1448,7663,3493,4170,1692,1772,5876,83.2129765798,valid
tn_32,44197,33638,697,6847,1130,5717,16027,5943,10084,1812,868,944,1139,424,715,3572,2398,1174,3544,1763,8796,76.1092381836,valid
sc_38,26168,14978,41,1744,906,838,9939,2757,7182,135,33,102,287,120,167,1406,636,770,1426,3258,7932,57.237847753,valid
fl_48,59584,48889,521,15000,7822,7178,19326,8962,10364,2939,1269,1670,1897,577,1320,4857,2089,2768,4349,1830,8865,82.0505504834,valid
ma_57,251757,190835,999,27415,10463,16952,129418,49032,80386,3310,1431,1879,2457,1053,1404,15917,7721,8196,11319,10832,50090,75.8012686837,valid
ma_63,67065,50103,679,6972,1684,5288,36652,8021,28631,336,36,300,839,182,657,3493,1770,1723,1132,3442,13520,74.708118989,valid
in_156,24628,16881,130,4479,706,3773,8312,2353,5959,2067,465,1602,495,0,495,921,439,482,477,984,6763,68.543933734,valid
ny_180,34002,29223,51,556,193,363,17853,5787,12066,5576,2541,3035,359,0,359,4180,2144,2036,648,1036,3743,85.944944415,valid
oh_37,40970,30809,536,6437,2166,4271,18012,6774,11238,188,45,143,1227,273,954,1852,892,960,2557,1788,8373,75.1989260434,valid
ca_545,36151,31722,367,8490,3642,4848,15256,8080,7176,1137,830,307,475,137,338,3593,1944,1649,2404,894,3535,87.748609997,valid
wa_103,49411,42744,117,6849,3491,3358,27302,15351,11951,1512,502,1010,980,562,418,3644,2685,959,2340,2412,4255,86.5070530853,valid
nc_67,37411,28067,75,4719,1384,3335,18740,9507,9233,660,361,299,161,119,42,2555,1540,1015,1157,1685,7659,75.0233888429,valid
il_173,49046,39071,509,6732,3254,3478,23552,10937,12615,823,531,292,543,209,334,5311,3348,1963,1601,1667,8308,79.6619500061,valid
az_116,29571,18131,23,2916,1153,1763,11023,4353,6670,163,0,163,397,75,322,900,513,387,2709,1904,9536,61.3134489872,valid
al_89,32872,27543,113,7323,4283,3040,11902,6057,5845,2752,1811,941,445,445,0,3780,2489,1291,1228,787,4542,83.7886347043,valid
ca_350,64109,55596,499,12948,6220,6728,28462,10612,17850,3904,1233,2671,1619,480,1139,6250,3024,3226,1914,1790,6723,86.7210532063,valid
in_17,71056,50568,1126,14047,6013,8034,20421,8510,11911,1176,359,817,2156,409,1747,5191,2534,2657,6451,2137,18351,71.1664039631,valid
al_34,88847,47694,635,13911,4476,9435,19402,7485,11917,2197,469,1728,732,163,569,8367,3050,5317,2450,6527,34626,53.6810471935,valid
in_25,28649,19747,759,5958,1678,4280,8119,2473,5646,244,168,76,1053,408,645,1913,849,1064,1701,1139,7763,68.9273622116,valid
ma_35,251757,190835,999,27415,10463,16952,129418,49032,80386,3310,1431,1879,2457,1053,1404,15917,7721,8196,11319,10832,50090,75.8012686837,valid
ia_18,178026,140023,1983,43200,19905,23295,64626,30294,34332,1746,730,1016,3053,1695,1358,11875,6904,4971,13540,7619,30384,78.6531180839,valid
il_22,43647,30929,455,8516,1966,6550,13447,4834,8613,456,238,218,2649,941,1708,2944,1381,1563,2462,899,11819,70.8616857974,valid
wa_110,49559,45796,0,5844,3813,2031,31611,20821,10790,2214,1926,288,61,61,0,4202,3293,909,1864,1445,2318,92.4070300046,valid
il_223,45449,39159,498,8790,4543,4247,23269,12761,10508,1280,659,621,554,306,248,2877,2137,740,1891,1361,4929,86.160311558,valid
or_71,38901,30474,630,11318,4768,6550,10014,4612,5402,1893,1061,832,691,292,399,2998,1436,1562,2930,2294,6133,78.3373178067,valid
ny_166,42452,32440,738,4069,859,3210,22684,7538,15146,39,39,0,1161,176,985,2440,1235,1205,1309,1422,8590,76.415716574,valid
ky_58,38984,30001,351,6455,2910,3545,12344,6216,6128,1635,801,834,2935,766,2169,3664,2215,1449,2617,884,8099,76.9572132157,valid
il_36,31325,26058,38,6341,1793,4548,15216,5769,9447,974,223,751,319,0,319,1494,897,597,1676,971,4296,83.1859537111,valid
ny_153,66640,51174,644,4395,1462,2933,23308,6704,16604,12590,4657,7933,1233,401,832,5133,2820,2313,3871,3000,12466,76.7917166867,valid
ma_84,55192,46499,355,1256,424,832,20933,10319,10614,16651,7162,9489,0,0,0,4966,2834,2132,2338,1215,7478,84.2495289172,valid
wa_70,257695,203492,1572,30153,10922,19231,132065,54975,77090,2945,1259,1686,3482,1092,2390,20858,10845,10013,12417,8097,46106,78.9662197559,valid
tx_191,208952,110805,1950,22770,8357,14413,43085,15151,27934,2623,405,2218,6723,1958,4765,14569,6665,7904,19085,10908,87239,53.0289253034,valid
ny_80,73972,54442,755,1379,564,815,26499,9264,17235,8772,3010,5762,215,115,100,15486,9890,5596,1336,4864,14666,73.5981182069,valid
mi_173,40757,28130,579,4158,2007,2151,17798,8446,9352,898,253,645,607,415,192,2376,1449,927,1714,3277,9350,69.0188188532,valid
tx_241,43209,33748,0,8273,4240,4033,11632,5269,6363,5039,2066,2973,670,221,449,5911,4036,1875,2223,1711,7750,78.1040986831,valid
mi_179,32828,19713,267,2914,1205,1709,12440,4476,7964,441,268,173,200,82,118,2914,1493,1421,537,6328,6787,60.0493481175,valid
tx_88,20298,11497,287,2834,1213,1621,4687,1780,2907,766,49,717,521,146,375,987,271,716,1415,705,8096,56.6410483792,valid
la_55,56477,37074,492,8946,3910,5036,13195,4254,8941,775,398,377,713,153,560,9176,5951,3225,3777,1518,17885,65.644421623,valid
ca_112,27774,22909,316,1861,355,1506,4183,841,3342,12423,2700,9723,873,237,636,2572,1194,1378,681,687,4178,82.483617772,valid
id_23,294247,219221,5610,62519,18328,44191,81037,29524,51513,3773,1350,2423,22149,6919,15230,22364,11274,11090,21769,18970,56056,74.502373856,valid
tn_114,35602,23177,209,5877,2028,3849,11088,3519,7569,2013,1040,973,263,156,107,2111,1021,1090,1616,2898,9527,65.1002752654,valid
id_28,39914,30331,1290,11904,3225,8679,7594,2555,5039,794,84,710,2946,841,2105,3563,1749,1814,2240,2049,7534,75.9908803928,valid
pa_195,27164,17114,274,2582,590,1992,11841,2700,9141,459,74,385,402,143,259,1012,478,534,544,2085,7965,63.0025033132,valid
il_98,49401,38080,362,7571,2444,5127,19754,8257,11497,830,372,458,1273,413,860,5248,2642,2606,3042,2796,8525,77.083459849,valid
ny_46,27508,20600,581,3034,659,2375,12583,3667,8916,241,0,241,848,270,578,1698,815,883,1615,896,6012,74.8873055111,valid
oh_14,39393,27063,479,7335,1719,5616,11524,2775,8749,242,41,201,668,82,586,5792,1212,4580,1023,2405,9925,68.7000228467,valid
ne_18,106874,85178,869,15418,5095,10323,54453,18319,36134,864,143,721,1122,323,799,7149,3319,3830,5303,3859,17837,79.6994591762,valid
ms_28,253355,130392,2982,40548,13901,26647,32925,11622,21303,4379,2005,2374,8682,3556,5126,25591,14670,10921,15285,12545,110418,51.4661246078,valid
ca_55,99302,80530,566,21976,10318,11658,35684,19357,16327,4675,2170,2505,1808,681,1127,9366,6539,2827,6455,2422,16350,81.096050432,valid
mo_44,33628,29138,138,6315,2783,3532,16968,9333,7635,1924,1346,578,632,137,495,2102,1438,664,1059,812,3678,86.6480314024,valid
pr_29,110765,43833,1262,7853,2182,5671,18442,4131,14311,1383,742,641,3206,1140,2066,4153,1537,2616,7534,7725,59207,39.5729698009,valid
al_62,41254,23909,1060,8583,1636,6947,5865,1696,4169,442,95,347,1772,627,1145,3092,714,2378,3095,1365,15980,57.955592185,valid
ny_218,42571,29478,113,1271,540,731,17646,4310,13336,4502,1357,3145,241,151,90,5236,2134,3102,469,1751,11342,69.2443212516,valid
mo_86,39272,33920,135,12237,3671,8566,13664,5403,8261,2303,1002,1301,796,393,403,3432,1843,1589,1353,1222,4130,86.3719698513,valid
ny_191,37507,31493,187,470,300,170,20104,5985,14119,6127,2420,3707,131,15,116,3709,2123,1586,765,996,5018,83.9656597435,valid
al_37,79539,57939,854,9300,3933,5367,37412,19226,18186,699,345,354,540,207,333,5984,2749,3235,3150,3198,18402,72.8435107306,valid
ca_407,35943,27237,77,7479,4046,3433,10518,5501,5017,987,516,471,338,272,66,3494,1986,1508,4344,1306,7400,75.7783156665,valid
tx_107,19788,9146,66,1276,333,943,5050,1890,3160,643,0,643,0,0,0,1144,639,505,967,749,9893,46.2199312715,valid
fl_279,58067,38638,684,4625,1074,3551,21998,8212,13786,2759,1057,1702,1573,257,1316,5012,2280,2732,1987,6695,12734,66.5403757728,valid
in_122,43767,32858,223,7310,1721,5589,12724,4853,7871,4123,1309,2814,1960,563,1397,4392,2777,1615,2126,1939,8970,75.0748280668,valid
ak_17,103445,87801,797,13411,6361,7050,52516,27298,25218,440,226,214,2497,1198,1299,12645,8690,3955,5495,2365,13279,84.8769877713,valid
or_18,34517,25515,1005,7552,1984,5568,9264,1817,7447,89,0,89,2992,481,2511,2866,808,2058,1747,1044,7958,73.9200973433,valid
md_59,48871,38078,663,3305,1431,1874,16927,6134,10793,10207,4651,5556,214,155,59,4974,3242,1732,1788,1281,9512,77.9153281087,valid
ny_78,24180,16842,151,969,328,641,4123,1438,2685,3630,757,2873,404,48,356,6817,4743,2074,748,1481,5857,69.6526054591,valid
tx_345,42108,38183,123,10292,5456,4836,17286,8951,8335,1535,816,719,489,193,296,6506,5322,1184,1952,403,3522,90.6787308825,valid
sc_66,55890,32709,985,12573,2316,10257,10905,3499,7406,751,405,346,1396,227,1169,4305,2536,1769,1794,3945,19236,58.523886205,valid
tx_281,45535,34089,265,10457,4895,5562,14860,7956,6904,1649,879,770,423,264,159,4642,2985,1657,1793,1301,10145,74.8632919732,valid
ks_32,151213,101389,1154,16996,4857,12139,56375,20104,36271,9276,2309,6967,753,244,509,12682,6495,6187,4153,9654,40170,67.0504520114,valid
md_67,46261,32083,463,8197,3062,5135,15945,7869,8076,583,382,201,516,213,303,3305,2118,1187,3074,1672,12506,69.3521540823,valid
ar_21,50095,32450,825,5768,1694,4074,17190,5572,11618,905,263,642,924,315,609,5167,1900,3267,1671,2475,15170,64.7769238447,valid
co_71,42577,34592,579,5494,1309,4185,20183,5517,14666,279,203,76,774,165,609,3945,1403,2542,3338,1741,6244,81.2457430068,valid
tx_134,82361,64143,681,9943,3359,6584,23161,9861,13300,12333,5175,7158,942,472,470,13333,5856,7477,3750,2710,15508,77.8803074271,valid
mi_79,27658,21966,242,4015,1849,2166,12180,5118,7062,944,224,720,72,0,72,2624,1752,872,1889,1421,4271,79.4200592957,valid
oh_62,30184,18576,293,4282,1795,2487,9260,3882,5378,284,93,191,402,161,241,1354,623,731,2701,1085,10523,61.5425390936,valid
ga_165,76627,67249,326,20717,9679,11038,28600,14463,14137,2605,1610,995,1690,880,810,7943,4284,3659,5368,1425,7953,87.7614939904,valid
pa_205,32239,25072,278,2575,189,2386,13635,4171,9464,3804,1575,2229,336,81,255,3525,1520,2005,919,1072,6095,77.7691615745,valid
ny_125,41299,27624,337,3655,967,2688,16774,5027,11747,1733,615,1118,1559,423,1136,2139,786,1353,1427,1460,12215,66.887818107,valid
ma_95,45369,41012,161,2451,1122,1329,18529,10553,7976,14398,6609,7789,137,50,87,4209,2680,1529,1127,629,3728,90.3965262624,valid
ny_217,44637,34188,162,1724,693,1031,21986,6513,15473,3865,1118,2747,368,82,286,5574,2244,3330,509,2132,8317,76.5911687613,valid
fl_151,70166,55170,293,9425,2890,6535,36899,12896,24003,852,384,468,502,330,172,5637,2537,3100,1562,2099,12897,78.6278254425,valid
nc_130,40807,25496,703,12584,3787,8797,4789,1848,2941,933,400,533,1947,399,1548,2103,1004,1099,2437,1980,13331,62.4794765604,valid
ga_175,64465,57850,264,16123,6384,9739,25128,13414,11714,3031,1635,1396,807,412,395,10237,5106,5131,2260,948,5667,89.7386178546,valid
ca_37,354651,291750,2622,81202,38083,43119,153424,88627,64797,7823,5344,2479,4603,2276,2327,28646,17561,11085,13430,9906,52995,82.2639721867,valid
fl_78,31541,18652,131,3773,793,2980,9728,2555,7173,279,163,116,430,116,314,2474,709,1765,1837,1422,11467,59.1357280999,valid
va_18,391784,357452,2005,21496,9327,12169,137427,69891,67536,136439,83982,52457,2216,1132,1084,48622,28002,20620,9247,6289,28043,91.2370081473,valid
ca_484,26265,20120,124,4802,1470,3332,9836,1923,7913,1587,413,1174,719,187,532,1702,503,1199,1350,1726,4419,76.6038454217,valid
mi_60,29844,17953,157,2833,1124,1709,11283,4197,7086,314,141,173,200,82,118,2660,1454,1206,506,5987,5904,60.1561452888,valid
nm_38,47593,33802,500,11809,3636,8173,10712,5000,5712,265,67,198,1989,829,1160,5957,3219,2738,2570,2004,11787,71.0230496081,valid
md_55,60362,48844,1116,8833,3546,5287,27797,11218,16579,511,210,301,2966,733,2233,3610,2045,1565,4011,1722,9796,80.9184586329,valid
nc_165,37612,27672,244,4524,1468,3056,16750,6782,9968,571,208,363,585,243,342,3224,1482,1742,1774,1609,8331,73.572264171,valid
or_49,44276,33303,906,10900,3880,7020,7677,2633,5044,991,618,373,4466,1239,3227,5053,2356,2697,3310,1376,9597,75.2168217544,valid
fl_98,21529,14047,317,2574,510,2064,7900,3490,4410,280,20,260,308,24,284,1260,709,551,1408,486,6996,65.2468763064,valid
il_120,253568,205568,1802,39786,15752,24034,120869,57940,62929,9190,4738,4452,3748,1839,1909,20073,11733,8340,10100,7233,40767,81.0701665825,valid
pa_173,60581,38827,1038,10162,3148,7014,21660,5844,15816,771,122,649,681,199,482,3446,1542,1904,1069,1428,20326,64.0910516499,valid
ia_43,54933,39243,1120,11722,3375,8347,11035,3567,7468,2638,691,1947,2722,718,2004,6410,3094,3316,3596,1981,13709,71.4379334826,valid
tx_431,24466,18798,82,5790,2749,3041,4725,2281,2444,1342,536,806,721,184,537,3872,2010,1862,2266,1135,4533,76.8331562168,valid
va_81,42004,34304,54,1620,638,982,16710,5199,11511,10198,4800,5398,468,192,276,4310,1968,2342,944,2018,5682,81.6684125321,valid
tx_165,253535,195154,4380,61380,19096,42284,68072,30682,37390,11601,4631,6970,7434,2304,5130,21903,10525,11378,20384,9473,48908,76.9731989666,valid
pa_181,52557,30113,714,7526,1518,6008,16431,3725,12706,597,68,529,1389,552,837,1827,748,1079,1629,2041,20403,57.2958882737,valid
az_141,100664,87894,432,10868,4245,6623,60190,26386,33804,1246,385,861,1747,746,1001,9711,5438,4273,3700,3415,9355,87.3142334896,valid
ny_248,38793,28702,354,2064,522,1542,21201,7385,13816,862,308,554,467,0,467,3112,1422,1690,642,1156,8935,73.987575078,valid
md_78,41739,35895,30,3303,558,2745,8807,3556,5251,14164,5410,8754,423,170,253,8491,4482,4009,677,1235,4609,85.998706246,valid
ms_35,52615,31959,1021,8787,3788,4999,9275,4051,5224,181,115,66,2590,1227,1363,3615,1341,2274,6490,2097,18559,60.7412334885,valid
oh_51,164400,92492,868,26166,7434,18732,36302,13885,22417,2393,1040,1353,2674,938,1736,13487,6996,6491,10602,12505,59403,56.2603406326,valid
va_120,38554,33193,91,2267,648,1619,12707,8872,3835,10981,6619,4362,0,0,0,3167,1966,1201,3980,1257,4104,86.0948280334,valid
tx_343,37321,25036,242,6839,2356,4483,8173,4155,4018,626,435,191,2097,203,1894,4815,2790,2025,2244,2848,9437,67.0828755928,valid
ny_162,45582,32435,657,4386,446,3940,24373,6932,17441,821,114,707,151,0,151,1206,302,904,841,2881,10266,71.1574744417,valid
fl_34,61546,48690,187,13495,6135,7360,25702,11902,13800,637,402,235,360,36,324,6309,3399,2910,2000,2233,10623,79.111558834,valid
md_27,244114,157593,2095,34232,11413,22819,79624,29152,50472,5332,2589,2743,3705,1232,2473,17518,9965,7553,15087,12405,74116,64.5571331427,valid
ma_14,286891,229532,1912,31180,8695,22485,118955,60696,58259,36690,18987,17703,1789,537,1252,23334,14551,8783,15672,8145,49214,80.0066924372,valid
ca_16,66751,52515,880,14625,6927,7698,19308,8060,11248,896,647,249,4281,2059,2222,7994,5268,2726,4531,3729,10507,78.672978682,valid
tx_282,62454,42830,479,10414,4400,6014,12521,5237,7284,1077,220,857,6191,2666,3525,6405,3134,3271,5743,3494,16130,68.5784737567,valid
ky_70,43504,36448,381,5314,2348,2966,17804,9697,8107,2642,1009,1633,1491,43,1448,7124,3232,3892,1692,1598,5458,83.7808017654,valid
fl_105,74085,53900,410,11069,4160,6909,28888,12283,16605,1579,644,935,885,165,720,7416,4066,3350,3653,3973,16212,72.7542687454,valid
ny_172,54551,37066,583,12328,3401,8927,16629,4864,11765,282,141,141,730,253,477,3757,1522,2235,2757,2597,14888,67.9474253451,valid
la_34,30111,18389,69,1810,624,1186,11298,4527,6771,41,0,41,0,0,0,3366,1523,1843,1805,2226,9496,61.070705058,valid
al_12,437741,239909,7106,75402,20758,54644,78476,24592,53884,2941,570,2371,16638,3845,12793,29001,11153,17848,30345,24071,173761,54.8061524966,valid
wa_52,52279,46877,112,6627,3078,3549,31939,18477,13462,2089,1707,382,270,105,165,4544,2705,1839,1296,2039,3363,89.6669790929,valid
nh_32,48132,38329,587,14662,3691,10971,17201,5275,11926,404,174,230,1223,278,945,2836,1013,1823,1416,2087,7716,79.6330923294,valid
tx_262,42253,37160,208,8653,4551,4102,7859,3397,4462,10870,7135,3735,1264,702,562,5991,3690,2301,2315,1542,3551,87.9464180058,valid
nm_21,60405,43070,929,13329,4538,8791,14254,5425,8829,886,315,571,2259,667,1592,7443,2751,4692,3970,3169,14166,71.3020445327,valid
sc_76,71736,37235,1272,15913,4416,11497,7989,2722,5267,634,319,315,1941,489,1452,6002,2350,3652,3484,3405,31096,51.9055983049,valid
sd_18,66504,50984,412,6047,1696,4351,32356,12529,19827,1190,202,988,657,368,289,6931,2988,3943,3391,3679,11841,76.6630578612,valid
ut_14,96480,84350,1106,26380,8973,17407,35741,11448,24293,2986,1055,1931,4144,994,3150,7906,4221,3685,6087,2065,10065,87.4274461028,valid
nm_39,34515,21420,635,8047,2519,5528,5471,1383,4088,284,90,194,1027,520,507,3959,1826,2133,1997,871,12224,62.0599739244,valid
or_47,293697,229549,4141,49931,16753,33178,113955,44449,69506,10263,4160,6103,8852,1879,6973,22288,10924,11364,20119,13691,50457,78.158442204,valid
nj_22,217698,164707,1837,17624,6224,11400,110370,40513,69857,12850,4329,8521,1654,328,1326,16722,8332,8390,3650,6364,46627,75.658481015,valid
ny_111,245436,179745,874,23772,3229,20543,104054,27182,76872,21884,5715,16169,2068,812,1256,22856,8536,14320,4237,7615,58076,73.2349777539,valid
or_63,37798,28409,1134,7372,1776,5596,9071,2778,6293,849,263,586,1832,176,1656,2873,1206,1667,5278,1380,8009,75.1600613789,valid
in_103,52591,32214,940,8635,1710,6925,11528,3022,8506,1509,517,992,2765,639,2126,3364,1459,1905,3473,3548,16829,61.2538267004,valid
tx_434,38902,24277,360,5288,1853,3435,7861,3948,3913,568,69,499,1634,494,1140,3688,2333,1355,4878,1910,12715,62.4055318493,valid
ca_148,41793,34177,289,10316,5438,4878,14576,6904,7672,399,313,86,724,428,296,6225,3915,2310,1648,1538,6078,81.776852583,valid
tx_92,65685,34230,391,5837,1722,4115,19251,6156,13095,1569,1014,555,711,241,470,4865,2736,2129,1606,5079,26376,52.1123544188,valid
tx_254,51985,41275,492,10065,4427,5638,16893,8427,8466,3425,1904,1521,1117,407,710,6989,4485,2504,2294,3663,7047,79.3979032413,valid
il_183,66266,47101,1035,10423,3364,7059,22609,9808,12801,3232,532,2700,1332,811,521,5428,3292,2136,3042,2150,17015,71.0786828841,valid
ca_384,42105,32974,338,7845,2211,5634,15307,4786,10521,4607,1530,3077,760,320,440,2519,1152,1367,1598,662,8469,78.3137394609,valid
ms_39,35290,23986,995,6246,2808,3438,8645,5660,2985,881,390,491,1185,248,937,5054,3622,1432,980,1317,9987,67.968262964,valid
tx_76,46179,38510,344,3535,1172,2363,8465,4607,3858,14944,7571,7373,536,170,366,8247,6184,2063,2439,472,7197,83.3928842114,valid
ms_38,43567,23352,397,6651,3304,3347,7066,2544,4522,1342,795,547,629,454,175,3592,1586,2006,3675,2163,18052,53.6002019877,valid
fl_111,20476,11783,728,1237,221,1016,7399,2091,5308,162,162,0,253,110,143,1754,450,1304,250,1374,7319,57.5454190272,valid
ks_68,45700,41570,0,5424,2590,2834,28432,17451,10981,1960,1240,720,315,98,217,3475,2290,1185,1964,1114,3016,90.9628008753,valid
wi_47,38324,26889,389,5212,1246,3966,15930,5753,10177,882,593,289,448,37,411,2216,629,1587,1812,1467,9968,70.1623003862,valid
nj_148,37922,30950,281,739,507,232,18978,7698,11280,6276,3106,3170,127,88,39,3268,1884,1384,1281,915,6057,81.6148937292,valid
ga_172,34219,20652,94,7778,2291,5487,7259,1664,5595,19,0,19,362,169,193,3208,553,2655,1932,2532,11035,60.3524357813,valid
ca_414,33205,21875,180,3105,1532,1573,8021,4064,3957,4014,2822,1192,615,476,139,2674,1414,1260,3266,2782,8548,65.878632736,valid
il_137,40182,28792,279,9009,3953,5056,9294,3245,6049,427,71,356,2165,1126,1039,4317,3094,1223,3301,1727,9663,71.6539744164,valid
tx_116,38261,28562,155,6842,3880,2962,13144,7728,5416,320,178,142,1160,662,498,2781,1337,1444,4160,1834,7865,74.6504273281,valid
oh_126,40475,31049,912,7920,2531,5389,15310,5955,9355,562,278,284,333,82,251,4796,879,3917,1216,892,8534,76.7115503397,valid
pr_36,24594,11087,126,2798,994,1804,5211,2214,2997,144,0,144,403,83,320,1034,531,503,1371,457,13050,45.0801008376,valid
sd_21,331406,240705,4944,40528,14325,26203,115629,43668,71961,15764,4835,10929,9869,3396,6473,33892,14238,19654,20079,16824,73877,72.6314550732,valid
tx_100,43231,32610,105,4268,1932,2336,19182,9191,9991,1239,655,584,652,141,511,5097,3387,1710,2067,3698,6923,75.4319816798,valid
ca_349,39069,31446,254,9347,3034,6313,11330,4424,6906,2151,982,1169,1415,331,1084,5014,2235,2779,1935,1187,6436,80.4883667358,valid
ny_224,49175,32649,209,920,442,478,21092,7107,13985,1127,603,524,223,53,170,7834,5015,2819,1244,1802,14724,66.3934926284,valid
nv_17,66973,52750,286,7126,3179,3947,28447,10384,18063,736,407,329,2667,1865,802,7090,3996,3094,6398,4475,9748,78.7630836307,valid
tx_331,43178,37367,563,10007,2696,7311,14270,7786,6484,2447,1101,1346,709,461,248,6079,3415,2664,3292,841,4970,86.5417573764,valid
wa_28,186456,147821,3025,27304,9602,17702,79713,37373,42340,1476,771,705,6088,1910,4178,14982,8016,6966,15233,6040,32595,79.2792937744,valid
il_222,27533,16847,82,2896,673,2223,9544,2384,7160,384,155,229,889,168,721,1358,819,539,1694,1503,9183,61.1883921113,valid
ut_45,29099,23961,339,5867,1682,4185,11813,3879,7934,177,61,116,1065,98,967,1539,859,680,3161,1705,3433,82.3430358432,valid
ga_23,266851,219451,1487,55379,23165,32214,94736,39618,55118,11501,5669,5832,6427,2878,3549,37819,20214,17605,12102,8961,38439,82.2372784812,valid
ny_238,63081,44687,287,5724,1515,4209,28944,9741,19203,4335,2694,1641,241,76,165,3472,2249,1223,1684,1041,17353,70.8406651765,valid
nj_100,41827,37738,103,2354,830,1524,23409,7577,15832,7207,3282,3925,172,172,0,3174,2011,1163,1319,1050,3039,90.2240179788,valid
wa_121,42568,39511,303,5807,2844,2963,21219,12531,8688,6528,3402,3126,158,108,50,4398,2350,2048,1098,442,2615,92.8185491449,valid
pa_131,46625,37089,384,5381,1376,4005,19996,8125,11871,5456,2226,3230,284,23,261,3642,1610,2032,1946,1127,8409,79.5474530831,valid
mo_115,25317,20985,531,5324,1906,3418,8944,2534,6410,2290,311,1979,737,29,708,2269,1047,1222,890,317,4015,82.8889678872,valid
ca_268,249155,213483,2023,53088,25364,27724,118440,62938,55502,5827,2994,2833,2027,830,1197,23335,14173,9162,8743,4871,30801,85.6828078907,valid
ny_117,287147,221341,2436,20015,5333,14682,161564,62227,99337,12335,4533,7802,1590,569,1021,14911,7351,7560,8490,12435,53371,77.0828182081,valid
ar_39,283075,165973,6684,58161,16198,41963,34263,12132,22131,3806,1335,2471,13097,3592,9505,19920,6991,12929,30042,15905,101197,58.6321646207,valid
ny_250,49711,39420,411,6875,1951,4924,19755,5239,14516,3582,1283,2299,225,196,29,7835,5527,2308,737,1717,8574,79.2983444308,valid
pa_70,582528,380832,4663,70800,24325,46475,179012,72177,106835,37978,15856,22122,7285,2392,4893,57145,28585,28560,23949,27901,173795,65.3757415953,valid
ca_312,63819,51785,305,12116,5612,6504,25164,11906,13258,1999,1029,970,588,174,414,7308,4967,2341,4305,2603,9431,81.1435465927,valid
in_85,48694,29114,269,8994,2013,6981,11666,4848,6818,1009,573,436,736,158,578,3454,1876,1578,2986,2736,16844,59.7897071508,valid
tn_60,56059,35295,705,10279,4034,6245,13031,3239,9792,764,318,446,2963,1002,1961,2952,1534,1418,4601,2069,18695,62.9604523805,valid
ca_33,693585,548459,6583,92762,32116,60646,212697,75762,136935,119962,39926,80036,13909,4340,9569,66357,33199,33158,36189,24576,120550,79.0759604086,valid
co_93,38991,35963,303,10649,5493,5156,17901,9597,8304,556,323,233,1085,283,802,3128,2018,1110,2341,797,2231,92.2341053064,valid
mo_40,140536,85850,547,25200,9113,16087,32401,12504,19897,8414,2701,5713,1539,567,972,9940,4213,5727,7809,9871,44815,61.0875505209,valid
tx_310,31517,19996,471,3851,2058,1793,7046,3595,3451,327,143,184,138,138,0,3447,1702,1745,4716,2002,9519,63.4451248533,valid
mi_29,335982,256486,2718,29242,10082,19160,183048,66264,116784,6181,3482,2699,3646,1825,1821,19057,9732,9325,12594,10989,68507,76.3392086481,valid
ct_77,53396,43219,531,7569,2953,4616,27772,11690,16082,2049,632,1417,237,188,49,4227,2150,2077,834,2852,7325,80.9405198891,valid
tn_75,41094,24985,664,4357,1011,3346,13815,4298,9517,623,202,421,931,206,725,2737,1463,1274,1858,1296,14813,60.7996301163,valid
ny_239,45803,30550,51,2611,876,1735,14773,5632,9141,675,306,369,1421,443,978,2780,1462,1318,8239,1549,13704,66.6986878589,valid
ut_66,29414,19176,267,4415,1518,2897,9001,3110,5891,412,198,214,955,306,649,1601,899,702,2525,1117,9121,65.1934452982,valid
ar_36,281364,163256,3170,48004,14527,33477,58245,23672,34573,2736,1113,1623,10282,4050,6232,19004,8090,10914,21815,16708,101400,58.0230590978,valid
fl_32,131890,96812,1010,8208,2937,5271,51198,19108,32090,19044,7555,11489,804,228,576,13861,8547,5314,2687,8878,26200,73.403593904,valid
ks_11,164942,110761,2201,32738,9135,23603,27721,8867,18854,12048,3950,8098,9502,2234,7268,15994,6986,9008,10557,7756,46425,67.1514835518,valid
al_86,41166,20436,368,5998,1302,4696,9000,2148,6852,542,275,267,458,69,389,3110,1374,1736,960,2648,18082,49.6429091969,valid
nc_171,121380,89997,894,11632,5024,6608,57509,28354,29155,1001,602,399,1619,603,1016,8667,4212,4455,8675,5609,25774,74.1448344043,valid
ny_88,25054,15711,92,1116,234,882,10693,3921,6772,2166,736,1430,0,0,0,934,243,691,710,909,8434,62.708549533,valid
co_28,169761,142463,1670,36664,16787,19877,70440,34125,36315,2501,1124,1377,3867,1778,2089,12570,7505,5065,14751,4936,22362,83.9197459958,valid
co_34,33661,27716,532,8755,2619,6136,14295,5498,8797,362,232,130,520,123,397,2002,1301,701,1250,900,5045,82.3386114495,valid
co_51,277225,232601,2830,64501,26883,37618,105261,48256,57005,3454,1451,2003,12176,4966,7210,21829,12070,9759,22550,7264,37360,83.903327622,valid
oh_143,55816,37472,1265,8460,1762,6698,17060,3899,13161,466,175,291,2154,346,1808,4997,1908,3089,3070,1274,17070,67.1348717214,valid
ga_90,40848,27427,259,12700,2602,10098,9263,2054,7209,89,89,0,721,86,635,3180,1773,1407,1215,1647,11774,67.1440462201,valid
az_113,59110,54472,360,7552,3281,4271,35145,19460,15685,1806,1094,712,906,402,504,5763,3748,2015,2940,1523,3115,92.15361191,valid
ca_377,87073,78521,450,15814,7658,8156,46693,20895,25798,3103,1204,1899,1219,231,988,8318,5133,3185,2924,2431,6121,90.178356092,valid
mn_53,110770,84660,1242,18856,7690,11166,47545,24515,23030,1074,567,507,1191,493,698,7408,3924,3484,7344,5458,20652,76.4286359123,valid
ma_93,51549,41070,259,2902,1078,1824,19915,10979,8936,9771,5778,3993,152,0,152,6826,4000,2826,1245,1038,9441,79.6717686085,valid
mn_80,46449,34491,496,7168,2864,4304,19553,10660,8893,301,188,113,703,213,490,2743,1526,1217,3527,1719,10239,74.2556352128,valid
tn_113,180231,136644,1244,27519,5986,21533,75227,30913,44314,6115,2969,3146,2887,794,2093,11214,5782,5432,12438,4680,38907,75.816036087,valid
ks_26,52588,32190,452,4133,1777,2356,15827,5625,10202,3295,1464,1831,421,100,321,3264,1932,1332,4798,3175,17223,61.2116832738,valid
mn_116,43623,35033,450,7660,2894,4766,19730,8859,10871,320,126,194,727,376,351,4641,2671,1970,1505,1337,7253,80.3085528276,valid
ga_28,46770,36197,232,8712,3042,5670,14411,6926,7485,1784,694,1090,738,169,569,7628,4125,3503,2692,3195,7378,77.3936283943,valid
ca_482,30309,20818,317,6190,965,5225,8910,2614,6296,1040,131,909,661,172,489,2251,1106,1145,1449,2186,7305,68.6858688838,valid
in_13,142535,104833,1437,13461,4352,9109,43311,16766,26545,26706,12198,14508,1637,662,975,10499,3874,6625,7782,7916,29786,73.5489528888,valid
al_32,69291,48043,335,7466,3191,4275,17189,7518,9671,1802,1150,652,1791,1009,782,4787,2529,2258,14673,2498,18750,69.3351228875,valid
fl_73,22734,14664,25,3810,1083,2727,6752,1347,5405,1023,576,447,0,0,0,2281,1095,1186,773,843,7227,64.5025072579,valid
pa_140,65060,46818,667,6974,1614,5360,29484,10306,19178,1953,721,1232,1170,550,620,4231,1717,2514,2339,3164,15078,71.9612665232,valid
nc_36,36502,26592,73,5789,1941,3848,13519,4685,8834,219,56,163,3439,248,3191,3161,875,2286,392,399,9511,72.8508026957,valid
tn_111,35516,24329,809,3546,1052,2494,12289,3807,8482,793,362,431,1609,629,980,2162,770,1392,3121,1757,9430,68.5015204415,valid
ky_75,308809,226490,1972,34728,15587,19141,126837,58635,68202,10123,4947,5176,3017,1645,1372,35844,19971,15873,13969,15077,67242,73.3430696644,valid
nc_43,45641,20770,662,4500,1228,3272,9884,2116,7768,68,24,44,1038,241,797,2235,1034,1201,2383,3491,21380,45.5073289367,valid
az_49,285071,209559,3978,56226,14184,42042,85015,22949,62066,4262,2200,2062,14056,3454,10602,26468,12735,13733,19554,13638,61874,73.5111603776,valid
nc_30,42464,30692,530,10112,3454,6658,11259,5054,6205,781,482,299,1014,525,489,4436,1795,2641,2560,1696,10076,72.2776940467,valid
oh_147,54886,43572,927,7806,2908,4898,22226,10931,11295,1395,599,796,1596,917,679,2777,1309,1468,6845,1608,9706,79.3863644645,valid
fl_176,56628,32519,1487,13319,3873,9446,7715,1673,6042,128,28,100,1566,838,728,5233,2410,2823,3071,2037,22072,57.4256551529,valid
oh_124,41029,26747,299,6444,2818,3626,13412,6154,7258,697,398,299,544,254,290,2859,416,2443,2492,2599,11683,65.1904750299,valid
tx_187,251686,166106,1207,43536,19737,23799,45634,22379,23255,8264,3906,4358,4756,2297,2459,40101,22459,17642,22608,11998,73582,65.9973141136,valid
ar_29,26134,17617,0,3456,761,2695,10027,2759,7268,930,45,885,299,0,299,2214,712,1502,691,1579,6938,67.4102701462,valid
wi_82,41524,29331,791,11699,2831,8868,8872,2858,6014,28,15,13,2295,674,1621,2636,1157,1479,3010,1015,11178,70.6362585493,valid
fl_160,63721,53555,168,10010,4075,5935,28912,10577,18335,4993,2423,2570,777,617,160,6788,4197,2591,1907,1206,8960,84.046075862,valid
ca_522,60883,51908,271,11015,3247,7768,25756,7620,18136,1868,876,992,1040,230,810,6277,3360,2917,5681,2641,6334,85.258610778,valid
in_91,61379,44626,768,9937,4333,5604,21849,8877,12972,1049,457,592,2100,566,1534,5897,1748,4149,3026,2641,14112,72.7056485117,valid
nh_39,33630,28803,76,1926,823,1103,21282,9982,11300,1311,764,547,478,436,42,1713,1262,451,2017,558,4269,85.6467439786,valid
ca_69,35302,29279,61,8203,3340,4863,15606,6555,9051,120,84,36,485,351,134,3537,1858,1679,1267,2008,4015,82.9386437029,valid
il_163,42256,34577,303,6137,2804,3333,20495,12372,8123,906,414,492,1047,470,577,2964,1632,1332,2725,1742,5937,81.8274327906,valid
pa_51,149271,105472,3208,23779,5714,18065,58712,20329,38383,2632,627,2005,2237,500,1737,9321,3857,5464,5583,5146,38653,70.6580648619,valid
nj_17,45792,39571,336,9570,5312,4258,21558,10672,10886,366,217,149,174,105,69,6415,4900,1515,1152,1092,5129,86.4146575821,valid
in_112,43531,31144,1018,8155,2914,5241,5953,2935,3018,4594,1065,3529,3140,1446,1694,3867,1938,1929,4417,2928,9459,71.5444166226,valid
mo_66,49150,32860,600,10746,3503,7243,8197,3106,5091,2906,695,2211,2118,511,1607,3875,1526,2349,4418,1077,15213,66.8565615463,valid
or_34,253021,205147,1998,35961,17784,18177,125547,71671,53876,3587,2460,1127,3235,1772,1463,19858,12997,6861,14961,10526,37348,81.0790408701,valid
ca_238,25017,22690,0,4814,2669,2145,12287,8910,3377,1304,842,462,397,238,159,2692,2144,548,1196,340,1987,90.6983251389,valid
dc_11,46286,35394,128,6373,3089,3284,18074,10286,7788,3628,1909,1719,196,155,41,4524,2905,1619,2471,1555,9337,76.4680464935,valid
ca_39,104669,87521,1844,23715,10155,13560,42286,17894,24392,1669,931,738,4177,1415,2762,7531,4127,3404,6299,3357,13791,83.6169257373,valid
nc_37,37913,21979,809,7807,2489,5318,7165,2634,4531,236,111,125,896,318,578,3440,2327,1113,1626,2370,13564,57.9721995094,valid
ms_32,58820,29435,1210,10135,2950,7185,6301,1775,4526,333,82,251,2897,1093,1804,2953,1552,1401,5606,2749,26636,50.0425025502,valid
oh_130,47847,30877,302,5771,1900,3871,18430,4419,14011,335,234,101,614,179,435,2666,1501,1165,2759,3224,13746,64.5327815746,valid
hi_21,24747,20747,52,1969,1068,901,15862,8969,6893,62,48,14,322,220,102,1328,1043,285,1152,1050,2950,83.8364246171,valid
wa_87,42271,33655,479,7161,3130,4031,18243,9179,9064,514,247,267,397,138,259,3748,2004,1744,3113,1429,7187,79.6172316718,valid
fl_234,33636,27308,410,9048,2324,6724,11608,3244,8364,2197,1053,1144,334,82,252,2925,1725,1200,786,566,5762,81.1868236413,valid
sc_31,108045,75825,726,19095,7961,11134,30104,14362,15742,2650,1596,1054,1896,976,920,10201,5036,5165,11153,4992,27228,70.179092045,valid
tn_47,250302,147947,1273,34409,13535,20874,68655,26614,42041,4849,2487,2362,3635,1796,1839,23892,10718,13174,11234,21433,80922,59.1073982629,valid
ma_54,32432,29485,111,1330,654,676,13705,7308,6397,8072,4400,3672,42,0,42,4899,3831,1068,1326,624,2323,90.9132955106,valid
nc_104,50611,37500,85,5848,2251,3597,23698,13405,10293,1569,1035,534,395,56,339,2710,2107,603,3195,4600,8511,74.0945644228,valid
ar_66,29131,15298,99,2466,1080,1386,7780,3016,4764,754,513,241,806,42,764,1705,926,779,1688,8268,5565,52.5145034499,valid
al_56,67746,49714,297,12252,5035,7217,24970,8642,16328,1346,272,1074,1260,543,717,5458,3586,1872,4131,2475,15557,73.3829303575,valid
nc_71,99643,81162,645,11402,5142,6260,52349,29089,23260,633,414,219,1169,499,670,7887,5104,2783,7077,3570,14911,81.4527864476,valid
oh_115,42298,33636,719,9200,2431,6769,16416,5359,11057,2338,458,1880,120,87,33,3331,1374,1957,1512,1044,7618,79.5214903778,valid
wi_45,26665,20963,263,4506,1039,3467,14037,4309,9728,217,59,158,225,137,88,1211,432,779,504,1141,4561,78.6161635102,valid
il_37,33773,22715,109,4407,1714,2693,11401,2797,8604,897,406,491,345,206,139,4786,2065,2721,770,1339,9719,67.2578687117,valid
tn_98,52093,28810,1512,9012,3655,5357,7876,2776,5100,127,21,106,4067,1644,2423,3246,1353,1893,2970,2261,21022,55.304935404,valid
ut_12,103355,77354,1046,32082,11945,20137,16877,7692,9185,2037,1221,816,5750,1491,4259,11769,6100,5669,7793,5051,20950,74.8430167868,valid
tx_55,22725,14742,249,1127,324,803,7089,1598,5491,35,0,35,1790,338,1452,2403,977,1426,2049,859,7124,64.8712871287,valid
ca_232,46879,36374,400,8224,4300,3924,17575,9093,8482,974,706,268,392,87,305,4473,2295,2178,4336,2683,7822,77.591245547,valid
il_31,54161,40104,410,8149,3052,5097,21839,10338,11501,2842,1701,1141,918,369,549,2109,1096,1013,3837,1555,12502,74.0459001865,valid
ny_251,45772,24540,231,4101,957,3144,14344,3165,11179,949,228,721,84,57,27,3600,1757,1843,1231,1911,19321,53.6135628769,valid
la_86,47151,30872,193,9956,2265,7691,14064,3791,10273,199,35,164,1267,640,627,3336,1538,1798,1857,2337,13942,65.4747513308,valid
wi_100,33267,17688,263,4075,1150,2925,7793,3533,4260,972,674,298,456,265,191,2542,1137,1405,1587,1970,13609,53.1698079178,valid
pa_169,54402,45004,441,3747,755,2992,21104,7013,14091,14506,7533,6973,72,0,72,4353,2646,1707,781,1963,7435,82.7248998199,valid
mi_144,51041,40009,387,7448,3651,3797,24608,11318,13290,1251,668,583,113,39,74,2622,1189,1433,3580,2549,8483,78.386003409,valid
al_99,87593,63931,401,9610,4166,5444,40891,25239,15652,321,22,299,410,104,306,6709,4536,2173,5589,2826,20836,72.9864258559,valid
az_50,263546,220433,1952,41231,13272,27959,130390,48540,81850,6401,1984,4417,5972,1902,4070,21607,12049,9558,12880,8547,34566,83.6411859789,valid
ga_69,27032,19128,0,6878,442,6436,10455,3988,6467,0,0,0,118,0,118,788,222,566,889,1133,6771,70.7605800533,valid
nj_23,161331,123029,708,6199,2516,3683,86622,45632,40990,9794,4648,5146,2257,529,1728,14227,7509,6718,3222,4682,33620,76.2587475439,valid
tx_296,38317,27006,1091,7427,3854,3573,4750,1218,3532,1113,530,583,3388,1164,2224,1807,928,879,7430,410,10901,70.4804655897,valid
ga_58,53017,35916,275,5568,2212,3356,20605,8861,11744,328,149,179,596,362,234,3350,1668,1682,5194,2745,14356,67.7443084294,valid
mn_42,168011,129665,1569,26402,11221,15181,68437,31614,36823,3826,1682,2144,2687,1203,1484,12135,6983,5152,14609,8142,30204,77.1764943962,valid
tx_333,32737,28653,0,7893,3076,4817,8842,4025,4817,2232,1339,893,1037,703,334,5097,1906,3191,3552,1725,2359,87.5248190121,valid
wv_31,85585,61229,542,10438,4087,6351,35602,15326,20276,1165,912,253,1768,610,1158,6802,2706,4096,4912,4286,20070,71.5417421277,valid
il_145,61019,44210,414,9435,3474,5961,22614,7550,15064,576,156,420,2428,422,2006,5025,1483,3542,3718,1366,15443,72.4528425572,valid
fl_138,275659,217035,1834,54151,18712,35439,112422,43327,69095,7349,3659,3690,2679,1030,1649,26790,14086,12704,11810,9640,48984,78.7331449363,valid
ny_159,45515,37655,250,2680,500,2180,29317,14445,14872,666,525,141,128,128,0,2472,1589,883,2142,1077,6783,82.7309678128,valid
ca_77,48285,40644,379,11059,4035,7024,18507,5533,12974,4560,836,3724,706,349,357,3935,2046,1889,1498,1617,6024,84.1752096925,valid
wa_158,58831,47575,483,10903,4940,5963,27029,14413,12616,609,405,204,902,361,541,4112,2032,2080,3537,2389,8867,80.8672298618,valid
ca_111,21845,17625,152,3369,711,2658,10722,2020,8702,115,67,48,409,100,309,1688,1224,464,1170,888,3332,80.6820782788,valid
ma_58,43140,34674,171,3650,1188,2462,25692,12329,13363,907,475,432,350,277,73,2053,1250,803,1851,2843,5623,80.3755215577,valid
fl_210,44719,35695,495,2910,1215,1695,17515,7674,9841,8126,3719,4407,294,142,152,5372,3794,1578,983,1929,7095,79.8206578859,valid
ca_182,33065,25218,232,4117,747,3370,15189,3061,12128,384,180,204,1303,83,1220,3664,1350,2314,329,1179,6668,76.2679570543,valid
ia_28,29123,21032,165,1719,466,1253,14060,5916,8144,250,147,103,251,159,92,3178,1743,1435,1409,464,7627,72.2178347011,valid
ny_144,39198,27618,292,3129,511,2618,19051,5064,13987,134,111,23,1096,401,695,1999,934,1065,1917,1673,9907,70.4576764121,valid
tx_24,880444,641451,5319,133839,57832,76007,212230,91459,120771,93171,39502,53669,12384,5359,7025,113302,58979,54323,71206,32839,206154,72.8554002299,valid
fl_96,40851,26402,336,5206,1634,3572,15985,4612,11373,385,122,263,518,421,97,3066,1559,1507,906,2739,11710,64.6299968177,valid
oh_135,44586,31284,239,8305,3268,5037,14987,6233,8754,190,59,131,1301,426,875,2820,1089,1731,3442,2602,10700,70.1655228099,valid
ak_21,51953,42186,498,21910,8631,13279,11025,5930,5095,121,81,40,1284,207,1077,4081,2338,1743,3267,1643,8124,81.2003156699,valid
pa_157,56202,40343,633,6153,2168,3985,21334,6474,14860,5871,2692,3179,382,176,206,4166,1739,2427,1804,2731,13128,71.7821429842,valid
sc_46,258583,183367,2110,43758,17242,26516,81060,33453,47607,7529,4029,3500,3785,1074,2711,28379,16498,11881,16746,10596,64620,70.9122409439,valid
or_37,65201,53512,250,7444,2758,4686,35429,16567,18862,632,309,323,1352,516,836,4622,2959,1663,3783,3399,8290,82.0723608534,valid
oh_66,59009,34816,410,8077,2509,5568,16633,7497,9136,747,469,278,660,166,494,2878,1117,1761,5411,4013,20180,59.0011693132,valid
tx_203,58545,44137,1099,12019,4698,7321,12651,5254,7397,4081,1750,2331,4945,1920,3025,5342,3333,2009,4000,3755,10653,75.3898710394,valid
ca_179,41895,32166,94,5157,1329,3828,13162,4235,8927,4008,988,3020,1978,471,1507,4417,1820,2597,3350,1317,8412,76.7776584318,valid
pa_149,47245,38756,497,1657,315,1342,17315,7674,9641,10556,4869,5687,555,182,373,6484,4201,2283,1692,775,7714,82.0319610541,valid
va_111,47020,40302,122,3441,1827,1614,27750,8761,18989,2977,1089,1888,174,0,174,3161,1889,1272,2677,2850,3868,85.7124627818,valid
al_94,25898,19139,268,3585,1362,2223,11331,4128,7203,21,21,0,423,106,317,2136,630,1506,1375,1071,5688,73.9014595722,valid
oh_118,53817,36128,981,7625,1417,6208,20186,5764,14422,806,408,398,857,158,699,3836,1962,1874,1837,3167,14522,67.1312038947,valid
oh_15,28002,18816,646,4352,964,3388,8992,1969,7023,181,54,127,956,164,792,2066,767,1299,1623,459,8727,67.1952003428,valid
al_14,43851,29618,496,5830,1807,4023,15723,5745,9978,628,133,495,1384,616,768,1922,424,1498,3635,1757,12476,67.5423593533,valid
co_102,273050,206970,2112,40945,17401,23544,116323,54972,61351,3307,1361,1946,4831,1942,2889,25370,13380,11990,14082,13521,52559,75.7993041567,valid
ok_22,244173,177000,1221,30985,11457,19528,98838,45093,53745,6665,3312,3353,4098,1684,2414,20796,10479,10317,14397,11976,55197,72.4895873008,valid
ca_450,56632,44888,473,6067,1629,4438,27045,11536,15509,817,241,576,1421,285,1136,5546,2469,3077,3519,2505,9239,79.262607713,valid
ok_44,42392,24384,592,8073,2637,5436,5442,2046,3396,849,359,490,3243,1018,2225,3054,1500,1554,3131,2591,15417,57.5202868466,valid
in_81,282975,187798,2447,46632,11375,35257,92627,27496,65131,13348,4077,9271,3916,679,3237,15059,6537,8522,13769,12993,82184,66.3655799982,valid
wi_40,231386,143848,1469,29031,11311,17720,80797,38049,42748,5263,3017,2246,1902,562,1340,12964,5787,7177,12422,15409,72129,62.167979048,valid
ca_147,56274,34747,612,9338,2227,7111,13185,2239,10946,4169,646,3523,629,314,315,4374,1752,2622,2440,5329,16198,61.746099442,valid
tx_367,48922,34401,645,4568,2127,2441,15673,4669,11004,2031,977,1054,1834,932,902,6063,3074,2989,3587,2777,11744,70.3180573157,valid
il_202,50356,39707,1283,11321,2548,8773,18999,7248,11751,761,296,465,843,235,608,3617,1371,2246,2883,1447,9202,78.8525697037,valid
in_63,29623,21433,465,2655,764,1891,13411,5159,8252,285,47,238,301,127,174,1789,515,1274,2527,2406,5784,72.3525638862,valid
ga_54,26791,24810,115,6833,3477,3356,13358,9290,4068,1578,1104,474,424,0,424,1770,1328,442,732,401,1580,92.6057258034,valid
ar_35,25589,17564,128,6168,1332,4836,6238,2327,3911,1043,683,360,535,381,154,2008,1028,980,1444,1199,6826,68.6388682637,valid
tn_58,262930,183163,3024,55020,24463,30557,72795,29800,42995,8877,4269,4608,8762,3307,5455,18338,10017,8321,16347,12080,67687,69.6622675237,valid
ca_488,47718,34811,327,7410,1509,5901,10949,3653,7296,9813,4220,5593,409,235,174,4088,2283,1805,1815,1009,11898,72.9515067689,valid
az_54,285623,220577,1898,38871,13036,25835,137167,61477,75690,4972,2369,2603,3534,1357,2177,21141,10522,10619,12994,13016,52030,77.2266239063,valid
oh_202,26819,20687,197,4044,1912,2132,11447,4759,6688,1680,734,946,284,107,177,1933,1300,633,1102,1087,5045,77.1356128118,valid
wa_159,26836,17935,313,4232,1737,2495,8892,3034,5858,390,67,323,719,123,596,1193,424,769,2196,1619,7282,66.8318676405,valid
tx_125,49682,29149,135,6712,2857,3855,13777,5967,7810,273,212,61,359,71,288,3422,1126,2296,4471,1193,19340,58.6711485045,valid
ca_317,74256,66151,122,10446,4559,5887,42040,18960,23080,2533,1394,1139,808,339,469,8569,3473,5096,1633,1453,6652,89.0850570998,valid
md_88,40726,32467,191,2472,534,1938,11259,3819,7440,10677,4571,6106,229,153,76,6767,2721,4046,872,1352,6907,79.720571625,valid
mi_165,41629,26645,327,3436,1139,2297,17537,5520,12017,355,70,285,1025,455,570,2745,1475,1270,1220,4552,10432,64.0058612986,valid
fl_147,239838,169221,3089,44935,14086,30849,75977,23311,52666,13105,8205,4900,4117,1090,3027,19048,9526,9522,8950,6711,63906,70.5563755535,valid
nm_36,36189,23062,346,6264,2225,4039,8388,3341,5047,1922,1029,893,1909,451,1458,2368,1466,902,1865,987,12140,63.7265467407,valid
fl_197,66254,39628,1106,17468,4372,13096,10785,2632,8153,726,323,403,2138,512,1626,4621,1868,2753,2784,3863,22763,59.8122377517,valid
ma_25,24206,16089,103,1580,118,1462,4865,2003,2862,1945,449,1496,181,72,109,1244,803,441,6171,327,7790,66.466991655,valid
oh_97,59617,50021,232,5841,1924,3917,32482,12820,19662,1468,460,1008,717,245,472,6751,3666,3085,2530,1067,8529,83.9039200228,valid
ct_74,42930,34494,45,7378,1970,5408,20213,6884,13329,1366,953,413,113,113,0,4619,2698,1921,760,768,7668,80.3494060098,valid
co_57,36382,28691,476,6842,2382,4460,10977,3240,7737,586,147,439,3789,1132,2657,3391,1534,1857,2630,1873,5818,78.8604254851,valid
pa_95,69389,45481,1339,16652,4552,12100,15384,4290,11094,826,438,388,1947,404,1543,6712,2735,3977,2621,3296,20612,65.5449711049,valid
ca_337,30239,16106,692,3217,894,2323,6597,2513,4084,415,163,252,402,57,345,2767,1524,1243,2016,1845,12288,53.2623433315,valid
tx_148,41352,30478,667,3523,1427,2096,13202,6409,6793,538,105,433,2201,657,1544,5680,3354,2326,4667,1412,9462,73.703811182,valid
md_15,60362,48844,1116,8833,3546,5287,27797,11218,16579,511,210,301,2966,733,2233,3610,2045,1565,4011,1722,9796,80.9184586329,valid
ga_121,33892,24066,597,7106,1493,5613,5299,1204,4095,3935,946,2989,158,78,80,5847,1360,4487,1124,360,9466,71.0079074708,valid
wi_101,49678,35340,346,8320,2780,5540,20046,8385,11661,2182,1255,927,298,74,224,2172,1322,850,1976,1353,12985,71.1381295543,valid
ca_114,20668,18367,357,6068,1934,4134,8158,2875,5283,465,30,435,458,215,243,1853,1107,746,1008,177,2124,88.8668473002,valid
oh_45,219701,162276,2535,36897,13454,23443,80138,35599,44539,4254,2130,2124,2074,926,1148,28230,6760,21470,8148,7704,49721,73.8622036313,valid
sc_64,76763,54069,303,8043,2842,5201,21454,8774,12680,3171,719,2452,234,40,194,16810,8976,7834,4054,3073,19621,70.4362778943,valid
ca_20,257183,179094,3654,50967,17586,33381,64511,27287,37224,6556,3920,2636,7871,2067,5804,29646,13857,15789,15889,10773,67316,69.6367955891,valid
oh_192,62780,36786,410,8462,2606,5856,17494,7482,10012,851,500,351,660,166,494,3561,1392,2169,5348,4321,21673,58.595093979,valid
il_77,28984,17586,97,3055,730,2325,9789,2546,7243,450,170,280,939,195,744,1388,849,539,1868,1503,9895,60.6748550925,valid
tn_51,286871,183169,4283,34659,11262,23397,90213,33880,56333,9632,4025,5607,7666,1616,6050,17942,8187,9755,18774,11800,91902,63.8506506409,valid
tx_63,68696,35598,391,6328,1908,4420,19569,6403,13166,1698,1143,555,898,263,635,5072,2891,2181,1642,5133,27965,51.8196110399,valid
ak_26,34056,24929,215,8891,2346,6545,10337,3820,6517,59,0,59,732,322,410,3055,2066,989,1640,2166,6961,73.2000234907,valid
al_40,32945,22636,149,3099,1421,1678,8219,3958,4261,862,624,238,503,359,144,2298,1254,1044,7506,707,9602,68.7084534831,valid
ut_34,236237,187961,2397,55456,20239,35217,74335,30588,43747,3740,1452,2288,13347,3086,10261,19740,9912,9828,18946,11436,36840,79.5645897975,valid
il_264,24400,20110,222,4130,2043,2087,11410,6353,5057,756,182,574,470,306,164,2104,1515,589,1018,942,3348,82.4180327869,valid
ct_56,48478,42960,177,2773,1147,1626,33218,12898,20320,1453,757,696,182,46,136,4610,2613,1997,547,706,4812,88.6175172243,valid
ny_100,247476,211333,1044,8365,2890,5475,115372,46219,69153,50532,24776,25756,680,226,454,29983,17310,12673,5357,7522,28621,85.3953514684,valid
tx_250,42132,32452,267,3638,1523,2115,12839,5251,7588,6678,2722,3956,647,346,301,5605,2596,3009,2778,1857,7823,77.0245893857,valid
md_102,52683,44620,377,4444,1081,3363,18656,5374,13282,14016,4456,9560,931,394,537,3985,2231,1754,2211,1148,6915,84.6952527381,valid
nc_34,30124,21599,270,6456,1968,4488,10242,2769,7473,356,260,96,364,109,255,2972,1798,1174,939,1134,7391,71.7003054043,valid
ny_107,300575,238666,1637,27054,8650,18404,141666,62273,79393,29427,14536,14891,1130,883,247,29637,17148,12489,8115,14374,47535,79.403143974,valid
ok_28,232102,164183,2113,25524,11228,14296,92596,40371,52225,5791,3226,2565,2136,756,1380,17347,10758,6589,18676,18146,49773,70.7374344038,valid
il_241,53392,43242,1287,8878,3818,5060,24697,10424,14273,1996,398,1598,443,74,369,3957,1912,2045,1984,829,9321,80.9896613725,valid
ut_35,211662,174321,1842,46131,19391,26740,77289,40093,37196,13185,7770,5415,7229,3157,4072,18743,11258,7485,9902,12335,25006,82.358193724,valid
il_76,25244,20872,165,4435,1142,3293,12226,4719,7507,482,265,217,723,158,565,2069,1273,796,772,1020,3352,82.6810331168,valid
ut_50,36045,30539,693,9038,4127,4911,14816,6362,8454,663,287,376,1013,506,507,2583,2124,459,1733,1802,3704,84.7246497434,valid
ct_71,44495,35189,422,8600,2867,5733,19359,7743,11616,1026,517,509,252,124,128,3453,1535,1918,2077,1251,8055,79.0852904821,valid
co_11,119264,82462,2517,29649,8869,20780,16996,6140,10856,1668,667,1001,11293,4006,7287,10831,4443,6388,9508,3936,32866,69.1424067615,valid
ia_39,48495,35867,764,9114,3402,5712,12585,4647,7938,2517,1140,1377,1893,660,1233,5850,3147,2703,3144,2222,10406,73.9602020827,valid
nj_160,26761,23218,152,1165,665,500,11044,5467,5577,8127,4014,4113,100,100,0,2294,1413,881,336,648,2895,86.7605844326,valid
il_35,113248,83788,1435,14343,4510,9833,48577,22531,26046,224,0,224,2787,812,1975,8854,4130,4724,7568,3730,25730,73.9862955637,valid
fl_81,38221,30662,485,5314,952,4362,16764,5393,11371,2100,703,1397,410,39,371,3328,1747,1581,2261,1593,5966,80.2229141048,valid
tx_253,41778,37973,165,4987,2386,2601,7383,4212,3171,16258,8510,7748,687,470,217,6259,4824,1435,2234,1322,2483,90.8923356791,valid
ms_30,278146,180703,3268,48596,15935,32661,72009,23665,48344,3776,1669,2107,9315,3053,6262,17681,8488,9193,26058,15296,82147,64.9669597981,valid
wv_34,41985,26316,515,8388,391,7997,11713,1803,9910,965,55,910,1876,7,1869,2553,1198,1355,306,598,15071,62.679528403,valid
il_160,52556,42166,610,7510,2697,4813,24961,12512,12449,125,59,66,1339,855,484,3747,2056,1691,3874,1107,9283,80.2306111576,valid
ma_69,285301,236084,1449,20053,7119,12934,124174,63916,60258,50969,27828,23141,1255,379,876,28034,16571,11463,10150,8621,40596,82.7490965682,valid
ca_289,184712,139769,890,30854,11524,19330,46211,20725,25486,31010,16234,14776,2452,782,1670,15890,9157,6733,12462,5556,39387,75.6686084283,valid
la_36,158354,95105,555,18655,8115,10540,49466,21658,27808,1165,527,638,2608,1777,831,17226,6005,11221,5430,9677,53572,60.0584765778,valid
il_43,31891,27223,266,5533,2684,2849,14358,8129,6229,1944,867,1077,259,189,70,3526,2000,1526,1337,633,4035,85.3626414976,valid
ia_55,45298,30142,969,8583,2682,5901,7527,1962,5565,1848,604,1244,3224,773,2451,2981,1484,1497,5010,1652,13504,66.5415691642,valid
il_216,47271,40583,423,10576,4532,6044,19330,11043,8287,1697,549,1148,2721,838,1883,3309,1605,1704,2527,964,5724,85.8517907385,valid
ca_432,70300,61581,240,11446,5379,6067,34492,17313,17179,3107,1810,1297,954,926,28,9980,6552,3428,1362,1388,7331,87.5974395448,valid
tx_62,20440,14252,279,5336,718,4618,3096,847,2249,947,310,637,1287,96,1191,907,485,422,2400,1250,4938,69.7260273973,valid
ny_233,67325,45859,507,7766,2805,4961,27110,11911,15199,6405,4743,1662,122,122,0,3004,1074,1930,945,3471,17995,68.1158559228,valid
fl_290,38627,35407,262,5036,1211,3825,25166,11288,13878,178,41,137,123,86,37,3992,3142,850,650,824,2396,91.6638620654,valid
mo_17,29915,22400,433,6805,2946,3859,7415,2965,4450,1128,668,460,986,208,778,3488,1307,2181,2145,2378,5137,74.8788233328,valid
pa_101,55223,39213,1103,13802,3462,10340,19273,5098,14175,224,101,123,819,146,673,3158,1250,1908,834,1974,14036,71.0084566213,valid
nc_190,47447,33586,353,13057,5995,7062,12335,6124,6211,958,666,292,1322,271,1051,2588,1384,1204,2973,1824,12037,70.7863510865,valid
fl_249,43401,33177,93,4753,1190,3563,21973,8003,13970,934,575,359,284,192,92,3697,1706,1991,1443,1500,8724,76.4429391028,valid
mn_113,30148,25572,641,6974,2779,4195,13387,6970,6417,348,195,153,259,131,128,2275,1341,934,1688,1010,3566,84.8215470346,valid
mo_19,28441,20571,624,8409,2460,5949,6703,2840,3863,465,0,465,625,110,515,2171,914,1257,1574,1504,6366,72.3286804261,valid
tx_159,266417,222650,1651,53612,20609,33003,101332,52326,49006,11638,4658,6980,4557,2410,2147,32551,16827,15724,17309,9509,34258,83.5719942796,valid
nv_28,261723,200346,3111,60848,21843,39005,73217,30771,42446,6738,3456,3282,6857,2121,4736,34928,20149,14779,14647,11414,49963,76.5488703706,valid
ca_516,52579,47029,306,12923,7030,5893,24885,12968,11917,1134,709,425,585,281,304,4419,2463,1956,2777,1340,4210,89.4444550106,valid
mi_109,59007,38543,1492,5857,1342,4515,15582,4279,11303,460,82,378,5580,1476,4104,3487,1558,1929,6085,3078,17386,65.3193688884,valid
ut_42,45250,32624,538,13376,3827,9549,6475,2235,4240,664,237,427,3314,386,2928,4124,2123,2001,4133,2529,10097,72.0972375691,valid
nc_138,46150,34506,209,5388,1987,3401,19154,8479,10675,1944,1103,841,779,260,519,3518,2362,1156,3514,1662,9982,74.7692307692,valid
wa_58,86332,66281,1098,11278,4129,7149,40999,17023,23976,1038,627,411,761,110,651,5447,2809,2638,5660,3074,16977,76.7745447806,valid
nc_73,115731,83244,1498,14325,4459,9866,48193,18362,29831,3141,1782,1359,734,226,508,7339,4564,2775,8014,7232,25255,71.9288695337,valid
co_31,32954,25292,262,4715,1804,2911,14372,7306,7066,223,57,166,534,191,343,2017,1172,845,3169,2131,5531,76.7494082661,valid
tx_344,35241,30710,277,6670,2834,3836,16082,10328,5754,1059,343,716,593,261,332,3639,2443,1196,2390,293,4238,87.1428166057,valid
in_29,361596,253430,2995,58774,15404,43370,127473,40787,86686,20062,6266,13796,4514,756,3758,20865,9948,10917,18747,15180,92986,70.0865053817,valid
ny_272,41881,29654,482,4160,446,3714,22570,6544,16026,497,80,417,151,0,151,1026,173,853,768,2748,9479,70.80537714,valid
oh_187,40247,27624,827,6490,2332,4158,13433,5169,8264,452,75,377,1130,473,657,2250,1258,992,3042,2349,10274,68.6361716401,valid
mi_154,45602,36830,293,5265,2865,2400,23001,8733,14268,1445,908,537,622,195,427,3063,1531,1532,3141,778,7994,80.7640015789,valid
la_43,25109,15698,39,4436,733,3703,8091,2324,5767,120,35,85,365,146,219,1875,936,939,772,1140,8271,62.5194153491,valid
wa_85,35586,21940,719,7747,1726,6021,5465,2298,3167,234,234,0,2956,750,2206,2319,903,1416,2500,1056,12590,61.6534592255,valid
ny_187,58460,50610,65,2405,708,1697,29276,14713,14563,13789,8889,4900,64,0,64,4016,2266,1750,995,1710,6140,86.572015053,valid
sc_78,72143,48778,1438,13537,4036,9501,19344,9031,10313,119,0,119,1782,379,1403,7112,3382,3730,5446,2356,21009,67.6129354199,valid
la_58,65681,45592,821,8479,3686,4793,23404,10746,12658,308,99,209,3447,1479,1968,4733,2062,2671,4400,3232,16857,69.4142902818,valid
ga_132,64465,57850,264,16123,6384,9739,25128,13414,11714,3031,1635,1396,807,412,395,10237,5106,5131,2260,948,5667,89.7386178546,valid
pa_152,57396,45073,706,10335,3980,6355,20613,5926,14687,2951,575,2376,371,137,234,8230,1788,6442,1867,1305,11018,78.5298627082,valid
il_236,27111,23551,286,3916,1499,2417,13149,6556,6593,729,442,287,230,85,145,4055,2707,1348,1186,290,3270,86.8687986426,valid
mo_85,39255,28915,1019,8828,1988,6840,9791,2084,7707,616,239,377,2760,1012,1748,2743,957,1786,3158,1434,8906,73.659406445,valid
ca_548,26698,20867,325,5690,879,4811,10653,2263,8390,339,299,40,273,42,231,1917,988,929,1670,649,5182,78.1594126901,valid
fl_311,35509,28502,687,4599,1093,3506,16659,4496,12163,1305,457,848,759,201,558,3512,1779,1733,981,1463,5544,80.2669745698,valid
va_151,67538,52620,576,3625,1324,2301,22810,10839,11971,12945,6534,6411,481,103,378,7087,2676,4411,5096,1927,12991,77.9116941574,valid
tx_298,42961,35353,728,13708,3589,10119,11915,4757,7158,1952,176,1776,1136,737,399,3025,1349,1676,2889,1006,6602,82.2909150159,valid
ks_48,67940,58771,241,6241,2995,3246,39434,21686,17748,2951,1978,973,645,459,186,5296,2553,2743,3963,1269,7900,86.5042684722,valid
wv_21,244552,155355,2601,44732,11801,32931,71841,25085,46756,3343,777,2566,6899,1756,5143,15472,6608,8864,10467,8650,80547,63.5263665805,valid
id_36,41835,30956,950,10186,4059,6127,8349,3874,4475,876,60,816,4353,1375,2978,2591,1239,1352,3651,2237,8642,73.9954583483,valid
nv_41,44819,28154,253,3908,2082,1826,14549,5971,8578,79,40,39,712,453,259,5450,3050,2400,3203,3308,13357,62.8171088155,valid
il_164,40953,36551,819,9396,4307,5089,17045,8281,8764,1676,1204,472,1562,651,911,3964,2745,1219,2089,542,3860,89.251092716,valid
ca_230,480730,411789,2851,56104,21774,34330,260854,119568,141286,14319,7540,6779,6722,2569,4153,48290,27804,20486,22649,11316,57625,85.6591017827,valid
sc_83,67998,52203,644,10969,5172,5797,27863,12754,15109,2802,556,2246,556,167,389,5956,2857,3099,3413,2000,13795,76.7713756287,valid
ar_25,34603,21567,405,3231,999,2232,12624,4524,8100,319,28,291,400,0,400,3444,1491,1953,1144,1840,11196,62.32696587,valid
fl_99,29265,22284,43,3428,697,2731,13809,3551,10258,902,31,871,528,0,528,2614,883,1731,960,669,6312,76.1455663762,valid
va_40,42759,28417,288,3242,1327,1915,19149,9516,9633,458,272,186,321,144,177,1755,773,982,3204,2065,12277,66.4585233518,valid
in_124,61734,38760,1301,15240,3632,11608,9143,2525,6618,1349,504,845,3894,1026,2868,3169,929,2240,4664,1639,21335,62.7854990767,valid
ca_352,47406,35890,313,6898,1308,5590,9616,2837,6779,1252,467,785,500,181,319,16519,1924,14595,792,766,10750,75.7077163228,valid
in_28,51877,33870,435,7808,3965,3843,16165,7278,8887,1183,868,315,986,670,316,3521,1606,1915,3772,2144,15863,65.2890490969,valid
wi_58,28389,23674,81,3631,1683,1948,14606,6704,7902,2180,1303,877,258,183,75,1487,621,866,1431,576,4139,83.3914544366,valid
ny_197,35276,30364,243,544,275,269,15921,6980,8941,7513,4179,3334,36,36,0,4558,2361,2197,1549,684,4228,86.0755187663,valid
ms_14,28256,17640,395,3892,764,3128,7675,2178,5497,159,93,66,648,170,478,1670,1004,666,3201,3021,7595,62.429218573,valid
ca_476,48058,33083,456,8672,3197,5475,12736,4031,8705,2712,1497,1215,2338,970,1368,3145,1481,1664,3024,3790,11185,68.8397353198,valid
id_11,55270,35921,1489,14161,3365,10796,6939,1324,5615,556,208,348,5504,1316,4188,3899,1525,2374,3373,3349,16000,64.9918581509,valid
wv_41,36202,25737,131,2654,1457,1197,18628,7271,11357,272,75,197,987,298,689,2380,1401,979,685,1238,9227,71.0927573062,valid
ms_13,59048,42357,275,11058,3772,7286,15432,6322,9110,809,369,440,2002,751,1251,10575,4748,5827,2206,3226,13465,71.7331662376,valid
co_87,43740,32520,682,12719,3310,9409,7298,2292,5006,461,225,236,2597,811,1786,4516,1643,2873,4247,2371,8849,74.3484224966,valid
la_19,167442,116193,1278,21079,8758,12321,61748,23432,38316,4972,2482,2490,1621,710,911,17841,8131,9710,7654,7967,43282,69.3929838392,valid
ny_285,25660,21556,208,457,128,329,15717,3616,12101,2787,677,2110,47,0,47,2205,983,1222,135,750,3354,84.0062353858,valid
ca_417,38421,28487,435,4404,2168,2236,8683,5220,3463,7622,5183,2439,887,442,445,2998,1444,1554,3458,2521,7413,74.1443481429,valid
nm_10,97693,52249,1688,20249,6761,13488,9990,3807,6183,1697,707,990,5404,1495,3909,5371,2518,2853,7850,4011,41433,53.4828493341,valid
wi_91,62882,47180,737,8060,2085,5975,29556,10202,19354,1081,744,337,1315,237,1078,3614,1288,2326,2817,2334,13368,75.0294201838,valid
ut_33,227360,185419,2132,55209,19580,35629,73750,25968,47782,5963,2638,3325,15602,4908,10694,16795,9594,7201,15968,7816,34125,81.5530436312,valid
tn_67,41837,25345,844,11294,3758,7536,5152,1602,3550,692,391,301,1081,576,505,4023,1185,2838,2259,1680,14812,60.5803475393,valid
ca_556,45497,38304,510,9034,2570,6464,19688,7945,11743,1255,713,542,888,501,387,5844,3905,1939,1085,1278,5915,84.1901663846,valid
fl_115,57077,48224,155,13387,4054,9333,22991,9012,13979,1692,1097,595,496,355,141,5516,2289,3227,3987,1234,7619,84.4893740035,valid
nj_123,70242,46482,393,3535,1389,2146,24553,7149,17404,7354,4079,3275,981,356,625,6476,2326,4150,3190,6866,16894,66.1740838814,valid
tx_229,49063,34736,489,8966,3790,5176,10460,3306,7154,924,255,669,3781,1499,2282,7430,2270,5160,2686,2528,11799,70.7987689297,valid
ne_33,63065,49669,482,10148,2641,7507,30270,8885,21385,437,45,392,625,261,364,4260,1819,2441,3447,2173,11223,78.7584238484,valid
ky_72,26906,19605,266,6741,3110,3631,8555,5002,3553,88,32,56,836,45,791,1921,1225,696,1198,402,6899,72.864788523,valid
ak_25,30272,25325,232,13418,6174,7244,7513,4467,3046,121,81,40,352,59,293,2245,1764,481,1444,816,4131,83.6581659619,valid
nc_120,51499,36520,524,7250,2247,5003,19442,7821,11621,1861,947,914,350,69,281,3865,2711,1154,3228,2734,12245,70.9139983301,valid
mo_116,49144,35756,243,11824,5724,6100,11650,6721,4929,2601,1325,1276,970,742,228,4912,3104,1808,3556,3889,9499,72.7576102881,valid
tx_204,59130,37732,796,8794,3696,5098,11015,3419,7596,582,101,481,4454,1585,2869,2770,782,1988,9321,1462,19936,63.8119397937,valid
tn_116,250302,147947,1273,34409,13535,20874,68655,26614,42041,4849,2487,2362,3635,1796,1839,23892,10718,13174,11234,21433,80922,59.1073982629,valid
tn_115,32913,23264,255,3790,1700,2090,12027,4694,7333,437,364,73,753,434,319,1599,755,844,4403,1786,7863,70.6833166226,valid
ks_25,54304,36912,740,8480,2390,6090,20089,6197,13892,1118,344,774,422,122,300,3407,1522,1885,2656,2981,14411,67.9728933412,valid
ca_398,51083,28956,948,12634,3042,9592,7257,2230,5027,444,212,232,626,140,486,3974,1564,2410,3073,3135,18992,56.6842197992,valid
nc_207,46834,32501,470,7029,2346,4683,18066,8130,9936,196,112,84,310,213,97,2090,1308,782,4340,1485,12848,69.3961651791,valid
in_64,28881,19181,479,3152,1369,1783,11270,4108,7162,462,267,195,275,132,143,1306,754,552,2237,2325,7375,66.4139053357,valid
la_23,158354,95105,555,18655,8115,10540,49466,21658,27808,1165,527,638,2608,1777,831,17226,6005,11221,5430,9677,53572,60.0584765778,valid
fl_94,29588,24009,46,569,113,456,14689,4767,9922,5824,1915,3909,60,60,0,2009,1015,994,812,932,4647,81.1443828579,valid
tx_10,277839,170457,5687,50515,17482,33033,35970,10695,25275,3525,812,2713,25557,8300,17257,22949,10126,12823,26254,16182,91200,61.35099824,valid
tn_89,57978,41870,281,8015,2128,5887,26335,8036,18299,930,443,487,1308,418,890,2858,1267,1591,2143,4002,12106,72.2170478457,valid
nm_17,18046,5547,178,2126,903,1223,978,575,403,82,82,0,445,110,335,493,227,266,1245,585,11914,30.7381137094,valid
nc_155,41126,26933,336,7385,2780,4605,11271,4203,7068,126,31,95,1311,543,768,2312,1219,1093,4192,1039,13154,65.4889850703,valid
md_89,49236,43445,659,1993,801,1192,13270,5314,7956,16998,8044,8954,273,0,273,9030,4892,4138,1222,838,4953,88.2382809327,valid
tx_401,31468,20907,0,4798,1594,3204,6717,3488,3229,309,69,240,1634,494,1140,3269,2144,1125,4180,1241,9320,66.4389220796,valid
nj_29,26533,15649,231,774,0,774,8884,1184,7700,3822,693,3129,49,0,49,1032,324,708,857,622,10262,58.9793841631,valid
tx_408,38907,24880,146,3918,1454,2464,13961,6458,7503,1400,821,579,516,116,400,3115,1585,1530,1824,1113,12914,63.9473616573,valid
mi_103,281665,240176,1921,33277,13067,20210,157440,67197,90243,8092,3401,4691,2713,994,1719,25594,14435,11159,11139,7823,33666,85.2700903556,valid
fl_70,20476,11783,728,1237,221,1016,7399,2091,5308,162,162,0,253,110,143,1754,450,1304,250,1374,7319,57.5454190272,valid
co_18,240131,204303,2406,57042,24083,32959,95092,45293,49799,3132,1387,1745,7336,3380,3956,19223,11269,7954,20072,6031,29797,85.0798106034,valid
ca_152,314210,271467,2499,76944,27301,49643,132182,59208,72974,9704,5044,4660,3732,1530,2202,29497,17383,12114,16909,6382,36361,86.3966773814,valid
fl_318,111033,87736,721,16279,6873,9406,59855,28731,31124,291,176,115,812,336,476,6364,3657,2707,3414,7409,15888,79.0179496186,valid
in_140,72659,49248,931,6366,2161,4205,32797,10819,21978,663,0,663,445,244,201,5193,2794,2399,2853,2231,21180,67.7796281259,valid
il_95,58122,40165,829,6993,1832,5161,22783,10600,12183,136,0,136,830,165,665,5101,2217,2884,3493,2597,15360,69.10464196,valid
ks_65,36845,30946,81,5427,2752,2675,18897,10858,8039,1370,620,750,567,123,444,3014,2216,798,1590,1464,4435,83.9896865246,valid
md_79,43215,35900,159,4497,1415,3082,13546,6489,7057,10503,5533,4970,200,0,200,5718,2743,2975,1277,1865,5450,83.0730070577,valid
ny_148,47392,38507,327,2737,858,1879,19472,8718,10754,10835,4586,6249,481,111,370,3939,1668,2271,716,766,8119,81.2521100608,valid
pr_61,44353,18119,822,5595,2033,3562,6036,2442,3594,206,0,206,1351,1037,314,806,423,383,3303,1275,24959,40.8518025838,valid
nj_65,26533,15649,231,774,0,774,8884,1184,7700,3822,693,3129,49,0,49,1032,324,708,857,622,10262,58.9793841631,valid
tx_47,170066,136203,2702,42907,13475,29432,55072,25328,29744,8050,2642,5408,3461,1458,2003,12465,6555,5910,11546,6489,27374,80.0883186528,valid
az_53,278419,228625,1663,45112,12764,32348,132828,49436,83392,3532,1931,1601,8077,2038,6039,26168,12823,13345,11245,9630,40164,82.1154447074,valid
nc_22,38409,22992,209,4533,1425,3108,12104,2945,9159,695,172,523,591,173,418,2265,1116,1149,2595,2213,13204,59.8609700851,valid
mi_13,41157,29397,1000,5503,1996,3507,12363,3850,8513,423,124,299,3939,895,3044,2783,1404,1379,3386,1475,10285,71.4264888111,valid
ga_84,53656,40347,338,12340,4534,7806,16040,8456,7584,1609,663,946,558,122,436,5051,1846,3205,4411,2322,10987,75.195691069,valid
co_52,277260,234663,3360,55973,23526,32447,128421,52279,76142,3317,1753,1564,4625,1825,2800,25830,14704,11126,13137,11124,31473,84.6364423285,valid
fl_227,40384,18574,293,4144,910,3234,9706,3609,6097,1529,1077,452,444,261,183,1689,929,760,769,2255,19555,45.9934627575,valid
ia_64,30399,22739,304,3635,1327,2308,10493,3906,6587,420,150,270,2626,932,1694,3794,1973,1821,1467,1065,6595,74.8018026909,valid
id_30,38667,28114,586,10232,3061,7171,9502,4555,4947,790,281,509,2095,1637,458,2851,1297,1554,2058,3956,6597,72.7079938966,valid
fl_262,49491,42205,180,8193,3950,4243,23121,10205,12916,1327,638,689,478,88,390,7518,5043,2475,1388,1237,6049,85.2781313774,valid
pr_55,28168,10372,568,2226,439,1787,5531,1264,4267,173,27,146,449,306,143,360,144,216,1065,2483,15313,36.8219255893,valid
nj_110,37944,33072,226,1610,405,1205,20252,8780,11472,5848,3156,2692,160,24,136,4334,2521,1813,642,1368,3504,87.1600253004,valid
nv_50,164597,127777,1450,35778,15437,20341,48228,21093,27135,5594,3311,2283,2520,958,1562,27014,15878,11136,7193,7058,29762,77.6302119723,valid
pa_32,52557,30113,714,7526,1518,6008,16431,3725,12706,597,68,529,1389,552,837,1827,748,1079,1629,2041,20403,57.2958882737,valid
fl_164,42894,36647,247,8002,3025,4977,18234,7493,10741,3341,1131,2210,325,205,120,5132,3153,1979,1366,1060,5187,85.4361915419,valid
la_80,47348,30929,251,6457,2282,4175,13804,6604,7200,917,285,632,284,35,249,5678,2318,3360,3538,1953,14466,65.3227169046,valid
ct_80,29237,24113,255,7051,2914,4137,12633,5595,7038,830,375,455,547,91,456,1923,1044,879,874,563,4561,82.4742620652,valid
mi_101,293190,222631,2687,24879,7907,16972,161679,63243,98436,3981,1821,2160,2333,1259,1074,17429,9053,8376,9643,10675,59884,75.9340359494,valid
ca_62,46030,39942,234,12370,6292,6078,21021,13427,7594,930,431,499,215,132,83,3269,1955,1314,1903,1866,4222,86.7738431458,valid
nj_92,38353,33697,106,872,247,625,29270,14001,15269,733,176,557,48,48,0,2100,985,1115,568,476,4180,87.8601413188,valid
ga_72,255014,188270,2277,55246,21645,33601,77297,33631,43666,6897,3181,3716,6140,2523,3617,24419,12750,11669,15994,12801,53943,73.8273192844,valid
fl_327,530459,408083,4928,91070,31896,59174,218205,78405,139800,17830,6891,10939,6143,2515,3628,52969,28611,24358,16938,20470,101906,76.9301680243,valid
il_79,24349,22596,86,4471,1284,3187,14091,6885,7206,801,413,388,271,0,271,2236,1384,852,640,414,1339,92.8005256889,valid
ny_139,46611,28297,249,4375,1132,3243,17507,6173,11334,140,90,50,621,348,273,1728,1084,644,3677,2785,15529,60.7088455515,valid
mo_127,43527,37483,184,13580,4472,9108,13456,5569,7887,2993,975,2018,976,417,559,4720,2461,2259,1574,1044,5000,86.1143657959,valid
ia_60,43382,31526,775,8093,3232,4861,12866,4778,8088,267,148,119,2729,807,1922,2711,997,1714,4085,1229,10627,72.6706929141,valid
nj_171,93022,57499,194,3862,929,2933,33025,10595,22430,1975,698,1277,123,123,0,16302,10636,5666,2018,5531,29992,61.8122594655,valid
fl_206,54143,45049,654,10280,4454,5826,27759,14171,13588,170,125,45,368,197,171,3988,2196,1792,1830,3305,5789,83.2037382487,valid
ca_253,42999,32543,364,9644,4588,5056,13675,5748,7927,2199,884,1315,481,288,193,2168,1074,1094,4012,2144,8312,75.6831554222,valid
fl_87,57077,48224,155,13387,4054,9333,22991,9012,13979,1692,1097,595,496,355,141,5516,2289,3227,3987,1234,7619,84.4893740035,valid
tx_459,102304,94128,686,9802,4614,5188,26295,12763,13532,36782,18473,18309,948,479,469,12068,7036,5032,7547,1527,6649,92.0081326243,valid
mn_110,21941,18682,0,5005,1803,3202,9449,4132,5317,462,277,185,615,42,573,1733,923,810,1418,141,3118,85.1465293287,valid
il_12,597552,403777,9736,130283,36526,93757,131034,45278,85756,5700,1825,3875,37360,12052,25308,42478,19920,22558,47186,21233,172542,67.5718598549,valid
ma_23,38846,24337,292,3010,598,2412,16884,5588,11296,380,0,380,350,224,126,2046,751,1295,1375,1139,13370,62.6499510889,valid
az_15,49002,36656,600,11041,5122,5919,14667,5942,8725,258,0,258,2054,461,1593,5524,2226,3298,2512,3307,9039,74.8051099955,valid
ca_183,30189,26634,149,5427,2223,3204,16334,9063,7271,840,466,374,425,195,230,2348,1397,951,1111,849,2706,88.224187618,valid
ky_47,40434,27864,918,7278,2386,4892,11472,4360,7112,117,117,0,2012,633,1379,2936,1687,1249,3131,1505,11065,68.9123015284,valid
nh_30,56347,45409,407,4479,1431,3048,33690,12019,21671,355,228,127,527,199,328,4200,1748,2452,1751,3059,7879,80.5881413385,valid
al_76,47981,20376,816,6759,2221,4538,3972,1531,2441,159,61,98,2097,348,1749,3993,1539,2454,2580,2276,25329,42.4668097789,valid
mi_88,40647,19696,215,3211,833,2378,12187,2099,10088,441,55,386,600,0,600,2224,1143,1081,818,2033,18918,48.4562206313,valid
or_79,44497,37385,254,4175,1449,2726,17401,6960,10441,8797,5051,3746,1241,933,308,2788,1392,1396,2729,1486,5626,84.0169000157,valid
mi_31,33858,24183,610,3932,1268,2664,12941,4909,8032,1053,695,358,1278,412,866,1805,874,931,2564,2184,7491,71.4247740564,valid
oh_65,329894,248501,2096,33218,15014,18204,147899,60983,86916,7672,4184,3488,2671,1246,1425,36233,14722,21511,18712,15439,65954,75.3275294489,valid
ct_84,32258,27686,92,1568,613,955,21462,7275,14187,1003,390,613,136,0,136,3049,1763,1286,376,449,4123,85.8267716535,valid
me_29,43736,31855,549,4678,1433,3245,20025,8230,11795,513,196,317,255,23,232,3053,1439,1614,2782,1638,10243,72.8347356868,valid
tn_38,80265,55432,470,12550,1742,10808,28978,11987,16991,2392,1037,1355,1037,334,703,3547,1267,2280,6458,2952,21881,69.0612346602,valid
fl_272,43646,31874,62,3396,1074,2322,21786,6312,15474,2351,954,1397,193,80,113,2926,1706,1220,1160,979,10793,73.0284562159,valid
tx_193,251430,180788,3835,38613,17891,20722,66958,31900,35058,5123,2431,2692,10710,4265,6445,20267,12211,8056,35282,11051,59591,71.9039096369,valid
id_18,28811,21415,615,6746,3391,3355,8053,3354,4699,366,139,227,989,475,514,2223,878,1345,2423,928,6468,74.3292492451,valid
ca_209,27476,22465,347,4897,2661,2236,11313,6368,4945,1920,1308,612,202,54,148,2625,1552,1073,1161,796,4215,81.7622652497,valid
mo_94,43836,37929,43,10128,3994,6134,17037,6822,10215,4366,1916,2450,316,135,181,4481,2387,2094,1558,1240,4667,86.5247741582,valid
ia_58,72954,51611,1356,12893,3768,9125,22048,7165,14883,1854,560,1294,3187,913,2274,6104,2508,3596,4169,3879,17464,70.7445787757,valid
ar_59,42351,24727,1125,9789,3669,6120,4653,1910,2743,310,150,160,2078,690,1388,2468,739,1729,4304,1852,15772,58.3858704635,valid
va_104,70067,44961,1436,14868,2727,12141,11504,4426,7078,538,231,307,4596,1123,3473,5323,2038,3285,6696,2055,23051,64.1685815006,valid
hi_19,76391,59540,1649,11062,3650,7412,35014,15446,19568,1057,228,829,669,228,441,5139,3197,1942,4950,2118,14733,77.9411187182,valid
ga_141,34169,29756,79,9048,4225,4823,13799,6843,6956,1316,804,512,674,125,549,3914,2062,1852,926,795,3618,87.0847844537,valid
il_59,55322,45209,601,9331,3803,5528,25001,12534,12467,1595,862,733,378,80,298,6318,4530,1788,1985,1306,8807,81.7197498283,valid
ms_31,59048,42357,275,11058,3772,7286,15432,6322,9110,809,369,440,2002,751,1251,10575,4748,5827,2206,3226,13465,71.7331662376,valid
mn_102,52706,40699,893,12333,4452,7881,12414,5084,7330,2401,1439,962,2461,928,1533,5421,2848,2573,4776,1686,10321,77.2189124578,valid
nc_64,170554,136302,598,21831,7204,14627,83322,43399,39923,6649,3687,2962,1736,394,1342,12362,7846,4516,9804,9700,24552,79.9172109713,valid
tx_440,94785,78071,390,7073,3568,3505,26681,11987,14694,24030,11088,12942,1144,520,624,7851,3539,4312,10902,3423,13291,82.3664081869,valid
nm_22,25003,14162,356,4846,1750,3096,3909,1061,2848,133,0,133,655,254,401,3068,1311,1757,1195,715,10126,56.6412030556,valid
ut_57,42898,35282,614,9587,3784,5803,13678,5300,8378,1179,603,576,4024,1526,2498,2983,1965,1018,3217,1327,6289,82.2462585668,valid
ca_88,25789,23651,186,5939,3285,2654,11284,5733,5551,1746,1008,738,540,376,164,2750,1556,1194,1206,264,1874,91.7096436465,valid
pa_134,45694,35413,563,6679,2161,4518,22942,8577,14365,189,81,108,592,184,408,2688,1227,1461,1760,948,9333,77.5003282707,valid
wi_52,28389,23674,81,3631,1683,1948,14606,6704,7902,2180,1303,877,258,183,75,1487,621,866,1431,576,4139,83.3914544366,valid
ri_32,49115,40965,101,1206,533,673,21912,8157,13755,9111,5060,4051,221,91,130,6837,3292,3545,1577,878,7272,83.406291357,valid
ca_314,46195,36065,440,7996,4198,3798,16858,8988,7870,774,604,170,589,150,439,4826,2494,2332,4582,2453,7677,78.071219829,valid
pa_85,289860,219684,4196,40358,13050,27308,117079,45144,71935,20471,10764,9707,5354,1621,3733,19330,9512,9818,12896,7822,62354,75.7896915752,valid
ny_83,34788,24351,399,3490,1272,2218,15907,6115,9792,732,367,365,639,181,458,2539,1470,1069,645,1337,9100,69.9982752673,valid
ne_32,60375,51723,226,6775,2070,4705,35491,13431,22060,885,321,564,591,244,347,4874,2321,2553,2881,2594,6058,85.6695652174,valid
ca_135,24032,17437,133,6005,1213,4792,6997,2686,4311,1442,481,961,331,179,152,1796,1039,757,733,1870,4725,72.5574234354,valid
ny_133,55060,35104,208,2177,546,1631,22232,7106,15126,2123,356,1767,415,299,116,5775,2903,2872,2174,2786,17170,63.7559026517,valid
ky_17,38210,27080,389,9181,4508,4673,11979,6641,5338,88,32,56,1083,130,953,2355,1458,897,2005,612,10518,70.8714996074,valid
ca_252,41895,32166,94,5157,1329,3828,13162,4235,8927,4008,988,3020,1978,471,1507,4417,1820,2597,3350,1317,8412,76.7776584318,valid
ok_33,301476,219186,1640,44685,17485,27200,116100,53405,62695,7846,3929,3917,6666,2466,4200,23914,12303,11611,18335,14430,67860,72.7042948692,valid
nv_30,231185,183796,1991,31988,13675,18313,91067,34723,56344,2338,1162,1176,10292,5988,4304,26262,16309,9953,19858,12349,35040,79.5016977745,valid
ga_170,47841,35929,128,6663,2290,4373,19506,9761,9745,1631,658,973,1068,507,561,5246,3401,1845,1687,4705,7207,75.1008549152,valid
ca_380,77281,58574,819,15075,6418,8657,32266,11775,20491,2018,1081,937,612,122,490,5047,2366,2681,2737,2567,16140,75.7935326924,valid
va_129,43198,40893,72,2119,941,1178,15860,9225,6635,17993,12494,5499,74,0,74,4325,3548,777,450,445,1860,94.6641048197,valid
va_147,123334,97685,782,7291,2379,4912,43010,16379,26631,29320,10532,18788,1377,566,811,9802,5480,4322,6103,3617,22032,79.2036259263,valid
az_144,192710,141707,2071,20020,7793,12227,85386,40473,44913,2794,2266,528,3402,1193,2209,16191,9187,7004,11843,11067,39936,73.5338072752,valid
fl_196,57435,43614,896,15011,3286,11725,17794,6195,11599,1794,1100,694,401,226,175,6006,2704,3302,1712,1964,11857,75.93627579,valid
ny_151,61163,33608,961,4238,1408,2830,20280,5805,14475,1784,645,1139,192,74,118,3350,1440,1910,2803,3055,24500,54.9482530288,valid
ne_20,106874,85178,869,15418,5095,10323,54453,18319,36134,864,143,721,1122,323,799,7149,3319,3830,5303,3859,17837,79.6994591762,valid
ny_22,381927,275375,3474,31246,8753,22493,154353,54171,100182,44228,16869,27359,3861,877,2984,24375,11565,12810,13838,17419,89133,72.1014748892,valid
fl_163,39524,29478,196,7934,2183,5751,14475,5270,9205,1071,644,427,382,194,188,2926,1868,1058,2494,2938,7108,74.5825321324,valid
in_84,41125,24545,490,8387,1123,7264,10131,2617,7514,652,188,464,478,99,379,3308,1323,1985,1099,3971,12609,59.6838905775,valid
fl_294,36425,23104,969,13201,4246,8955,2452,1324,1128,106,0,106,685,314,371,3851,1769,2082,1840,2635,10686,63.4289636239,valid
mi_151,61667,56245,299,6553,2915,3638,38819,20403,18416,1976,1042,934,583,200,383,5832,4195,1637,2183,1209,4213,91.207615094,valid
md_28,25478,23267,115,2316,1175,1141,7329,4058,3271,10163,6191,3972,248,104,144,2223,1571,652,873,440,1771,91.3219247979,valid
ky_64,49966,32729,550,10911,4998,5913,9077,3704,5373,567,146,421,2706,1133,1573,4586,2781,1805,4332,2614,14623,65.5025417284,valid
il_121,278596,220974,2822,51686,20335,31351,123380,60159,63221,6772,2911,3861,2629,1166,1463,23883,14137,9746,9802,8648,48974,79.3170038335,valid
ky_16,24344,14846,105,4246,1682,2564,6093,1384,4709,945,146,799,753,35,718,1055,682,373,1649,1871,7627,60.9842260927,valid
mo_37,36329,31383,228,6950,3172,3778,17913,10056,7857,1819,1296,523,799,166,633,2087,1590,497,1587,875,4071,86.3855322194,valid
tx_95,30842,21295,169,6750,2440,4310,8074,2498,5576,0,0,0,1053,457,596,1816,633,1183,3433,1094,8453,69.045457493,valid
pr_62,46307,18669,1242,1651,430,1221,7168,1960,5208,127,0,127,1592,596,996,1585,845,740,5304,1303,26335,40.3157190058,valid
ri_29,50804,37969,272,1956,842,1114,20334,8301,12033,8454,4791,3663,127,76,51,5158,2338,2820,1668,1527,11308,74.7362412408,valid
tn_107,42188,26715,264,7659,2814,4845,13224,3295,9929,853,296,557,845,512,333,2864,1630,1234,1006,6063,9410,63.3236939414,valid
il_61,43595,36931,208,8162,3979,4183,20439,12740,7699,1495,840,655,360,175,185,4677,2879,1798,1590,989,5675,84.7138433307,valid
nc_150,52337,33376,804,10884,2805,8079,13945,4524,9421,783,510,273,725,151,574,3573,1411,2162,2662,2043,16918,63.7713281235,valid
mo_123,56762,49970,231,13173,6081,7092,22952,9686,13266,5748,2792,2956,373,166,207,5816,2615,3201,1677,1772,5020,88.0342482647,valid
il_42,28326,24006,377,4791,2272,2519,13791,7755,6036,1109,521,588,331,210,121,2344,1399,945,1263,1127,3193,84.7489938572,valid
ca_107,29509,25439,25,4017,1652,2365,15622,6485,9137,832,468,364,351,67,284,3955,1654,2301,637,750,3320,86.2075976821,valid
ut_29,26715,22429,153,4093,1910,2183,11642,6220,5422,2414,1229,1185,976,512,464,1981,1087,894,1170,1494,2792,83.9565787011,valid
ct_39,46212,24161,229,3213,997,2216,10043,4023,6020,877,486,391,242,140,102,7727,2749,4978,1830,2512,19539,52.2829568078,valid
tx_127,28363,19384,25,3615,2019,1596,11589,5839,5750,21,21,0,700,575,125,1155,490,665,2279,1810,7169,68.3425589677,valid
mi_116,41157,29397,1000,5503,1996,3507,12363,3850,8513,423,124,299,3939,895,3044,2783,1404,1379,3386,1475,10285,71.4264888111,valid
ok_47,41819,32597,497,7081,2660,4421,16275,6930,9345,2045,998,1047,1493,499,994,3547,2242,1305,1659,3113,6109,77.94782276,valid
ny_66,55060,35104,208,2177,546,1631,22232,7106,15126,2123,356,1767,415,299,116,5775,2903,2872,2174,2786,17170,63.7559026517,valid
tn_17,27104,16094,412,2688,1301,1387,9144,3018,6126,160,0,160,339,130,209,1269,785,484,2082,1023,9987,59.3786894923,valid
id_12,202531,145465,4121,48843,14798,34045,41752,14125,27627,2208,533,1675,18099,4759,13340,13791,5984,7807,16651,9532,47534,71.8235726876,valid
tx_463,40991,33447,81,7202,1829,5373,13890,5102,8788,4519,1301,3218,641,366,275,4794,1957,2837,2320,716,6828,81.5959600888,valid
ga_45,24412,16539,66,3640,1855,1785,6711,3087,3624,666,266,400,259,146,113,1460,949,511,3737,387,7486,67.749467475,valid
nm_51,33120,25135,301,9445,2775,6670,7868,3474,4394,110,0,110,1416,607,809,4160,2202,1958,1835,885,7100,75.8907004831,valid
sc_24,28400,18425,477,4836,1274,3562,8230,2838,5392,647,405,242,384,86,298,3006,2294,712,845,1649,8326,64.8767605634,valid
ny_273,20014,14667,0,331,34,297,10371,2862,7509,2704,520,2184,82,0,82,929,481,448,250,489,4858,73.283701409,valid
az_26,25531,21989,62,6536,3524,3012,10185,4166,6019,127,0,127,802,227,575,3109,1199,1910,1168,1305,2237,86.126669539,valid
ca_202,54352,42845,705,12241,4570,7671,19890,6486,13404,1369,570,799,820,401,419,6225,3319,2906,1595,2268,9239,78.8287459523,valid
mn_86,53095,39485,575,8368,2762,5606,21295,9049,12246,407,157,250,1186,403,783,3623,1763,1860,4031,2986,10624,74.366701196,valid
va_51,85484,62127,344,9897,3560,6337,37109,15540,21569,1249,811,438,654,475,179,4779,2328,2451,8095,4114,19243,72.6767582238,valid
mo_124,40545,36701,444,9959,3873,6086,15859,7426,8433,3349,1442,1907,1156,436,720,4615,2940,1675,1319,1021,2823,90.5191762239,valid
fl_306,130614,104170,1748,17977,8334,9643,62779,34933,27846,2020,1189,831,1924,1111,813,10987,6497,4490,6735,4115,22329,79.7540845545,valid
la_90,26536,16870,236,4475,1047,3428,8695,2965,5730,240,56,184,604,64,540,1646,893,753,974,621,9045,63.574012662,valid
ny_58,32753,24957,191,1615,334,1281,10740,3370,7370,8866,4162,4704,166,0,166,2349,1120,1229,1030,1071,6725,76.1976002198,valid
ut_13,35232,29036,359,6791,1602,5189,13309,4356,8953,874,352,522,3549,774,2775,2200,1027,1173,1954,1927,4269,82.4137148047,valid
fl_122,261379,187607,3183,43131,14048,29083,105213,48214,56999,1437,573,864,5000,1385,3615,18153,9356,8797,11490,15705,58067,71.7758503935,valid
co_32,36087,33229,171,8525,4612,3913,17319,9450,7869,973,663,310,217,72,145,4975,3667,1308,1049,1258,1600,92.0802505057,valid
ny_31,89648,64155,626,8404,2586,5818,43507,11824,31683,591,334,257,1126,294,832,6788,2564,4224,3113,3254,22239,71.563225058,valid
ga_112,51043,38353,58,8747,3272,5475,18888,8741,10147,1885,1167,718,620,510,110,5356,2328,3028,2799,3025,9665,75.1386086241,valid
tx_129,115854,83069,239,7852,2992,4860,49280,23352,25928,2765,1398,1367,2792,608,2184,8750,5466,3284,11391,7175,25610,71.7014518273,valid
ky_55,53803,44514,443,7744,3929,3815,22033,10439,11594,1535,825,710,627,252,375,8848,5233,3615,3284,1204,8085,82.7351634667,valid
ks_20,57141,35077,553,4344,1961,2383,17469,6274,11195,3513,1464,2049,447,100,347,3865,2124,1741,4886,3495,18569,61.3867450692,valid
mi_93,290082,196814,6165,36783,10160,26623,97032,32125,64907,2200,564,1636,16658,4172,12486,18329,7595,10734,19647,16824,76444,67.8477120263,valid
ia_10,88309,64180,1313,18504,6325,12179,16531,6048,10483,4747,1824,2923,5576,1522,4054,8006,3798,4208,9503,3464,20665,72.6766241266,valid
ca_535,77348,69042,288,16909,6670,10239,39488,19249,20239,5220,1978,3242,393,121,272,5207,3441,1766,1537,2311,5995,89.261519367,valid
ky_36,76011,51293,604,13592,5020,8572,19186,8011,11175,2771,1295,1476,2119,892,1227,6658,3344,3314,6363,3262,21456,67.4810224836,valid
tn_24,24309,17983,444,4522,1675,2847,7153,2580,4573,337,149,188,1123,672,451,1718,907,811,2686,959,5367,73.9767164425,valid
co_61,59805,39381,888,10444,4674,5770,15922,6825,9097,449,217,232,1580,768,812,5846,3224,2622,4252,5369,15055,65.8490092802,valid
mi_193,29960,20694,41,3030,1375,1655,12868,4796,8072,773,305,468,207,46,161,2110,953,1157,1665,2084,7182,69.0720961282,valid
mi_153,83453,65137,560,9082,2379,6703,44084,17523,26561,1347,436,911,435,110,325,6733,3060,3673,2896,3556,14760,78.052316873,valid
md_57,48815,40684,682,2358,880,1478,16561,7360,9201,12419,7037,5382,357,134,223,7309,4178,3131,998,1078,7053,83.3432346615,valid
ri_33,29837,22280,127,772,238,534,11506,4303,7203,6514,3899,2615,76,76,0,2836,1267,1569,449,565,6992,74.672386634,valid
fl_212,41169,28290,716,6050,1274,4776,14465,4279,10186,889,326,563,683,323,360,4084,1139,2945,1403,879,12000,68.7167528966,valid
wi_73,42694,30528,298,5257,1339,3918,17008,6293,10715,878,346,532,165,50,115,2930,1830,1100,3992,2453,9713,71.5041926266,valid
wi_76,81101,55212,1300,22526,7686,14840,14066,3890,10176,1957,663,1294,3660,1006,2654,6774,2243,4531,4929,2960,22929,68.0780754861,valid
wa_113,44881,37034,329,6053,2556,3497,21965,9689,12276,544,256,288,1065,404,661,3645,2388,1257,3433,1488,6359,82.5159867204,valid
ia_30,40801,28332,629,6846,1565,5281,15536,5606,9930,438,40,398,604,285,319,2103,1134,969,2176,1566,10903,69.4394745227,test
oh_170,40147,22018,1006,5652,1813,3839,7526,2892,4634,698,214,484,3227,1270,1957,2049,470,1579,1860,3850,14279,54.8434503201,test
hi_26,43778,35822,215,4345,2744,1601,23814,13037,10777,486,288,198,301,276,25,4167,2735,1432,2494,1205,6751,81.8264881904,test
ok_65,39132,25838,495,10313,3824,6489,6824,3078,3746,728,418,310,2190,764,1426,2250,1308,942,3038,2289,11005,66.0278033323,test
nh_25,45632,34607,468,3013,941,2072,25632,10767,14865,537,38,499,282,169,113,2843,1809,1034,1832,1335,9690,75.8393232819,test
tx_396,43561,21733,333,5543,2046,3497,8745,3142,5603,1019,49,970,971,259,712,2038,606,1432,3084,2324,19504,49.8909575079,test
sc_95,43767,27594,568,8287,2712,5575,10399,3904,6495,1890,750,1140,1192,512,680,2768,898,1870,2490,2523,13650,63.0475015423,test
az_38,32012,22389,206,7393,4070,3323,8516,3174,5342,111,111,0,1229,121,1108,3627,1580,2047,1307,1228,8395,69.9393977259,test
pr_46,49271,22243,1464,1986,751,1235,9064,3253,5811,325,0,325,1838,1113,725,1992,1286,706,5574,1711,25317,45.144202472,test
ks_57,48352,32978,627,9756,4303,5453,10684,4067,6617,1077,262,815,1353,855,498,3993,2054,1939,5488,3050,12324,68.2040039709,test
mo_18,87712,68476,315,15874,5671,10203,35854,15196,20658,3125,1377,1748,2097,851,1246,5441,2725,2716,5770,5176,14060,78.0691353521,test
fl_287,52762,39139,293,2911,1004,1907,20512,9201,11311,7526,3552,3974,369,176,193,4798,2927,1871,2730,2492,11131,74.180281263,test
co_41,124381,98450,1911,20303,5748,14555,56159,17955,38204,1053,525,528,2240,683,1557,9246,4483,4763,7538,6471,19460,79.1519605084,test
il_45,38056,29046,330,8508,3620,4888,14742,6232,8510,763,415,348,204,66,138,2338,1425,913,2161,1261,7749,76.324364095,test
nc_126,52423,32666,1107,7915,3109,4806,12446,4303,8143,431,319,112,1619,784,835,6459,2488,3971,2689,1637,18120,62.3123438186,test
az_100,49002,36656,600,11041,5122,5919,14667,5942,8725,258,0,258,2054,461,1593,5524,2226,3298,2512,3307,9039,74.8051099955,test
mo_10,174387,114810,3637,42173,12586,29587,26887,10286,16601,3137,696,2441,13089,3371,9718,11953,4447,7506,13934,9202,50375,65.8363295429,test
ca_288,232312,145315,1849,44820,14579,30241,68860,21191,47669,3294,1685,1609,2362,763,1599,14200,6846,7354,9930,10763,76234,62.5516546713,test
ct_15,321048,235017,1472,48443,14756,33687,132552,45129,87423,8842,4188,4654,3060,642,2418,30209,14976,15233,10439,13191,72840,73.2030724378,test
nv_12,713577,547535,4595,83939,32257,51682,311946,114767,197179,10226,2724,7502,17062,8442,8620,72444,43295,29149,47323,33660,132382,76.7310325305,test
wi_22,54422,40269,1067,11954,4496,7458,15644,6677,8967,386,116,270,2959,898,2061,3874,2020,1854,4385,1600,12553,73.9939730256,test
nc_102,39257,25389,499,5410,1618,3792,8729,3001,5728,4455,1783,2672,791,417,374,2699,1179,1520,2806,1326,12542,64.6738161347,test
id_27,43482,29496,940,11314,2007,9307,7873,2523,5350,381,88,293,3797,802,2995,3447,1673,1774,1744,2836,11150,67.8349661929,test
mi_20,33798,25569,312,3418,1253,2165,17433,7039,10394,101,0,101,466,107,359,2355,1021,1334,1484,1914,6315,75.6524054678,test
nm_15,74898,49831,727,15973,9430,6543,19105,8610,10495,637,523,114,3391,2422,969,5322,3288,2034,4676,3208,21859,66.5318166039,test
fl_136,300804,229800,2006,22365,6796,15569,116110,38699,77411,46940,18395,28545,2642,871,1771,31760,18473,13287,7977,15505,55499,76.3952607013,test
tx_70,19463,17755,117,3368,1152,2216,11024,6782,4242,203,97,106,409,263,146,1930,1569,361,704,578,1130,91.2243744541,test
ca_17,293517,199121,5225,49228,20103,29125,76976,33359,43617,8970,4674,4296,6788,3365,3423,26748,15276,11472,25186,15292,79104,67.839682199,test
ok_64,54541,37204,600,10586,4634,5952,9825,5529,4296,951,343,608,5056,1590,3466,4505,2876,1629,5681,2101,15236,68.2129040538,test
mi_95,266003,193399,3310,41322,14263,27059,97191,38488,58703,4442,1723,2719,9672,3941,5731,14802,6999,7803,22660,14038,58566,72.7055709898,test
pa_38,51901,38034,584,7501,1594,5907,20781,7110,13671,1860,525,1335,1096,700,396,4725,2084,2641,1487,1777,12090,73.281825013,test
il_154,41822,29356,745,9170,1867,7303,10573,4904,5669,942,263,679,1977,512,1465,3105,1857,1248,2844,1244,11222,70.1927215341,test
or_50,41996,28084,781,9692,3028,6664,8864,3308,5556,263,96,167,2002,484,1518,3569,1688,1881,2913,1828,12084,66.8730355272,test
mn_107,36957,28816,617,7270,2466,4804,14982,6896,8086,416,277,139,1066,687,379,2529,1423,1106,1936,1652,6489,77.9716968369,test
nv_19,90507,68906,907,17107,7499,9608,24780,9827,14953,3210,1874,1336,913,413,500,18333,10709,7624,3656,3924,17677,76.1333377529,test
tn_117,64083,49442,735,9559,2766,6793,21422,8895,12527,7215,3733,3482,1783,905,878,4044,1754,2290,4684,2512,12129,77.1530671161,test
ks_18,192654,135721,1640,22303,6621,15682,72329,25516,46813,13840,2466,11374,2763,1106,1657,16431,9024,7407,6415,10897,46036,70.4480571387,test
pr_70,49450,20696,3502,4191,1086,3105,2426,719,1707,76,0,76,335,0,335,7491,436,7055,2675,795,27959,41.8523761375,test
ks_43,62096,42723,698,9687,2688,6999,16179,5325,10854,5220,1356,3864,2952,851,2101,5400,2429,2971,2587,3853,15520,68.80153311,test
ca_508,43760,33309,618,4018,1648,2370,15505,6841,8664,1339,340,999,1454,976,478,8298,4103,4195,2077,1039,9412,76.1174588665,test
tx_293,53250,37646,691,6960,2683,4277,13672,4419,9253,309,112,197,2391,1284,1107,2051,1009,1042,11572,2391,13213,70.696713615,test
co_17,106874,98741,650,26636,14160,12476,47102,25004,22098,1941,1167,774,2758,1479,1279,17029,12361,4668,2625,2143,5990,92.3901042349,test
ca_345,27390,15760,523,5084,1436,3648,5371,2356,3015,491,388,103,382,71,311,2842,1713,1129,1067,1566,10064,57.5392479007,test
wi_66,285679,209970,5057,51422,14949,36473,102259,34853,67406,5782,2254,3528,10053,3518,6535,17315,8210,9105,18082,10083,65626,73.4985770743,test
tx_433,51962,39217,87,5014,2339,2675,17498,9603,7895,440,99,341,1858,860,998,3686,2697,989,10634,1596,11149,75.4724606443,test
il_250,24815,17770,325,3948,1837,2111,7220,5011,2209,299,194,105,0,0,0,1665,945,720,4313,579,6466,71.6099133589,test
wa_133,30717,25435,303,4130,1251,2879,14237,7642,6595,52,0,52,508,299,209,3588,1721,1867,2617,675,4607,82.8043103168,test
ny_126,65270,46223,1005,8406,2166,6240,25534,8278,17256,637,218,419,3382,1073,2309,4800,1993,2807,2459,3106,15941,70.8181400337,test
ma_15,30990,22954,537,5908,1649,4259,11305,4766,6539,400,17,383,1240,487,753,2413,681,1732,1151,1268,6768,74.0690545337,test
nc_121,41319,27862,198,4344,938,3406,17658,4962,12696,554,108,446,765,190,575,2876,1594,1282,1467,1276,12181,67.4314480021,test
az_17,81257,58140,1133,20202,3875,16327,22415,4811,17604,748,106,642,2692,637,2055,6419,2828,3591,4531,2570,20547,71.5507587039,test
in_58,28519,27421,129,5185,2687,2498,16549,7509,9040,2295,1534,761,205,70,135,2220,1295,925,838,260,838,96.149935131,test
oh_163,54965,36684,724,8082,2055,6027,19532,5677,13855,367,210,157,1793,381,1412,3289,1586,1703,2897,2420,15861,66.7406531429,test
tx_173,232564,154438,1909,33449,13466,19983,70107,23707,46400,7104,3108,3996,3145,1360,1785,18041,10014,8027,20683,11440,66686,66.406666552,test
nc_38,87148,69390,843,10146,3680,6466,48284,22330,25954,826,636,190,552,302,250,5984,2992,2992,2755,3895,13863,79.6231697801,test
ut_24,73441,55393,505,13547,6602,6945,31309,15952,15357,530,233,297,1212,254,958,5426,2691,2735,2864,5496,12552,75.4251712259,test
fl_228,42003,32579,203,7821,2087,5734,16988,6376,10612,1842,1224,618,369,129,240,3814,1981,1833,1542,2214,7210,77.5635073685,test
ny_37,784243,591553,5664,74071,13094,60977,317214,90968,226246,104396,31619,72777,7202,2037,5165,60889,26670,34219,22117,21628,171062,75.4298093831,test
nj_96,51190,41103,130,2358,726,1632,23621,8561,15060,10909,4787,6122,181,23,158,2742,1273,1469,1162,963,9124,80.2949794882,test
la_94,47465,34320,397,6612,1581,5031,16660,5368,11292,2032,626,1406,959,123,836,6859,2697,4162,801,1417,11728,72.3059096176,test
al_63,52536,34939,679,17031,5451,11580,7282,1815,5467,665,193,472,1475,478,997,3759,1884,1875,4048,3850,13747,66.5048728491,test
wa_61,258659,224823,4326,33395,16047,17348,124099,67451,56648,20528,10982,9546,7234,2965,4269,23159,14058,9101,12082,9189,24647,86.9186844455,test
ga_144,39961,33539,360,6747,2936,3811,14722,6696,8026,1510,746,764,1005,660,345,8640,4114,4526,555,2259,4163,83.9293310978,test
oh_173,43491,25812,1379,4639,1825,2814,10983,3199,7784,166,111,55,3255,771,2484,1882,813,1069,3508,3560,14119,59.3502103884,test
ma_31,32432,29485,111,1330,654,676,13705,7308,6397,8072,4400,3672,42,0,42,4899,3831,1068,1326,624,2323,90.9132955106,test
fl_282,37974,24851,737,10318,2110,8208,7076,1599,5477,1003,210,793,1015,102,913,3509,1218,2291,1193,1751,11372,65.4421446253,test
fl_194,67019,53366,149,2647,776,1871,22473,6376,16097,16028,5510,10518,480,164,316,9560,5058,4502,2029,2248,11405,79.6281651472,test
mt_30,43746,33569,786,6118,1705,4413,19723,5416,14307,539,220,319,573,48,525,4155,2117,2038,1675,2331,7846,76.7361587345,test
ny_25,23853,18064,369,4275,1889,2386,10857,3713,7144,35,0,35,460,48,412,1055,729,326,1013,983,4806,75.7305160776,test
il_101,31325,26058,38,6341,1793,4548,15216,5769,9447,974,223,751,319,0,319,1494,897,597,1676,971,4296,83.1859537111,test
oh_162,40970,30809,536,6437,2166,4271,18012,6774,11238,188,45,143,1227,273,954,1852,892,960,2557,1788,8373,75.1989260434,test
nc_26,114946,94015,645,15103,6975,8128,59727,33485,26242,692,473,219,1597,576,1021,8543,5494,3049,7708,3801,17130,81.7905799245,test
la_65,66062,42644,950,8026,1775,6251,20334,6530,13804,1199,279,920,1320,583,737,6299,3024,3275,4516,2963,20455,64.5514819412,test
ca_512,37947,29899,165,3735,920,2815,17670,6896,10774,455,243,212,182,137,45,1935,1009,926,5757,1382,6666,78.7914723167,test
nh_11,198792,156416,2961,39517,8499,31018,89616,27754,61862,1306,543,763,4938,1384,3554,12807,5535,7272,5271,8108,34268,78.6832468107,test
la_25,48074,33411,392,6267,2879,3388,18300,9153,9147,250,64,186,1690,1189,501,3795,1728,2067,2717,2570,12093,69.4991055456,test
nh_35,45632,34607,468,3013,941,2072,25632,10767,14865,537,38,499,282,169,113,2843,1809,1034,1832,1335,9690,75.8393232819,test
ca_307,265850,228924,1201,29727,12867,16860,142765,81874,60891,5644,3121,2523,3286,1239,2047,35993,18600,17393,10308,6183,30743,86.1102125259,test
ny_138,53015,40929,421,5329,1767,3562,30863,11697,19166,206,206,0,237,156,81,2625,1228,1397,1248,2537,9549,77.2026784872,test
ny_280,24180,16842,151,969,328,641,4123,1438,2685,3630,757,2873,404,48,356,6817,4743,2074,748,1481,5857,69.6526054591,test
md_66,50638,28059,537,6476,2054,4422,12944,4280,8664,1596,615,981,771,56,715,3543,1871,1672,2192,3027,19552,55.4109561989,test
ca_430,85191,75511,577,7776,3548,4228,53179,33235,19944,2115,1032,1083,735,406,329,8949,5710,3239,2180,1203,8477,88.6372973671,test
mi_199,46489,35866,228,3791,1042,2749,26732,8287,18445,680,282,398,326,255,71,3263,1606,1657,846,1332,9291,77.1494331993,test
ny_265,62888,45413,714,4928,884,4044,27260,5399,21861,7456,1970,5486,419,126,293,3538,1428,2110,1098,1650,15825,72.2125047704,test
ga_181,53014,39268,127,14067,1998,12069,18552,7937,10615,175,106,69,496,126,370,3013,1219,1794,2838,1773,11973,74.0710001132,test
va_22,123334,97685,782,7291,2379,4912,43010,16379,26631,29320,10532,18788,1377,566,811,9802,5480,4322,6103,3617,22032,79.2036259263,test
nc_206,364717,307581,1325,50634,21523,29111,196309,103858,92451,13833,7273,6560,3475,1356,2119,26242,16013,10229,15763,16875,40261,84.334154975,test
oh_189,148477,92814,1649,17490,5382,12108,44074,16612,27462,10496,4164,6332,1650,392,1258,10038,5021,5017,7417,12349,43314,62.5106918917,test
fl_298,43816,33807,450,5247,976,4271,19640,5551,14089,1505,403,1102,1102,181,921,4588,1136,3452,1275,1234,8775,77.156746394,test
ga_102,43047,22824,558,8448,3842,4606,5084,825,4259,378,163,215,1995,584,1411,2862,1052,1810,3499,1613,18610,53.0211164541,test
ga_152,37316,28402,194,7217,3313,3904,12165,7141,5024,1574,1218,356,1145,413,732,4450,2626,1824,1657,1511,7403,76.1121234859,test
nj_131,41870,33960,961,12499,3425,9074,15224,4837,10387,91,0,91,793,216,577,3449,1706,1743,943,1255,6655,81.1081920229,test
mn_77,42289,37973,418,9523,3747,5776,21489,9425,12064,569,255,314,644,209,435,3602,2281,1321,1728,727,3589,89.7940362742,test
fl_336,104336,78566,766,20560,5790,14770,38461,13018,25443,2536,1522,1014,920,511,409,9545,4314,5231,5778,2837,22933,75.3009507744,test
al_10,135200,77164,2509,20504,5678,14826,27636,9364,18272,1072,235,837,5028,1287,3741,10532,4200,6332,9883,7665,50371,57.073964497,test
oh_75,329894,248501,2096,33218,15014,18204,147899,60983,86916,7672,4184,3488,2671,1246,1425,36233,14722,21511,18712,15439,65954,75.3275294489,test
il_67,33057,26851,208,5469,2322,3147,15254,9035,6219,841,319,522,552,200,352,2674,1485,1189,1853,1351,4855,81.2263665789,test
nv_24,209439,155950,1185,21603,9794,11809,88932,36815,52117,1230,699,531,4983,2185,2798,23206,14958,8248,14811,9622,43867,74.460821528,test
nc_185,114946,94015,645,15103,6975,8128,59727,33485,26242,692,473,219,1597,576,1021,8543,5494,3049,7708,3801,17130,81.7905799245,test
nj_25,112974,98566,763,6566,2282,4284,63750,23862,39888,16766,7398,9368,351,78,273,8549,4540,4009,1821,2824,11584,87.2466231168,test
tx_201,49809,36490,377,11320,3352,7968,11784,4488,7296,1246,523,723,1760,646,1114,4894,2973,1921,5109,2745,10574,73.2598526371,test
nc_173,59200,39566,500,8731,2153,6578,21301,6674,14627,576,170,406,957,266,691,3327,1536,1791,4174,2554,17080,66.8344594595,test
tn_27,347320,228586,2325,56836,22291,34545,105184,43094,62090,8961,4583,4378,5857,2714,3143,32465,15473,16992,16958,26595,92139,65.8142347115,test
mi_147,48443,41298,452,6522,2871,3651,26698,11230,15468,1315,770,545,751,261,490,3702,2272,1430,1858,1541,5604,85.2507070165,test
pa_84,282911,204962,4633,60131,16466,43665,95708,30678,65030,11731,5032,6699,4228,1033,3195,17873,8387,9486,10658,9520,68429,72.447518831,test
il_171,44474,37553,473,7080,3583,3497,22843,13312,9531,909,435,474,123,42,81,4250,3093,1157,1875,1589,5332,84.4380986644,test
ny_98,248292,211430,1001,6639,1917,4722,172001,45132,126869,12058,3663,8395,1023,148,875,17276,9190,8086,1432,7614,29248,85.1537705605,test
ca_369,52775,41166,545,8634,4278,4356,24548,13086,11462,763,412,351,735,521,214,3982,2234,1748,1959,1280,10329,78.0028422549,test
va_158,28855,20657,637,3818,1205,2613,10110,4293,5817,304,121,183,1148,736,412,1829,798,1031,2811,528,7670,71.5889793797,test
tx_43,25316,17262,619,4320,2564,1756,2778,996,1782,754,494,260,2336,965,1371,1053,533,520,5402,358,7696,68.1861273503,test
or_53,77520,61245,897,12463,4284,8179,35912,10212,25700,917,455,462,1444,222,1222,6838,3958,2880,2774,3179,13096,79.0054179567,test
fl_61,31188,21058,254,3736,1703,2033,9503,4829,4674,1444,642,802,499,276,223,4007,1482,2525,1615,1525,8605,67.5195588047,test
fl_119,107522,80143,624,6884,1898,4986,53750,17163,36587,5650,2823,2827,607,167,440,9061,4761,4300,3567,3546,23833,74.5363739514,test
ny_276,22610,19190,258,2146,795,1351,13937,5330,8607,319,191,128,270,134,136,1690,1166,524,570,1139,2281,84.8739495798,test
in_80,278245,187542,4071,42858,13729,29129,74272,23442,50830,11784,4373,7411,11436,4384,7052,24302,10243,14059,18819,14417,76286,67.4017502561,test
ga_43,70968,46175,464,7069,2744,4325,28162,8421,19741,614,56,558,640,289,351,7462,3614,3848,1764,3747,21046,65.064536129,test
tx_211,46896,32456,764,8521,3300,5221,13390,5150,8240,164,84,80,2424,1188,1236,2705,1200,1505,4488,1451,12989,69.208461276,test
wa_86,42338,30035,1275,12426,2335,10091,6502,2131,4371,642,48,594,3520,751,2769,4571,1848,2723,1099,1776,10527,70.9409986301,test
co_23,92426,70754,853,15467,5964,9503,30204,13409,16795,1591,355,1236,7715,2387,5328,7096,4175,2921,7828,5448,16224,76.5520524528,test
ct_45,46212,24161,229,3213,997,2216,10043,4023,6020,877,486,391,242,140,102,7727,2749,4978,1830,2512,19539,52.2829568078,test
ca_394,31286,18035,653,7687,2013,5674,6480,1824,4656,167,110,57,271,110,161,1811,768,1043,966,2210,11041,57.6455922777,test
ok_26,33750,21965,224,7035,2781,4254,8312,3332,4980,135,31,104,334,96,238,3862,2201,1661,2063,4047,7738,65.0814814815,test
fl_72,34234,25640,104,3764,1207,2557,17646,3751,13895,1268,382,886,275,34,241,2032,618,1414,551,1154,7440,74.8963019221,test
tn_125,62785,48611,497,12276,4973,7303,23735,12065,11670,1142,515,627,993,605,388,4893,2624,2269,5075,2755,11419,77.424544079,test
mo_129,27842,24127,227,7339,1990,5349,12881,4745,8136,765,377,388,281,0,281,1502,889,613,1132,678,3037,86.6568493643,test
ca_49,133409,82935,1551,24108,9724,14384,24245,9580,14665,2867,1302,1565,4380,1842,2538,6740,3434,3306,19044,7417,43057,62.1659708116,test
fl_75,34639,26979,85,3224,834,2390,18630,5302,13328,705,49,656,262,51,211,2315,1365,950,1758,1422,6238,77.8861976385,test
mi_15,59239,41780,1049,9941,3952,5989,18363,8526,9837,1043,499,544,2764,1036,1728,3243,1426,1817,5377,1871,15588,70.5278617127,test
ca_234,26500,23737,46,3712,1950,1762,15925,8187,7738,760,345,415,124,124,0,2550,1047,1503,620,555,2208,89.5735849057,test
il_244,31867,27210,346,5375,2748,2627,14441,7231,7210,786,589,197,921,816,105,4321,3082,1239,1020,658,3999,85.3861361283,test
fl_177,41706,33773,527,7632,2761,4871,15608,8027,7581,566,281,285,476,267,209,7249,1470,5779,1715,950,6983,80.9787560543,test
sc_25,25658,15394,147,6020,2573,3447,4011,1481,2530,120,95,25,374,171,203,1961,1207,754,2761,1825,8439,59.9968820641,test
ca_293,224426,194402,1512,41116,17457,23659,85335,40211,45124,28855,16784,12071,4097,1623,2474,21950,11626,10324,11537,6639,23385,86.6218709062,test
ca_174,23333,18089,0,5685,3112,2573,6037,3958,2079,953,473,480,545,332,213,1527,581,946,3342,880,4364,77.5253932199,test
va_32,65595,56207,403,7555,3701,3854,37308,20286,17022,1057,271,786,534,448,86,5772,3426,2346,3578,2048,7340,85.6879335315,test
ca_286,192446,141882,1477,35297,8278,27019,51887,15230,36657,19527,6594,12933,4199,1690,2509,24050,8839,15211,5445,5176,45388,73.7256165366,test
tx_143,23926,16641,243,4316,2302,2014,8749,3391,5358,146,76,70,332,169,163,1319,714,605,1536,1055,6230,69.5519518515,test
ca_64,42757,36613,229,7837,4024,3813,18948,10445,8503,2452,1089,1363,819,619,200,4552,3156,1396,1776,904,5240,85.6304230886,test
fl_146,215258,165914,1568,49286,10529,38757,74680,18985,55695,9765,4076,5689,3271,728,2543,22594,10143,12451,4750,6981,42363,77.0768101534,test
md_34,25707,19460,132,890,179,711,7250,2440,4810,6424,2519,3905,426,153,273,4128,1383,2745,210,1027,5220,75.6992258918,test
mo_33,72173,46907,522,13253,3956,9297,22228,8434,13794,3141,1191,1950,941,217,724,3932,1985,1947,2890,5588,19678,64.9924486997,test
il_167,49593,43468,251,8906,2426,6480,26317,11604,14713,1283,678,605,994,158,836,4305,2657,1648,1412,1434,4691,87.6494666586,test
ca_292,208418,150553,1639,33231,10930,22301,48518,15706,32812,30511,8893,21618,4816,1239,3577,24787,11319,13468,7051,11538,46327,72.2360832558,test
il_30,82761,65129,903,11631,4363,7268,33088,14136,18952,1084,504,580,3286,1416,1870,9326,4744,4582,5811,3685,13947,78.6952791774,test
ct_21,32258,27686,92,1568,613,955,21462,7275,14187,1003,390,613,136,0,136,3049,1763,1286,376,449,4123,85.8267716535,test
pr_33,112269,43759,1294,7811,2008,5803,23383,6057,17326,345,27,318,1669,526,1143,1315,585,730,7942,7898,60612,38.976921501,test
va_71,287146,184556,7802,54616,15650,38966,63687,23775,39912,2906,1322,1584,18552,5272,13280,16082,7956,8126,20911,16617,85973,64.2725303504,test
la_13,40762,31305,0,2797,1000,1797,12558,5207,7351,10310,5221,5089,88,0,88,3290,1533,1757,2262,2758,6699,76.7994700947,test
mi_112,44862,28066,1736,4775,1510,3265,8381,2427,5954,510,155,355,4682,763,3919,2993,1456,1537,4989,2669,14127,62.5607418305,test
va_66,98973,88366,798,11026,4116,6910,31436,16982,14454,22785,14834,7951,252,226,26,18486,6833,11653,3583,2155,8452,89.2829357502,test
nj_158,28568,23169,210,2267,776,1491,15766,6054,9712,1796,875,921,193,131,62,2480,1286,1194,457,393,5006,81.1012321479,test
fl_63,74085,53900,410,11069,4160,6909,28888,12283,16605,1579,644,935,885,165,720,7416,4066,3350,3653,3973,16212,72.7542687454,test
mi_169,44255,22113,374,6130,1856,4274,8216,2854,5362,384,122,262,537,371,166,5222,2586,2636,1250,4389,17753,49.9672353406,test
il_11,244097,156881,5056,57467,15462,42005,37451,12317,25134,2333,577,1756,16771,4918,11853,17420,6821,10599,20383,8680,78536,64.2699418674,test
ct_54,39100,35719,263,2753,1056,1697,27574,13226,14348,917,643,274,238,238,0,3252,2298,954,722,393,2988,91.3529411765,test
ar_19,148694,104097,1705,39265,11363,27902,34899,14171,20728,7111,3702,3409,2799,1694,1105,10833,5380,5453,7485,8711,35886,70.0075322474,test
pr_64,60492,23628,584,4000,918,3082,13382,3054,10328,172,0,172,962,225,737,855,348,507,3673,5225,31639,39.0597103749,test
ca_198,165125,125625,1015,15992,7610,8382,38827,19126,19701,39185,23872,15313,2762,1386,1376,16602,10562,6040,11242,8755,30745,76.0787282362,test
ut_10,34118,27428,302,10132,4714,5418,6269,3011,3258,886,577,309,1975,601,1374,4969,2716,2253,2895,1273,5417,80.391582156,test
tx_373,31698,15562,156,2691,553,2138,7887,1591,6296,663,60,603,352,125,227,1521,822,699,2292,1005,15131,49.0945800997,test
pr_82,43670,20467,111,4259,956,3303,9358,2888,6470,31,0,31,480,63,417,487,223,264,5741,592,22611,46.8674147012,test
ks_36,54304,36912,740,8480,2390,6090,20089,6197,13892,1118,344,774,422,122,300,3407,1522,1885,2656,2981,14411,67.9728933412,test
va_130,38195,34565,354,2457,1000,1457,13055,6458,6597,11576,6781,4795,188,85,103,5883,3550,2333,1052,212,3418,90.496138238,test
mo_55,72173,46907,522,13253,3956,9297,22228,8434,13794,3141,1191,1950,941,217,724,3932,1985,1947,2890,5588,19678,64.9924486997,test
sc_54,55197,38614,436,10951,4557,6394,15672,6228,9444,662,318,344,945,394,551,5824,3484,2340,4124,3138,13445,69.9567005453,test
mo_29,140536,85850,547,25200,9113,16087,32401,12504,19897,8414,2701,5713,1539,567,972,9940,4213,5727,7809,9871,44815,61.0875505209,test
co_22,62604,41317,961,10885,4976,5909,16022,6925,9097,693,314,379,1666,768,898,6649,3398,3251,4441,5877,15410,65.9973803591,test
tx_426,176999,148463,753,40418,12126,28292,53308,24004,29304,13369,5684,7685,4452,2588,1864,20883,9134,11749,15280,7098,21438,83.8778750162,test
pa_170,39360,32250,131,3176,889,2287,15848,4833,11015,9744,4765,4979,245,150,95,2662,1443,1219,444,946,6164,81.9359756098,test
md_98,313837,250005,3457,18591,5606,12985,112858,42031,70827,64952,30052,34900,2897,1638,1259,37488,23443,14045,9762,8955,54877,79.6607793217,test
ma_41,26519,22385,67,798,267,531,9736,4154,5582,7760,3107,4653,0,0,0,2321,1142,1179,1703,481,3653,84.411176892,test
ks_40,281818,233026,2031,32191,15866,16325,140994,75515,65479,14623,8278,6345,3028,1461,1567,22755,12731,10024,17404,8556,40236,82.6866985075,test
ms_10,216804,117366,3339,38647,14131,24516,25833,9403,16430,2433,1402,1031,11920,4412,7508,14538,5957,8581,20656,11839,87599,54.1346100625,test
nc_12,848958,520343,11593,165173,52560,112613,184471,61191,123280,15826,6138,9688,27431,7432,19999,66247,29267,36980,49602,37071,291544,61.2919602619,test
ks_54,44865,30843,790,8701,3059,5642,10218,2771,7447,999,391,608,3837,914,2923,3082,1375,1707,3216,2100,11922,68.7462387161,test
ar_16,41865,27818,984,4563,2032,2531,9141,4079,5062,474,414,60,2192,649,1543,2524,930,1594,7940,2828,11219,66.4469126956,test
nc_76,20666,15970,100,1734,863,871,11727,6277,5450,0,0,0,189,165,24,1153,502,651,1067,277,4419,77.2766863447,test
mo_99,41378,34652,757,9107,3304,5803,14944,4779,10165,3141,671,2470,1320,198,1122,3391,1556,1835,1992,1011,5715,83.7449852579,test
oh_46,85623,54881,2004,12033,2594,9439,30792,8023,22769,788,442,346,1287,286,1001,5865,3096,2769,2112,4732,26010,64.0960956752,test
fl_281,48467,28114,885,6444,1534,4910,11821,3817,8004,1521,875,646,912,145,767,3872,1921,1951,2659,5789,14564,58.0064786349,test
ma_107,38824,29415,93,4273,1824,2449,19073,10602,8471,591,380,211,604,201,403,3040,1506,1534,1741,1114,8295,75.7649907274,test
oh_52,33438,24602,251,6181,2365,3816,12512,5887,6625,1303,514,789,484,128,356,2732,1076,1656,1139,580,8256,73.5749745798,test
il_40,22233,13337,413,3248,598,2650,5692,2445,3247,303,52,251,210,105,105,1252,455,797,2219,1949,6947,59.987406108,test
nc_89,290882,199167,2944,45093,14237,30856,95077,32872,62205,5811,1804,4007,7082,1635,5447,20742,9677,11065,22418,10656,81059,68.4700325218,test
ok_42,43924,27521,869,13364,2475,10889,4211,1095,3116,1184,327,857,1831,442,1389,3801,1989,1812,2261,1684,14719,62.6559511884,test
mi_65,29844,17953,157,2833,1124,1709,11283,4197,7086,314,141,173,200,82,118,2660,1454,1206,506,5987,5904,60.1561452888,test
wv_22,55253,36211,498,6753,2253,4500,20862,8347,12515,430,251,179,1758,76,1682,3508,1541,1967,2402,2308,16734,65.5367129387,test
md_40,27125,21969,315,3290,1265,2025,15087,5564,9523,487,138,349,184,152,32,1406,865,541,1200,1003,4153,80.9917050691,test
mt_19,44344,34304,786,6184,1889,4295,20231,5772,14459,539,220,319,607,79,528,4243,2201,2042,1714,2042,7998,77.358830958,test
mi_40,137728,113655,1309,21807,10493,11314,67028,32232,34796,4374,2233,2141,2883,654,2229,8039,4083,3956,8215,6841,17232,82.5213464219,test
ri_34,25592,18617,162,1807,534,1273,9017,2758,6259,3669,1251,2418,191,37,154,2634,812,1822,1137,875,6100,72.7453891841,test
ga_164,103748,76530,383,12637,5519,7118,45750,19094,26656,841,281,560,1323,884,439,7615,3247,4368,7981,3844,23374,73.7652774029,test
az_68,42432,37907,82,4814,1787,3027,26241,11520,14721,375,78,297,677,92,585,3985,2026,1959,1733,1646,2879,89.3358785822,test
ca_123,154214,117685,1240,27848,13710,14138,55073,30260,24813,4527,2361,2166,2037,1056,981,18682,12043,6639,8278,5343,31186,76.3127861284,test
co_47,321898,248959,2675,54322,23078,31244,135765,63711,72054,3752,1533,2219,5068,2057,3011,31031,16478,14553,16346,15416,57523,77.3409589373,test
ms_51,49263,33408,523,9244,1558,7686,16367,4188,12179,491,272,219,1845,309,1536,3389,1340,2049,1549,2043,13812,67.8156019731,test
wi_21,33343,23626,525,9503,2105,7398,7642,2308,5334,13,0,13,1796,587,1209,2233,966,1267,1914,744,8973,70.8574513391,test
va_83,37271,34454,317,1542,799,743,10827,5507,5320,15451,7901,7550,507,201,306,4290,2750,1540,1520,1111,1706,92.441844866,test
pr_23,31052,19786,358,2644,1186,1458,7456,3887,3569,91,91,0,408,32,376,2289,1740,549,6540,1169,10097,63.7189230967,test
mn_71,57623,43169,608,7522,2369,5153,22719,7114,15605,1783,706,1077,2415,746,1669,4452,1771,2681,3670,3186,11268,74.9162660743,test
ca_504,58399,50847,423,7180,2710,4470,34291,17174,17117,1847,689,1158,1220,223,997,4318,2290,2028,1568,765,6787,87.068271717,test
ca_531,38707,32687,319,7305,3204,4101,18062,8082,9980,1408,742,666,179,47,132,3842,1587,2255,1572,1336,4684,84.447257602,test
tx_212,43480,26790,973,6332,1669,4663,7126,1336,5790,410,126,284,4130,686,3444,2850,1265,1585,4969,1741,14949,61.6145354186,test
wa_154,25338,21043,219,2678,1687,991,13952,7988,5964,619,323,296,158,74,84,2496,1300,1196,921,1565,2730,83.0491751519,test
id_43,27767,20543,95,4117,1131,2986,10028,3458,6570,405,159,246,2292,536,1756,1980,1344,636,1626,1696,5528,73.9835056002,test
az_102,90662,62592,1434,20999,3933,17066,23081,4975,18106,748,106,642,2826,637,2189,8634,3539,5095,4870,4015,24055,69.0388475877,test
id_35,41267,28771,270,9754,2080,7674,9693,2544,7149,228,55,173,2751,390,2361,2210,1075,1135,3865,1486,11010,69.7191460489,test
tx_243,38830,18287,316,5027,2738,2289,4848,2374,2474,533,486,47,412,300,112,4419,2069,2350,2732,1050,19493,47.0950296163,test
wi_74,57009,45986,596,8215,4157,4058,24409,9547,14862,1241,480,761,2074,1171,903,4079,2099,1980,5372,1258,9765,80.6644564893,test
il_56,57785,40880,461,8599,2742,5857,21062,7748,13314,1753,908,845,575,327,248,4850,2617,2233,3580,5097,11808,70.7450030285,test
va_93,41663,28857,639,13459,4475,8984,7918,3391,4527,205,78,127,1175,449,726,2404,1258,1146,3057,1640,11166,69.2628951348,test
oh_188,77111,48679,646,11056,4342,6714,21606,9556,12050,1438,711,727,834,381,453,8835,1605,7230,4264,3731,24701,63.1284771304,test
tx_196,49024,39049,412,9217,3262,5955,21175,7769,13406,674,381,293,1898,784,1114,4211,2228,1983,1462,2991,6984,79.652823107,test
fl_82,27195,22016,547,3600,816,2784,12717,3815,8902,1267,419,848,491,201,290,2606,1371,1235,788,1074,4105,80.9560580989,test
nc_63,20666,15970,100,1734,863,871,11727,6277,5450,0,0,0,189,165,24,1153,502,651,1067,277,4419,77.2766863447,test
fl_23,113079,86010,559,17603,3958,13645,51798,13528,38270,3559,1687,1872,1824,278,1546,6437,2832,3605,4230,3155,23914,76.0618682514,test
fl_57,57341,47463,679,12421,4877,7544,21676,7566,14110,1430,530,900,3118,2126,992,5649,3678,1971,2490,3136,6742,82.7732338118,test
mn_90,48095,43355,660,7896,3965,3931,26835,15260,11575,836,713,123,1204,550,654,4657,3095,1562,1267,1614,3126,90.1445056659,test
ca_271,246583,221781,1610,55059,20259,34800,126335,62591,63744,9151,3814,5337,2036,1047,989,20531,12475,8056,7059,3996,20806,89.9417234765,test
il_220,24672,19124,73,2780,564,2216,13112,3951,9161,442,44,398,427,216,211,1539,894,645,751,245,5303,77.5129701686,test
nc_105,58263,45356,186,6244,1782,4462,26231,12584,13647,2752,1488,1264,646,43,603,5425,3150,2275,3872,3005,9902,77.8470041021,test
ar_33,26475,19400,160,3423,1987,1436,11904,6010,5894,45,45,0,211,0,211,2102,995,1107,1555,1479,5596,73.2766761095,test
tx_90,82361,64143,681,9943,3359,6584,23161,9861,13300,12333,5175,7158,942,472,470,13333,5856,7477,3750,2710,15508,77.8803074271,test
ny_185,46266,40212,87,1403,591,812,25895,14126,11769,8817,5990,2827,0,0,0,3728,2361,1367,282,1054,5000,86.9147970432,test
ma_131,38499,25604,211,3887,982,2905,18038,6212,11826,474,190,284,607,141,466,1802,1257,545,585,2026,10869,66.5056235227,test
ca_38,216309,158597,1894,35523,10127,25396,73730,25185,48545,6082,2191,3891,5083,1893,3190,17701,10547,7154,18584,8420,49292,73.3196492055,test
ca_177,27452,21005,131,7123,1626,5497,7694,2493,5201,2625,773,1852,245,0,245,2509,1816,693,678,870,5577,76.5153722862,test
fl_331,25806,15596,459,6965,1223,5742,4130,722,3408,399,155,244,755,52,703,2204,590,1614,684,1371,8839,60.4355576223,test
wa_77,49163,39005,334,5989,2014,3975,22786,11914,10872,127,0,127,794,314,480,5474,2756,2718,3501,1349,8809,79.338120131,test
ga_179,48954,35182,97,11021,3941,7080,11912,5346,6566,1709,678,1031,1088,178,910,7948,4530,3418,1407,2127,11645,71.8674674184,test
pr_30,68222,28961,1679,4808,1574,3234,10586,3668,6918,325,0,325,2102,1315,787,2980,1613,1367,6481,2388,36873,42.4511154759,test
or_17,82983,63926,1227,12619,2622,9997,33705,7750,25955,1518,546,972,5112,1374,3738,7631,2232,5399,2114,2662,16395,77.0350553728,test
nj_14,277102,199883,991,11686,4331,7355,98993,35798,63195,38318,17270,21048,1834,957,877,40872,23716,17156,7189,16339,60880,72.1333660529,test
tx_259,45628,36273,1892,9480,4296,5184,12282,4863,7419,3983,2055,1928,973,272,701,4365,2230,2135,3298,1844,7511,79.4972385377,test
mi_166,52693,40976,224,4689,1715,2974,30386,9788,20598,831,162,669,457,234,223,3570,2045,1525,819,2417,9300,77.7636498207,test
nd_13,36812,27677,140,2099,671,1428,15417,6742,8675,1750,487,1263,375,76,299,6504,2432,4072,1392,2227,6908,75.1847223731,test
ca_411,43534,30518,213,4821,2389,2432,9480,3752,5728,7761,3653,4108,835,161,674,5221,4017,1204,2187,2396,10620,70.1015298387,test
tx_109,38324,32114,397,4971,1874,3097,14340,6305,8035,4467,1678,2789,593,248,345,5373,1636,3737,1973,1429,4781,83.7960546916,test
ar_62,31676,25176,53,4896,1047,3849,15331,4672,10659,850,590,260,444,134,310,1897,1068,829,1705,1409,5091,79.4797322894,test
mo_38,30367,24825,145,7059,2601,4458,10276,5766,4510,1655,1016,639,230,115,115,2496,1203,1293,2964,1869,3673,81.7499259064,test
wv_27,43031,24760,837,9138,1591,7547,6880,1715,5165,1060,21,1039,3157,180,2977,2260,502,1758,1428,2620,15651,57.5399130859,test
sd_26,47374,36083,811,6024,2299,3725,15840,6830,9010,3029,1387,1642,2029,880,1149,5103,2363,2740,3247,2349,8942,76.1662515304,test
mi_28,68221,55702,637,9317,4461,4856,32562,14543,18019,1562,876,686,1903,660,1243,5815,2618,3197,3906,2483,10036,81.6493455094,test
il_132,59810,44438,1118,7649,2446,5203,23889,9420,14469,205,89,116,1439,695,744,4065,1477,2588,6073,2524,12848,74.2986122722,test
fl_270,52874,40899,197,4095,1360,2735,21007,7375,13632,8026,3713,4313,194,43,151,6478,3001,3477,902,2641,9334,77.3518175285,test
mi_107,70634,47030,1028,10536,2765,7771,24300,6843,17457,896,237,659,2425,435,1990,4899,2133,2766,2946,5849,17755,66.5826655718,test
ga_189,22100,15969,518,5734,1176,4558,3783,820,2963,1815,275,1540,78,78,0,3592,1004,2588,449,174,5957,72.257918552,test
ar_47,42262,23544,479,8549,3462,5087,5751,2870,2881,119,72,47,2275,1103,1172,2325,1238,1087,4046,1730,16988,55.7096209361,test
ok_73,115455,73134,1088,11400,5236,6164,39841,16669,23172,1952,1067,885,763,334,429,6673,3477,3196,11417,10409,31912,63.3441600624,test
ri_18,60595,41076,118,1583,652,931,20849,5477,15372,10290,4259,6031,304,265,39,3832,1924,1908,4100,1931,17588,67.7877712683,test
or_32,34941,28524,71,2368,928,1440,15381,6116,9265,6493,3597,2896,336,177,159,1764,891,873,2111,1241,5176,81.6347557311,test
ct_25,49986,28662,211,4938,1573,3365,14876,4651,10225,911,402,509,721,0,721,5813,1659,4154,1192,3385,17939,57.3400552155,test
ga_104,51668,27337,465,14672,2740,11932,4679,1014,3665,519,201,318,1371,370,1001,3245,1179,2066,2386,3164,21167,52.9089571882,test
or_83,64143,52929,435,8173,2940,5233,33623,15069,18554,589,263,326,1815,683,1132,4752,2803,1949,3542,3092,8122,82.5171881577,test
nj_57,93022,57499,194,3862,929,2933,33025,10595,22430,1975,698,1277,123,123,0,16302,10636,5666,2018,5531,29992,61.8122594655,test
mi_163,49940,31160,330,4263,1853,2410,19806,7650,12156,595,306,289,340,82,258,4934,2360,2574,892,8396,10384,62.3948738486,test
de_24,52189,38495,356,4094,1228,2866,22215,8355,13860,7113,3563,3550,300,216,84,3556,1304,2252,861,3179,10515,73.7607541819,test
ny_136,45321,33321,487,4305,1201,3104,15239,4934,10305,3342,1281,2061,2033,947,1086,4483,2310,2173,3432,1834,10166,73.5222082478,test
wi_78,45632,36119,342,7869,2486,5383,17493,5308,12185,900,213,687,848,387,461,6792,2018,4774,1875,1092,8421,79.1527875175,test
mi_56,31340,24797,104,4224,1723,2501,15318,5514,9804,1383,633,750,316,50,266,1857,1129,728,1595,1861,4682,79.1225271219,test
tx_236,48823,30605,409,7045,2220,4825,10262,3329,6933,1990,856,1134,447,93,354,4801,2447,2354,5651,2563,15655,62.6856194826,test
tx_306,34450,21906,305,4887,1604,3283,9396,3060,6336,510,131,379,360,269,91,2618,997,1621,3830,2606,9938,63.587808418,test
ca_544,53343,44525,144,12071,2882,9189,21092,10178,10914,2326,925,1401,552,173,379,5443,3075,2368,2897,844,7974,83.4692461991,test
ca_187,21955,19716,163,5911,2652,3259,6573,3145,3428,2249,1453,796,728,346,382,2821,1420,1401,1271,482,1757,89.8018674562,test
co_63,42941,37917,332,14894,7290,7604,10862,5177,5685,406,78,328,4070,1766,2304,5184,2977,2207,2169,1619,3405,88.3002258913,test
il_55,59567,49486,379,8424,3141,5283,32836,12484,20352,1185,451,734,967,503,464,4441,2348,2093,1254,1417,8664,83.0761999093,test
tx_154,38261,28562,155,6842,3880,2962,13144,7728,5416,320,178,142,1160,662,498,2781,1337,1444,4160,1834,7865,74.6504273281,test
mn_49,37022,28881,617,7270,2466,4804,15047,6896,8151,416,277,139,1066,687,379,2529,1423,1106,1936,1652,6489,78.0103722111,test
fl_225,38031,17649,45,4753,1129,3624,7605,3097,4508,591,347,244,406,147,259,3192,1443,1749,1057,2018,18364,46.406878599,test
md_18,88531,74279,751,10779,3874,6905,47748,19989,27759,1313,371,942,1997,501,1496,6730,3559,3171,4961,2354,11898,83.9016841558,test
il_99,29835,20579,33,2709,1093,1616,12969,6314,6655,471,182,289,200,0,200,2041,804,1237,2156,1573,7683,68.9760348584,test
tn_92,46590,29356,196,4212,1313,2899,17958,9051,8907,750,160,590,389,162,227,3027,1556,1471,2824,3036,14198,63.0092294484,test
il_172,55322,45209,601,9331,3803,5528,25001,12534,12467,1595,862,733,378,80,298,6318,4530,1788,1985,1306,8807,81.7197498283,test
nc_123,50454,39915,306,6084,2184,3900,26270,8360,17910,565,180,385,1240,128,1112,3453,1613,1840,1997,894,9645,79.1116660721,test
ks_70,131445,83489,998,13780,3749,10031,46807,15116,31691,7250,1661,5589,565,173,392,9901,4835,5066,4188,9511,38445,63.516299593,test
ga_101,41242,29697,394,8970,4035,4935,9685,3715,5970,993,188,805,460,127,333,6391,2463,3928,2804,2893,8652,72.006692207,test
pa_21,57407,39455,1413,9784,2758,7026,20836,8471,12365,301,86,215,973,271,702,2801,1473,1328,3347,1648,16304,68.7285522671,test
al_78,56840,41997,102,9458,3247,6211,22477,9491,12986,93,93,0,1534,524,1010,4829,2546,2283,3504,2722,12121,73.8863476425,test
in_74,40476,25776,779,6660,2226,4434,10907,3570,7337,1253,784,469,273,158,115,3026,992,2034,2878,2025,12675,63.6821820338,test
nh_18,45632,34607,468,3013,941,2072,25632,10767,14865,537,38,499,282,169,113,2843,1809,1034,1832,1335,9690,75.8393232819,test
tx_209,36862,26189,238,5754,3595,2159,11808,7374,4434,292,203,89,1674,652,1022,2048,1311,737,4375,1412,9261,71.046063697,test
nd_20,49568,38354,297,8106,3630,4476,20652,10281,10371,925,483,442,1556,596,960,3484,1801,1683,3334,3667,7547,77.3765332473,test
az_142,88082,77809,519,16543,5181,11362,46023,20291,25732,1046,760,286,1813,514,1299,7609,3506,4103,4256,2449,7824,88.3370041552,test
pa_117,55131,43253,665,4157,1647,2510,17204,7805,9399,12997,7338,5659,798,363,435,5646,2651,2995,1786,1581,10297,78.4549527489,test
mo_87,47442,40532,308,11403,4214,7189,22154,9779,12375,728,353,375,925,546,379,3008,1624,1384,2006,1171,5739,85.4348467603,test
va_11,309662,182654,8819,66003,18031,47972,39697,13409,26288,5581,2726,2855,19642,6092,13550,17113,7197,9916,25799,13757,113251,58.9849577927,test
pa_11,163528,113841,2837,51671,12264,39407,33350,10347,23003,811,327,484,3383,648,2735,15775,4950,10825,6014,5536,44151,69.615600998,test
mi_180,255565,121014,2318,25380,6226,19154,52767,14493,38274,3624,1038,2586,4893,2115,2778,23550,10316,13234,8482,32628,101923,47.3515543991,test
mt_18,61439,47439,944,9077,2427,6650,26924,7572,19352,654,220,434,1587,277,1310,5544,2705,2839,2709,3077,10923,77.2131707873,test
ga_32,379281,294095,1550,66770,30022,36748,146033,71871,74162,13179,6511,6668,7061,2353,4708,42519,24884,17635,16983,18452,66734,77.5401351505,test
ny_156,45460,33887,779,6501,1816,4685,19263,8280,10983,280,98,182,1043,327,716,3644,1317,2327,2377,1477,10096,74.5424549054,test
il_41,35843,28792,227,4474,1665,2809,19412,5784,13628,878,222,656,627,336,291,2235,1196,1039,939,359,6692,80.3280975365,test
ks_60,49185,26315,489,4801,877,3924,13803,3603,10200,2641,302,2339,223,83,140,2464,991,1473,1894,3604,19266,53.5020839687,test
wv_12,41281,30128,967,8716,3030,5686,14751,5649,9102,44,0,44,733,378,355,1557,962,595,3360,1230,9923,72.9827281316,test
mi_90,27658,21966,242,4015,1849,2166,12180,5118,7062,944,224,720,72,0,72,2624,1752,872,1889,1421,4271,79.4200592957,test
nc_149,63398,42959,823,8726,2395,6331,24368,6893,17475,501,264,237,760,172,588,4789,1879,2910,2992,3432,17007,67.7608126439,test
in_142,28264,14546,105,5028,500,4528,5186,1648,3538,436,0,436,658,158,500,1813,895,918,1320,1936,11782,51.4647608265,test
ny_194,37506,31920,278,547,149,398,18870,8852,10018,8370,4908,3462,0,0,0,2989,1522,1467,866,988,4598,85.1063829787,test
tx_395,33394,18414,46,3786,1171,2615,6478,2879,3599,268,25,243,1328,483,845,2829,1342,1487,3679,3002,11978,55.1416422112,test
ny_129,61887,44497,419,4899,1632,3267,31845,8808,23037,505,334,171,244,148,96,4350,1680,2670,2235,2360,15030,71.9003991145,test
nj_38,27633,16256,444,987,160,827,6264,1716,4548,2652,1314,1338,133,133,0,3886,2257,1629,1890,1403,9974,58.8282126443,test
sc_81,32067,20590,197,6456,1614,4842,7034,2434,4600,2269,223,2046,473,186,287,2667,1700,967,1494,529,10948,64.2093117535,test
wi_60,28878,19099,377,2422,761,1661,12296,2955,9341,821,265,556,496,0,496,1329,640,689,1358,1651,8128,66.1368515825,test
pa_52,164937,121756,2969,21395,6472,14923,74019,28771,45248,1832,1013,819,4275,1199,3076,9675,5382,4293,7591,5818,37363,73.8197008555,test
tx_303,54181,41102,243,11939,2913,9026,15977,6300,9677,2001,1143,858,1080,205,875,6837,3409,3428,3025,2565,10514,75.8605415182,test
ca_324,49879,39247,729,7909,3478,4431,22544,9757,12787,1814,763,1051,164,0,164,3460,2193,1267,2627,2129,8503,78.6844162874,test
ma_102,37323,30410,0,4133,1895,2238,23032,11858,11174,644,292,352,250,127,123,1474,732,742,877,1587,5326,81.4779090641,test
il_25,44965,31326,678,3571,1514,2057,19230,9151,10079,358,118,240,1581,957,624,2346,1041,1305,3562,1929,11710,69.6675191816,test
ca_505,62159,54426,333,7951,3422,4529,34294,12441,21853,1910,1145,765,324,198,126,7159,4719,2440,2455,1147,6586,87.5593236699,test
ky_24,25658,16734,294,6554,2572,3982,6706,2890,3816,0,0,0,425,100,325,2433,827,1606,322,995,7929,65.2194247408,test
mo_32,31106,22783,208,4954,1369,3585,12708,5078,7630,861,280,581,355,48,307,1951,1170,781,1746,1598,6725,73.2431042243,test
sc_93,35809,30546,252,4953,1687,3266,14043,6986,7057,1822,1196,626,771,358,413,7578,5102,2476,1127,1438,3825,85.3025775643,test
tx_205,44428,27190,1319,8100,1950,6150,6711,2016,4695,247,93,154,1071,439,632,7619,2094,5525,2123,2250,14988,61.2001440533,test
mi_68,40647,19696,215,3211,833,2378,12187,2099,10088,441,55,386,600,0,600,2224,1143,1081,818,2033,18918,48.4562206313,test
ga_15,54441,33091,571,7505,2945,4560,18275,5326,12949,66,66,0,326,118,208,3580,1776,1804,2768,2417,18933,60.783233225,test
tx_256,32261,28228,1513,5805,2247,3558,12434,3967,8467,3383,1521,1862,405,0,405,3751,2305,1446,937,1060,2973,87.4988376058,test
al_92,25116,14431,701,4586,745,3841,3498,1191,2307,261,12,249,1343,535,808,1444,426,1018,2598,617,10068,57.4573976748,test
mn_60,240943,197751,2677,58981,21573,37408,91854,36770,55084,4613,2081,2532,6130,2126,4004,19046,10777,8269,14450,9898,33294,82.0737684847,test
ri_11,49115,40965,101,1206,533,673,21912,8157,13755,9111,5060,4051,221,91,130,6837,3292,3545,1577,878,7272,83.406291357,test
al_41,88847,47694,635,13911,4476,9435,19402,7485,11917,2197,469,1728,732,163,569,8367,3050,5317,2450,6527,34626,53.6810471935,test
sd_16,28684,21429,0,2185,1519,666,15056,6352,8704,606,451,155,325,128,197,1980,1055,925,1277,1254,6001,74.707153814,test
mi_196,23847,21234,121,2043,877,1166,15803,7792,8011,367,116,251,154,86,68,2025,996,1029,721,921,1692,89.0426468738,test
ne_19,171549,125564,1018,9695,2736,6959,89511,32476,57035,3753,1294,2459,2350,164,2186,11671,6400,5271,7566,6629,39356,73.1942477077,test
ma_114,44443,33440,249,3294,1257,2037,22472,8678,13794,1643,584,1059,250,40,210,4593,1681,2912,939,1653,9350,75.2424453795,test
ga_187,23162,14895,547,3440,868,2572,7464,1923,5541,1147,346,801,321,284,37,1371,650,721,605,721,7546,64.3079181418,test
az_70,41571,30240,177,4383,1436,2947,19628,7588,12040,319,252,67,673,175,498,3304,1754,1550,1756,1823,9508,72.7430179693,test
ca_465,41347,31926,231,10941,2787,8154,13360,5153,8207,2255,869,1386,795,269,526,2874,1433,1441,1470,2472,6949,77.2147918833,test
pa_82,274917,183105,5117,54334,13761,40573,86492,28457,58035,2036,481,1555,6985,1649,5336,14546,6225,8321,13595,9892,81920,66.6037385829,test
ca_31,1003790,853780,6605,158343,65141,93202,470222,220857,249365,61142,28635,32507,14101,6343,7758,102485,60681,41804,40882,26523,123487,85.0556391277,test
ms_24,64218,36441,604,10676,3382,7294,11809,4219,7590,353,204,149,546,288,258,10682,6179,4503,1771,2865,24912,56.7457722134,test
tx_472,47064,41231,146,7137,2557,4580,20143,8926,11217,2897,1639,1258,966,396,570,6116,3188,2928,3826,1600,4233,87.6062383138,test
pr_48,23520,8759,274,3778,1341,2437,2185,583,1602,160,0,160,264,202,62,615,264,351,1483,690,14071,37.2406462585,test
ok_16,25430,15983,289,4663,1995,2668,4900,2116,2784,478,298,180,1312,530,782,1649,706,943,2692,1398,8049,62.850963429,test
ca_438,43663,36978,256,7916,4078,3838,18386,11384,7002,1934,1178,756,629,165,464,5735,3549,2186,2122,1486,5199,84.6895540847,test
tx_359,42920,39949,52,6918,3264,3654,23932,12916,11016,3525,1918,1607,375,265,110,3346,2328,1018,1801,1258,1713,93.0778191985,test
nj_64,93022,57499,194,3862,929,2933,33025,10595,22430,1975,698,1277,123,123,0,16302,10636,5666,2018,5531,29992,61.8122594655,test
ny_14,481143,326723,2195,15025,5849,9176,205685,60365,145320,23007,7117,15890,3172,1162,2010,68317,28272,40045,9322,24226,130194,67.905591477,test
la_98,31698,17715,575,5610,1792,3818,6129,1292,4837,98,0,98,1430,263,1167,1762,706,1056,2111,525,13458,55.8868067386,test
sd_23,36384,21253,274,6642,2363,4279,5938,1624,4314,1478,340,1138,923,229,694,3977,864,3113,2021,1763,13368,58.4130386983,test
ak_14,153850,128768,1295,34804,14992,19812,63128,33228,29900,561,307,254,3754,1405,2349,16676,11028,5648,8550,3940,21142,83.6971075723,test
ct_75,52638,42385,326,12782,3437,9345,21696,8678,13018,711,228,483,708,272,436,3746,1440,2306,2416,1121,9132,80.5216763555,test
ca_358,47042,34657,501,7922,2149,5773,10626,2739,7887,2817,595,2222,1485,1116,369,9685,2551,7134,1621,1189,11196,73.6724629055,test
ri_30,68798,55044,239,1651,732,919,24512,10824,13688,17959,8656,9303,268,180,88,8455,4544,3911,1960,2501,11253,80.0081397715,test
nh_23,33630,28803,76,1926,823,1103,21282,9982,11300,1311,764,547,478,436,42,1713,1262,451,2017,558,4269,85.6467439786,test
ut_39,60174,53292,628,16325,4780,11545,23286,6862,16424,1269,279,990,2981,932,2049,4638,2643,1995,4165,1356,5526,88.5631668162,test
az_74,28064,16813,66,3584,1584,2000,9302,3412,5890,166,0,166,458,116,342,991,597,394,2246,1533,9718,59.9094925884,test
tn_87,44197,33638,697,6847,1130,5717,16027,5943,10084,1812,868,944,1139,424,715,3572,2398,1174,3544,1763,8796,76.1092381836,test
or_28,38494,33682,108,3419,1194,2225,18085,8513,9572,6336,3068,3268,146,0,146,2913,1502,1411,2675,553,4259,87.4993505481,test
wa_72,85212,68413,1061,15890,7161,8729,31510,13573,17937,1335,506,829,2900,1114,1786,9388,5028,4360,6329,3030,13769,80.2856405201,test
ga_138,41335,30381,347,12894,5675,7219,9963,4458,5505,444,223,221,1495,528,967,2760,1167,1593,2478,1654,9300,73.4994556671,test
wi_115,32104,23699,335,4891,1385,3506,14072,3548,10524,611,233,378,535,79,456,1305,662,643,1950,1308,7097,73.8194617493,test
il_246,43847,30083,473,6183,1941,4242,14261,6137,8124,2765,285,2480,1082,561,521,3374,1884,1490,1945,1713,12051,68.6090268433,test
ar_20,41004,27955,686,10089,3774,6315,4626,1428,3198,2298,602,1696,2463,937,1526,3572,2034,1538,4221,2929,10120,68.1762754853,test
ks_64,41819,24055,260,3373,1600,1773,11984,4286,7698,1353,565,788,272,0,272,2744,1681,1063,4069,2835,14929,57.5217006624,test
ga_167,89106,63187,617,15604,6283,9321,25824,13848,11976,3979,2619,1360,1934,909,1025,10363,6757,3606,4866,4143,21776,70.9121720198,test
la_81,53205,32250,98,6729,3260,3469,14739,6443,8296,278,121,157,1306,1056,250,7334,2487,4847,1766,2631,18324,60.6146038906,test
nm_44,43578,37097,267,10216,4012,6204,13486,5574,7912,978,567,411,1417,700,717,7725,2672,5053,3008,1222,5259,85.1278167883,test
mo_100,40633,30003,329,6032,1715,4317,10206,3603,6603,2029,434,1595,3802,882,2920,2964,1047,1917,4641,1490,9140,73.8389978589,test
md_37,244114,157593,2095,34232,11413,22819,79624,29152,50472,5332,2589,2743,3705,1232,2473,17518,9965,7553,15087,12405,74116,64.5571331427,test
wi_37,107424,86538,917,21456,9013,12443,44228,21864,22364,4674,2115,2559,1028,369,659,10251,5365,4886,3984,6976,13910,80.5574173369,test
ia_22,38812,24952,814,5495,1566,3929,13689,4386,9303,157,57,100,729,249,480,2633,1461,1172,1435,2359,11501,64.2893950325,test
ga_67,31529,15792,253,3364,895,2469,8613,2451,6162,43,43,0,155,34,121,1692,846,846,1672,1665,14072,50.0872212883,test
il_118,259772,223778,2074,49023,25671,23352,126767,73186,53581,9349,5197,4152,2560,1072,1488,23396,15184,8212,10609,5681,30313,86.1440032028,test
ga_37,53186,39368,127,14088,2010,12078,18631,7955,10676,175,106,69,496,126,370,3013,1219,1794,2838,1773,12045,74.0194788102,test
wi_62,299626,238878,3794,62634,24502,38132,113012,51294,61718,9133,3900,5233,8229,3117,5112,26880,14344,12536,15196,14312,46436,79.7253909874,test
nh_13,35728,27326,673,6440,1016,5424,16746,5333,11413,213,101,112,768,144,624,1350,744,606,1136,2009,6393,76.4834303627,test
al_53,260766,192844,2661,58826,22473,36353,72533,31290,41243,10982,6525,4457,6221,2049,4172,28424,14867,13557,13197,10879,57043,73.9528926317,test
tx_198,40968,28158,414,5914,1420,4494,12898,3944,8954,1748,806,942,1503,203,1300,3453,1620,1833,2228,4270,8540,68.7316930287,test
ny_21,107752,89793,802,9675,3639,6036,57249,23759,33490,9956,4868,5088,397,221,176,9323,5060,4263,2391,3293,14666,83.333023981,test
nc_23,39570,29858,143,5791,1956,3835,15820,6258,9562,636,400,236,383,226,157,3139,1974,1165,3946,1787,7925,75.4561536518,test
ca_507,58232,47421,352,7945,3767,4178,30070,18441,11629,933,278,655,655,216,439,3343,2241,1102,4123,1205,9606,81.434606402,test
ma_90,37611,32885,165,3236,808,2428,16938,9324,7614,7248,4199,3049,128,86,42,4233,2931,1302,937,1149,3577,87.434527133,test
nj_78,263095,212462,2078,16425,5640,10785,115862,45384,70478,44536,21567,22969,560,433,127,24323,13381,10942,8678,8123,42510,80.7548604116,test
ct_70,51360,39163,117,6977,2619,4358,23930,7273,16657,1474,516,958,560,117,443,4424,2111,2313,1681,1845,10352,76.2519470405,test
ny_152,48348,31597,144,4826,1169,3657,21749,7085,14664,997,201,796,438,39,399,1929,1007,922,1514,5572,11179,65.3532721105,test
tx_447,59097,51659,260,10054,5539,4515,29656,18622,11034,1398,935,463,1227,654,573,5007,3425,1582,4057,1263,6175,87.4139127198,test
pa_109,45590,30843,747,8371,2629,5742,16753,7305,9448,354,66,288,717,141,576,2286,989,1297,1615,1254,13493,67.6529940776,test
ny_52,41881,29654,482,4160,446,3714,22570,6544,16026,497,80,417,151,0,151,1026,173,853,768,2748,9479,70.80537714,test
mn_111,29222,23957,128,4532,2165,2367,15028,9148,5880,476,298,178,559,559,0,2381,1521,860,853,1375,3890,81.9827527206,test
ky_37,44078,27144,1130,11770,3173,8597,7280,2898,4382,519,267,252,2057,388,1669,2642,633,2009,1746,1142,15792,61.5817414583,test
id_37,36806,27362,287,5885,2669,3216,12337,4971,7366,192,34,158,2696,1117,1579,3349,1425,1924,2616,2263,7181,74.3411400315,test
il_131,53203,37233,155,8905,2486,6419,15395,5041,10354,329,154,175,4027,1695,2332,3658,1713,1945,4764,1721,14249,69.9828957014,test
ca_440,41787,31960,408,8978,2101,6877,15135,3613,11522,1167,410,757,322,123,199,3920,1565,2355,2030,1497,8330,76.4831167588,test
tx_419,34472,23738,25,4801,2298,2503,11989,6097,5892,79,21,58,1210,988,222,1929,986,943,3705,1932,8802,68.8616848457,test
nj_37,33252,26998,281,601,424,177,16481,6665,9816,5483,2618,2865,127,88,39,2744,1693,1051,1281,915,5339,81.1921087453,test
ca_475,40194,35555,332,9700,4670,5030,17319,9376,7943,2067,1329,738,585,421,164,3610,2029,1581,1942,711,3928,88.4584763895,test
ny_150,67980,48370,530,5110,1474,3636,27070,8961,18109,8138,2315,5823,868,222,646,4437,2065,2372,2217,2658,16952,71.1532803766,test
ca_190,35302,29279,61,8203,3340,4863,15606,6555,9051,120,84,36,485,351,134,3537,1858,1679,1267,2008,4015,82.9386437029,test
wa_60,32560,22309,313,5054,2085,2969,11260,4053,7207,390,67,323,766,123,643,1649,534,1115,2877,1920,8331,68.5165847666,test
nj_82,46994,38812,112,2549,622,1927,16665,6316,10349,14927,5657,9270,340,160,180,3213,1574,1639,1006,825,7357,82.5892667149,test
wa_57,81498,59008,480,6617,2709,3908,38147,20394,17753,1533,1044,489,1384,537,847,7006,3920,3086,3841,3961,18529,72.4042307787,test
ct_18,44520,33726,598,8612,2543,6069,19263,6897,12366,336,125,211,467,195,272,2451,1153,1298,1999,1525,9269,75.7547169811,test
ny_199,35104,30742,83,538,87,451,18717,6383,12334,6669,2894,3775,179,0,179,3959,2050,1909,597,599,3763,87.5740656335,test
ky_26,125138,97607,501,13740,5765,7975,57674,30844,26830,1219,377,842,1768,625,1143,15049,8307,6742,7656,5568,21963,77.9994885646,test
wv_28,41644,29536,283,4121,1708,2413,19867,7594,12273,351,75,276,1183,298,885,2768,1508,1260,963,1464,10644,70.9249831909,test
ca_203,76284,56840,1218,10776,3099,7677,29172,6421,22751,2580,1127,1453,1542,168,1374,7777,4124,3653,3775,2221,17223,74.5110377012,test
mn_65,51884,34744,715,10653,3384,7269,8438,3673,4765,2529,930,1599,3391,954,2437,4176,1867,2309,4842,2662,14478,66.9647675584,test
tx_422,38660,32965,133,6094,2422,3672,13699,5535,8164,4380,2142,2238,953,235,718,5134,2642,2492,2572,1423,4272,85.2690118986,test
il_113,265363,177424,1864,41220,13889,27331,88056,34076,53980,5117,2910,2207,3866,1439,2427,23540,11980,11560,13761,19138,68801,66.8608660589,test
tn_95,69191,60185,374,13419,7561,5858,33039,20920,12119,2458,1319,1139,1132,474,658,7262,4818,2444,2501,1640,7366,86.9838562819,test
tn_124,31844,22027,439,3822,1137,2685,11315,3739,7576,2646,659,1987,197,0,197,2569,688,1881,1039,1206,8611,69.1715864841,test
wi_116,51689,37664,555,6298,2278,4020,22949,6485,16464,1139,348,791,729,44,685,3242,1650,1592,2752,2199,11826,72.8665673548,test
fl_245,43355,40183,257,4445,1211,3234,23969,8770,15199,697,392,305,333,116,217,9445,3999,5446,1037,245,2927,92.6836581709,test
mo_79,61812,42808,251,6340,2471,3869,22402,8965,13437,1266,548,718,1974,248,1726,6365,3926,2439,4210,3971,15033,69.2551608102,test
ny_169,42993,31263,395,2246,584,1662,23031,7298,15733,156,0,156,777,136,641,2949,1597,1352,1709,1176,10554,72.7164887307,test
al_33,24963,12817,567,2742,876,1866,4293,1461,2832,534,279,255,1085,484,601,1774,588,1186,1822,2290,9856,51.3439891039,test
az_88,33619,21987,428,3253,1230,2023,12252,4407,7845,701,361,340,787,333,454,3306,1551,1755,1260,3042,8590,65.4005175645,test
al_71,62023,43900,707,12957,3884,9073,16647,5464,11183,1411,411,1000,982,348,634,8292,3757,4535,2904,3332,14791,70.780194444,test
dc_10,45413,41606,271,5668,3100,2568,21995,12744,9251,5362,3633,1729,566,264,302,5577,3431,2146,2167,1274,2533,91.6169378812,test
hi_25,38556,26934,137,5924,2675,3249,15832,6288,9544,438,412,26,173,8,165,2197,1372,825,2233,1527,10095,69.8568316215,test
ia_19,36249,26408,794,4639,1554,3085,14575,4567,10008,586,144,442,1205,528,677,2566,1223,1343,2043,1866,7975,72.8516648735,test
tx_325,36551,29683,160,6007,2741,3266,16944,9951,6993,523,417,106,808,451,357,2841,1972,869,2400,2164,4704,81.2098164209,test
tx_315,33408,21216,158,6126,1760,4366,6413,2014,4399,634,345,289,709,182,527,5119,3447,1672,2057,2161,10031,63.5057471264,test
wy_10,61246,44728,1140,15103,3723,11380,10969,3689,7280,1591,650,941,6339,1434,4905,5066,2045,3021,4520,2849,13669,73.0300754335,test
pa_172,39684,31803,639,10391,3236,7155,16760,6497,10263,847,222,625,124,0,124,1855,473,1382,1187,689,7192,80.1406108255,test
ma_80,40370,32841,236,6733,2220,4513,19210,5361,13849,2031,1214,817,488,66,422,3390,1460,1930,753,1395,6134,81.3500123854,test
ar_54,38130,20573,818,9321,2468,6853,2216,889,1327,563,119,444,1999,616,1383,1760,783,977,3896,1301,16256,53.9548911618,test
il_26,107186,81064,853,17673,5745,11928,40961,15036,25925,1832,600,1232,3897,835,3062,8264,2909,5355,7584,2401,23721,75.6292799433,test
pa_55,29713,22916,207,2082,189,1893,12171,3995,8176,3689,1575,2114,336,81,255,3512,1507,2005,919,977,5820,77.1244909636,test
ga_134,48298,28694,492,16002,3440,12562,4573,858,3715,693,44,649,1534,207,1327,3540,1525,2015,1860,3824,15780,59.4103275498,test
ga_127,64479,50414,80,12009,5436,6573,24714,10539,14175,1958,692,1266,1551,1103,448,6428,3475,2953,3674,2605,11460,78.1866964438,test
fl_109,41007,28925,434,7122,2038,5084,13168,6336,6832,1158,717,441,335,105,230,4138,1410,2728,2570,2396,9686,70.5367376302,test
ny_158,57526,42033,204,3389,1110,2279,31687,11496,20191,2728,853,1875,292,193,99,2038,853,1185,1695,2233,13260,73.0678301985,test
in_55,29578,22329,193,4470,1623,2847,13661,4550,9111,1240,595,645,869,202,667,1058,545,513,838,2998,4251,75.49191967,test
ct_37,32258,27686,92,1568,613,955,21462,7275,14187,1003,390,613,136,0,136,3049,1763,1286,376,449,4123,85.8267716535,test
mo_72,38029,29272,107,7079,2820,4259,14151,6789,7362,1066,455,611,1538,758,780,2291,967,1324,3040,2955,5802,76.9728365195,test
ut_70,50415,42325,678,12401,4796,7605,17237,6603,10634,1071,568,503,4202,1672,2530,3229,2040,1189,3507,1577,6513,83.9531885352,test
id_13,155434,125720,2383,42045,15121,26924,48410,20811,27599,3561,836,2725,5787,2187,3600,12017,5585,6432,11517,7793,21921,80.8832044469,test
wi_38,25865,20216,219,4260,1039,3221,13629,4135,9494,217,59,158,225,137,88,1211,432,779,455,1141,4508,78.1596752368,test
wv_39,37766,30687,233,6097,1136,4961,20181,8189,11992,206,101,105,1219,383,836,2348,1243,1105,403,1090,5989,81.2556267542,test
tx_410,91633,67751,537,18062,7692,10370,20463,9965,10498,1614,768,846,2022,799,1223,10284,6777,3507,14769,5356,18526,73.9373369856,test
nj_88,35281,32355,227,1068,429,639,15455,9054,6401,11246,6958,4288,38,0,38,3699,2540,1159,622,434,2492,91.7065842805,test
ny_241,55501,46566,474,5598,2175,3423,30866,13301,17565,3574,2360,1214,219,43,176,3647,1576,2071,2188,1813,7122,83.9011909695,test
pr_68,34750,17478,741,5637,689,4948,5338,1438,3900,219,0,219,1446,513,933,1399,888,511,2698,589,16683,50.2964028777,test
fl_223,31945,18299,128,2815,637,2178,9265,789,8476,505,83,422,855,48,807,2020,860,1160,2711,313,13333,57.2828298638,test
md_49,271652,195906,2384,24886,8732,16154,77655,31989,45666,45144,24979,20165,3677,1385,2292,28448,17222,11226,13712,11285,64461,72.1165314446,test
nc_134,58835,39159,892,8678,2394,6284,19601,6666,12935,900,204,696,1421,42,1379,5399,1787,3612,2268,2680,16996,66.5573213223,test
wi_65,292046,234891,3226,41099,15884,25215,137124,63601,73523,11422,5661,5761,6215,2580,3635,18841,8785,10056,16964,7260,49895,80.4294528944,test
ca_479,38815,29928,727,10761,2057,8704,9835,3191,6644,2218,428,1790,1151,312,839,2222,772,1450,3014,1934,6953,77.1042122891,test
nj_177,36403,28697,249,4775,1727,3048,19377,8479,10898,1025,36,989,857,31,826,1859,1158,701,555,476,7230,78.8314149933,test
ak_16,27077,21559,393,6027,2478,3549,10472,5113,5359,265,157,108,970,285,685,2553,1337,1216,879,1442,4076,79.6210806219,test
pr_45,100133,40006,1053,7499,2038,5461,17598,3771,13827,1299,742,557,2205,822,1383,3820,1330,2490,6532,7012,53115,39.9528626926,test
tx_323,35918,24220,289,5315,2160,3155,12099,5458,6641,28,0,28,864,475,389,2958,1631,1327,2667,2388,9310,67.4313714572,test
tx_491,35691,25386,252,7068,2516,4552,8920,3757,5163,352,189,163,1023,240,783,3739,2283,1456,4032,2019,8286,71.127174918,test
nc_32,58106,43113,432,13883,5030,8853,18666,7686,10980,1395,610,785,1211,336,875,4893,2097,2796,2633,1879,13114,74.1971569201,test
tx_29,205137,180013,950,40941,21561,19380,82199,42511,39688,9601,4781,4820,6079,3860,2219,27925,20757,7168,12318,2556,22568,87.7525751083,test
nv_22,58222,41675,539,5880,1873,4007,21165,5698,15467,829,226,603,2368,1795,573,8157,5821,2336,2737,2847,13700,71.5794716774,test
in_19,27003,15605,334,4753,870,3883,5990,1613,4377,244,157,87,832,25,807,1477,624,853,1975,2068,9330,57.7898751991,test
ca_93,46034,35298,408,8921,2072,6849,16328,3809,12519,2717,1301,1416,360,161,199,4642,1912,2730,1922,1590,9146,76.6781074858,test
ny_60,40452,31042,450,5073,2262,2811,20589,7157,13432,150,68,82,91,0,91,2731,1187,1544,1958,1133,8277,76.7378621576,test
nc_143,57101,50125,435,11955,4571,7384,27544,11410,16134,1686,977,709,542,49,493,5714,2656,3058,2249,1488,5488,87.7830510849,test
wv_29,67382,43363,784,11120,3394,7726,21059,8959,12100,684,221,463,1994,733,1261,3970,1690,2280,3752,3309,20710,64.3539817755,test
ca_458,42363,35470,250,8574,4576,3998,15060,9391,5669,3501,1523,1978,566,315,251,3797,1879,1918,3722,1537,5356,83.7287255388,test
ny_113,266219,205935,1757,8699,3030,5669,108790,43510,65280,31636,14252,17384,1917,622,1295,48177,29841,18336,4959,10882,49402,77.3554855213,test
ma_108,57628,51913,337,3824,1847,1977,29314,16167,13147,8527,4596,3931,241,0,241,7067,5633,1434,2603,1127,4588,90.0829457902,test
il_150,54161,40104,410,8149,3052,5097,21839,10338,11501,2842,1701,1141,918,369,549,2109,1096,1013,3837,1555,12502,74.0459001865,test
ne_13,209490,158335,1322,12903,3957,8946,113906,41282,72624,4560,1615,2945,2573,312,2261,14418,8305,6113,8653,7583,43572,75.5811733257,test
va_88,69246,49284,1300,16902,5296,11606,18901,6286,12615,1937,418,1519,2028,532,1496,3010,1228,1782,5206,2006,17956,71.1723420847,test
va_77,262877,239680,1193,14429,6164,8265,88745,46581,42164,94320,54084,40236,1756,788,968,24643,15488,9155,14594,4827,18370,91.1757209646,test
nv_11,101486,74097,2375,25077,6597,18480,19663,7556,12107,1081,162,919,8032,2930,5102,7790,3979,3811,10079,5165,22224,73.0120410697,test
ca_347,41813,27833,139,7923,3942,3981,11132,5683,5449,131,61,70,1046,465,581,3101,1411,1690,4361,1414,12566,66.5654222371,test
il_228,45873,31736,348,6296,1909,4387,16126,5255,10871,1195,529,666,504,209,295,4603,2629,1974,2664,3941,10196,69.1823076755,test
nc_74,38635,27292,388,5675,1535,4140,14643,6060,8583,1626,878,748,248,69,179,2474,1734,740,2238,2377,8966,70.6406108451,test
ny_97,55060,35104,208,2177,546,1631,22232,7106,15126,2123,356,1767,415,299,116,5775,2903,2872,2174,2786,17170,63.7559026517,test
tx_391,43434,29007,912,3662,1034,2628,11293,2937,8356,138,0,138,3479,1046,2433,4324,2010,2314,5199,1866,12561,66.7840861998,test
va_135,39022,31202,325,11961,3143,8818,12737,3995,8742,816,563,253,1260,273,987,2852,1547,1305,1251,1160,6660,79.9600225514,test
az_84,39681,35685,399,8129,2088,6041,20765,8663,12102,484,377,107,1310,236,1074,3356,1437,1919,1242,1253,2743,89.9296892719,test
ny_48,68650,53018,805,5040,1457,3583,41133,12113,29020,458,131,327,1215,500,715,2888,1248,1640,1479,2610,13022,77.2294246176,test
va_37,85484,62127,344,9897,3560,6337,37109,15540,21569,1249,811,438,654,475,179,4779,2328,2451,8095,4114,19243,72.6767582238,test
ca_467,47851,36729,822,10245,3680,6565,14243,4480,9763,2509,1096,1413,897,75,822,3564,1768,1796,4449,2482,8640,76.7570165723,test
ky_43,43502,27847,358,14737,4000,10737,6769,2442,4327,872,31,841,994,179,815,2829,853,1976,1288,1645,14010,64.0131488207,test
ky_29,247847,174928,1781,26722,11342,15380,99550,46071,53479,7586,3919,3667,2567,1306,1261,26637,14445,12192,10085,13439,59480,70.5790265769,test
md_96,201695,172695,1661,10645,3172,7473,64568,28503,36065,59889,27201,32688,1525,434,1091,28521,14290,14231,5886,5636,23364,85.6218547807,test
il_242,45053,29603,481,6946,2581,4365,14429,5701,8728,348,97,251,556,171,385,2684,1403,1281,4159,2592,12858,65.7070561339,test
or_81,44232,34845,702,6050,2510,3540,19197,9238,9959,860,0,860,1060,439,621,2856,1821,1035,4120,1615,7772,78.7778079219,test
va_31,24042,21195,151,2283,697,1586,13781,5777,8004,1816,936,880,234,0,234,2615,1610,1005,315,386,2461,88.1582231096,test
ma_86,43140,34674,171,3650,1188,2462,25692,12329,13363,907,475,432,350,277,73,2053,1250,803,1851,2843,5623,80.3755215577,test
mo_26,138788,117872,800,35690,13991,21699,55526,24567,30959,6251,2423,3828,2821,1203,1618,11515,6877,4638,5269,3210,17706,84.9295328126,test
tx_290,58690,37673,1332,15154,4818,10336,5825,2228,3597,1051,310,741,3283,924,2359,3992,2239,1753,7036,2909,18108,64.1898108707,test
ny_245,53034,36455,398,1150,115,1035,25006,4167,20839,3471,1168,2303,388,135,253,3914,1205,2709,2128,2484,14095,68.7389222009,test
il_233,29938,22634,355,4653,1979,2674,12432,4968,7464,1072,768,304,273,43,230,2663,1434,1229,1186,980,6324,75.6029126862,test
ga_95,37634,34643,115,8937,4863,4074,18503,12990,5513,2451,1462,989,446,0,446,3010,2466,544,1181,842,2149,92.0523994261,test
nv_14,42026,36586,0,5608,2007,3601,19742,7040,12702,1961,240,1721,1055,340,715,5158,3604,1554,3062,1658,3782,87.0556322277,test
ca_422,47694,33168,568,9487,4587,4900,10975,5679,5296,1215,470,745,1672,723,949,3821,2365,1456,5430,2579,11947,69.5433387848,test
va_70,259558,192082,3430,26165,11023,15142,89030,36195,52835,24806,9888,14918,6447,2520,3927,26521,11451,15070,15683,10534,56942,74.0034982547,test
fl_37,28272,20729,413,8376,1410,6966,7910,3076,4834,481,232,249,454,292,162,2377,1063,1314,718,1474,6069,73.3198924731,test
ny_259,42768,35725,107,2501,776,1725,15526,6349,9177,12552,6280,6272,140,46,94,4328,2594,1734,571,1063,5980,83.5320800599,test
md_43,265390,204234,4040,31867,10993,20874,102320,38044,64276,18459,8687,9772,8832,2388,6444,21288,11610,9678,17428,10954,50202,76.9561777007,test
mt_15,37767,32526,470,7111,2404,4707,13562,4379,9183,1151,556,595,2250,588,1662,5843,2844,2999,2139,1161,4080,86.122805624,test
tx_170,259758,176552,2066,50091,15349,34742,63165,21095,42070,5009,2342,2667,14465,5638,8827,24574,13347,11227,17182,14306,68900,67.9678777939,test
pa_122,61805,43252,1227,15157,4314,10843,15804,7277,8527,223,21,202,2152,553,1599,4571,2107,2464,4118,1909,16644,69.9813930912,test
or_62,41448,32967,291,6116,2323,3793,19500,6566,12934,1051,317,734,1149,266,883,1999,1091,908,2861,1861,6620,79.5382165605,test
ny_181,37637,29385,222,1092,202,890,13962,5659,8303,8579,4190,4389,191,130,61,4824,2965,1859,515,1977,6275,78.0747668518,test
fl_254,37154,24919,25,4411,1529,2882,15532,5352,10180,127,127,0,332,129,203,3661,1607,2054,831,2100,10135,67.0694945363,test
ca_189,111136,82839,1248,20339,7801,12538,32871,15044,17827,3861,2573,1288,1505,710,795,14541,8255,6286,8474,5209,23088,74.5384033976,test
al_58,44137,31968,502,4222,1465,2757,21825,11489,10336,230,161,69,306,65,241,3165,1521,1644,1718,2113,10056,72.4290277998,test
ca_461,44371,36519,442,9695,4246,5449,15363,5125,10238,4805,843,3962,709,256,453,3833,1930,1903,1672,902,6950,82.3037569584,test
tx_269,67218,41117,1494,12770,4615,8155,7413,3200,4213,1150,477,673,5437,1924,3513,5746,2552,3194,7107,2636,23465,61.1696271832,test
ca_283,197344,141140,1551,29541,10627,18914,74171,25397,48774,8464,3435,5029,2767,1066,1701,18071,8651,9420,6575,5543,50661,71.5197827144,test
va_17,115675,96133,386,4703,1496,3207,45979,14906,31073,29586,13554,16032,1262,567,695,11422,5292,6130,2795,4209,15333,83.106116274,test
al_84,76743,49072,2217,9794,2838,6956,24459,6339,18120,421,98,323,1396,373,1023,6141,2099,4042,4644,3088,24583,63.9432912448,test
ca_78,40177,35144,290,7147,2901,4246,18883,5052,13831,2141,866,1275,885,321,564,4026,1663,2363,1772,1271,3762,87.4729322747,test
sc_62,49586,36202,466,6152,1877,4275,19824,7330,12494,1658,826,832,570,153,417,6219,3712,2507,1313,2550,10834,73.0085104667,test
ma_37,251757,190835,999,27415,10463,16952,129418,49032,80386,3310,1431,1879,2457,1053,1404,15917,7721,8196,11319,10832,50090,75.8012686837,test
ca_21,41813,27833,139,7923,3942,3981,11132,5683,5449,131,61,70,1046,465,581,3101,1411,1690,4361,1414,12566,66.5654222371,test
pr_39,57588,36053,174,6640,3395,3245,15107,7250,7857,146,52,94,1571,460,1111,2818,1513,1305,9597,2795,18740,62.605056609,test
oh_87,296986,204478,2541,41035,15435,25600,110054,42084,67970,6099,2475,3624,4167,1766,2401,23957,11718,12239,16625,16586,75922,68.8510569522,test
mo_83,50882,32878,799,9132,2846,6286,10384,3469,6915,546,102,444,5275,1431,3844,3387,1550,1837,3355,3441,14563,64.616170748,test
ca_227,175350,126831,988,35557,12504,23053,52832,22580,30252,9378,4615,4763,2972,809,2163,15386,8910,6476,9718,11580,36939,72.3301967494,test
oh_199,27445,14988,192,4198,673,3525,7146,2610,4536,157,114,43,437,122,315,1077,591,486,1781,2230,10227,54.6110402623,test
oh_70,26384,14094,192,3960,673,3287,6708,2402,4306,157,114,43,418,103,315,1014,557,457,1645,2160,10130,53.4187386295,test
in_87,48427,41126,487,11244,4621,6623,18162,8326,9836,2243,1389,854,1558,394,1164,3980,2356,1624,3452,609,6692,84.9236995891,test
ms_33,43738,20402,558,6429,2130,4299,5863,1702,4161,532,31,501,2234,658,1576,1228,735,493,3558,2561,20775,46.6459371713,test
ga_128,52756,47556,91,14491,6156,8335,19446,9375,10071,2751,1640,1111,963,232,731,8190,3699,4491,1624,1211,3989,90.1433012359,test
co_73,45887,42053,422,10428,5860,4568,23022,11818,11204,542,319,223,555,456,99,5490,3526,1964,1594,1224,2610,91.6446923965,test
il_140,74908,46771,991,19681,5780,13901,12923,5407,7516,492,230,262,3010,584,2426,4238,2073,2165,5436,2971,25166,62.4379238533,test
tx_118,46626,27925,353,3319,797,2522,18125,5801,12324,482,319,163,689,342,347,2577,1079,1498,2380,5251,13450,59.8914768584,test
pa_158,43864,17506,229,3464,619,2845,7410,1847,5563,1242,235,1007,654,0,654,3168,1169,1999,1339,2457,23901,39.9097209557,test
nj_49,23294,20040,128,2200,818,1382,13147,4156,8991,1528,585,943,0,0,0,2520,1437,1083,517,449,2805,86.030737529,test
ca_435,60838,49562,381,12554,4435,8119,22950,8003,14947,4532,2053,2479,1365,700,665,5880,3115,2765,1900,1922,9354,81.4655314113,test
oh_145,48353,30834,671,4092,1039,3053,19025,4377,14648,454,117,337,1950,312,1638,2040,856,1184,2602,1767,15752,63.7685355614,test
nj_46,27746,22887,78,1448,455,993,13974,7923,6051,2952,1526,1426,49,0,49,3968,2677,1291,418,668,4191,82.4875657752,test
ar_67,34823,23583,0,4752,935,3817,13544,3440,10104,1027,92,935,475,49,426,2907,872,2035,878,2136,9104,67.7224822675,test
ca_298,180495,119145,2139,32787,11940,20847,42240,16905,25335,7381,3202,4179,4259,1651,2608,18405,10966,7439,11934,9198,52152,66.010138785,test
fl_180,50415,41490,242,7894,2732,5162,24945,15004,9941,1615,843,772,146,75,71,4193,2866,1327,2455,1559,7366,82.2969354359,test
ca_154,29636,22118,73,2704,553,2151,14792,6440,8352,1472,460,1012,510,0,510,2088,691,1397,479,906,6612,74.6322040761,test
il_66,19876,16771,95,3593,2019,1574,9775,6510,3265,569,312,257,495,270,225,1170,735,435,1074,770,2335,84.3781444959,test
ri_10,235598,173219,1016,10397,4055,6342,90242,30429,59813,42149,17136,25013,1024,430,594,19798,8124,11674,8593,7199,55180,73.5231198907,test
ca_456,47686,37216,0,6939,1899,5040,15555,3533,12022,8461,1997,6464,356,64,292,3852,1634,2218,2053,1195,9275,78.0438703183,test
ky_12,713058,446516,10015,170591,50085,120506,136514,53199,83315,13154,4473,8681,23917,7296,16621,55034,23730,31304,37291,28933,237609,62.6198710343,test
ca_97,30364,20656,1100,2604,554,2050,6429,866,5563,6249,957,5292,384,0,384,2463,959,1504,1427,2907,6801,68.0279278092,test
la_72,63197,37211,1238,12008,3941,8067,10144,3530,6614,597,194,403,4226,680,3546,5774,2629,3145,3224,4363,21623,58.8809595392,test
ca_213,46716,40657,292,3281,1496,1785,16059,8704,7355,11632,6838,4794,528,78,450,8248,5871,2377,617,1047,5012,87.0301395667,test
mo_95,69094,54970,494,19244,7873,11371,20237,8785,11452,5434,2077,3357,808,559,249,5554,2436,3118,3199,1931,12193,79.5582829189,test
oh_150,42514,34456,360,4518,1171,3347,22266,7490,14776,886,360,526,136,0,136,4045,2184,1861,2245,1324,6734,81.0462435903,test
ny_202,34883,30736,137,525,226,299,18010,7340,10670,5846,2871,2975,121,74,47,5538,2910,2628,559,1379,2768,88.1116876415,test
ca_420,59161,52587,302,9930,5818,4112,33234,20593,12641,1410,916,494,672,417,255,4979,3243,1736,2060,1116,5458,88.8879498318,test
al_64,40135,23766,278,6480,1977,4503,11198,2931,8267,229,142,87,722,55,667,3095,913,2182,1764,3253,13116,59.2151488726,test
tx_119,38748,28199,308,7893,2713,5180,10035,3975,6060,399,236,163,1149,366,783,4178,2609,1569,4237,2272,8277,72.7753690513,test
ny_235,57569,48862,192,1497,416,1081,15503,4567,10936,24822,7290,17532,313,83,230,6039,2677,3362,496,1275,7432,84.8755406556,test
il_60,44474,37553,473,7080,3583,3497,22843,13312,9531,909,435,474,123,42,81,4250,3093,1157,1875,1589,5332,84.4380986644,test
nh_29,51644,40068,328,6507,1190,5317,26302,5874,20428,256,124,132,1410,411,999,4300,1934,2366,965,1886,9690,77.5850050345,test
ny_236,48537,37783,44,1735,589,1146,13745,4377,9368,16583,4784,11799,447,58,389,4796,2135,2661,433,1661,9093,77.8437068628,test
nj_52,26533,15649,231,774,0,774,8884,1184,7700,3822,693,3129,49,0,49,1032,324,708,857,622,10262,58.9793841631,test
tx_382,36589,32703,314,7119,1548,5571,15375,6586,8789,2704,1414,1290,710,635,75,4597,2849,1748,1884,1357,2529,89.379321654,test
nj_51,24687,18566,93,1082,272,810,12918,2136,10782,2938,852,2086,0,0,0,955,590,365,580,818,5303,75.2055737838,test
md_77,49008,41505,361,4608,949,3659,12037,3854,8183,16675,6244,10431,93,0,93,6500,2027,4473,1231,1405,6098,84.6902546523,test
nm_43,41028,26563,448,7616,2088,5528,11081,4551,6530,760,188,572,221,73,148,3400,1961,1439,3037,1726,12739,64.7435897436,test
mi_55,30443,26664,121,2546,1128,1418,19640,9597,10043,445,153,292,247,179,68,2811,1277,1534,854,1060,2719,87.5866373222,test
or_64,63551,51742,895,11626,3011,8615,20730,7072,13658,4587,1593,2994,4455,1176,3279,5664,2110,3554,3785,1414,10395,81.4180736731,test
or_40,34941,28524,71,2368,928,1440,15381,6116,9265,6493,3597,2896,336,177,159,1764,891,873,2111,1241,5176,81.6347557311,test
fl_64,21529,14047,317,2574,510,2064,7900,3490,4410,280,20,260,308,24,284,1260,709,551,1408,486,6996,65.2468763064,test
ia_52,72312,62974,626,22033,9092,12941,30012,15298,14714,793,453,340,1149,643,506,4920,3132,1788,3441,2153,7185,87.0865139949,test
tx_267,37919,27728,441,7364,3363,4001,7869,3189,4680,3373,1103,2270,913,426,487,3148,1519,1629,4620,1661,8530,73.1242912524,test
wa_143,75819,70617,318,8186,4402,3784,43663,28573,15090,8940,5550,3390,848,466,382,6567,4643,1924,2095,2076,3126,93.1389229613,test
ct_23,46212,24161,229,3213,997,2216,10043,4023,6020,877,486,391,242,140,102,7727,2749,4978,1830,2512,19539,52.2829568078,test
tx_429,61515,51634,193,6467,2721,3746,18025,8868,9157,17197,6665,10532,1081,687,394,5862,3169,2693,2809,2798,7083,83.937251077,test
nv_21,73457,55556,467,6802,2404,4398,34061,14013,20048,1271,67,1204,1311,517,794,6299,2832,3467,5345,3857,14044,75.6306410553,test
or_45,314702,251588,2401,48230,23335,24895,141021,77902,63119,9912,5573,4339,3850,2140,1710,26262,16118,10144,19912,13289,49825,79.9448367027,test
ky_71,27796,22256,232,5363,1745,3618,12279,5654,6625,212,11,201,585,127,458,2806,1553,1253,779,1026,4514,80.069074687,test
in_153,33652,31981,129,7187,3514,3673,18248,8112,10136,2720,1737,983,363,70,293,2220,1295,925,1114,323,1348,95.0344704624,test
az_112,31965,15237,54,3160,786,2374,9245,2632,6613,199,46,153,264,99,165,1655,646,1009,660,1964,14764,47.6677616143,test
mn_87,49862,37450,628,8919,4088,4831,18170,8185,9985,901,268,633,734,470,264,4514,2461,2053,3584,2339,10073,75.1072961373,test
ca_453,57011,45775,440,4390,751,3639,11215,3279,7936,21325,5839,15486,1259,323,936,5957,3133,2824,1189,1638,9598,80.2915226886,test
ri_15,60595,41076,118,1583,652,931,20849,5477,15372,10290,4259,6031,304,265,39,3832,1924,1908,4100,1931,17588,67.7877712683,test
fl_93,146193,107500,479,6036,1073,4963,51104,14187,36917,28740,9966,18774,979,594,385,14248,6172,8076,5914,5924,32769,73.5329324933,test
vt_11,62927,53344,1020,12760,5933,6827,31646,16675,14971,2194,1160,1034,360,194,166,3802,1801,2001,1562,1560,8023,84.7712428687,test
in_117,54118,37092,523,8797,2214,6583,16808,4787,12021,2194,782,1412,1234,219,1015,2210,1246,964,5326,2645,14381,68.5391182231,test
wi_61,270357,210595,3417,36065,11394,24671,126872,48476,78396,5984,2825,3159,6109,1512,4597,18345,8997,9348,13803,9723,50039,77.8951534453,test
ny_174,55977,43757,600,3839,1053,2786,34878,10787,24091,413,131,282,752,256,496,2408,1028,1380,867,2072,10148,78.1696053736,test
ga_76,235938,199763,1065,49272,19520,29752,86423,39954,46469,7921,4098,3823,3378,1483,1895,42409,19767,22642,9295,8963,27212,84.6675821614,test
ca_247,34423,27441,433,3617,1381,2236,18893,10230,8663,77,0,77,122,0,122,2941,1736,1205,1358,1076,5906,79.717049647,test
il_188,41716,31753,362,8108,2145,5963,15873,5001,10872,503,223,280,817,130,687,4692,2606,2086,1398,1196,8767,76.1170773804,test
oh_81,289214,205586,1635,27673,13070,14603,123058,49553,73505,5079,2539,2540,2183,1094,1089,30174,13244,16930,15784,15408,68220,71.0843873395,test
ny_34,123977,96701,980,10251,3384,6867,46377,18228,28149,8538,4341,4197,526,231,295,27150,15699,11451,2879,4499,22777,77.9991450027,test
ks_35,34991,29609,81,5164,2613,2551,18505,10718,7787,1210,509,701,329,0,329,2808,2048,760,1512,1381,4001,84.6189020034,test
mi_64,46560,39627,503,7860,3546,4314,24624,13259,11365,1458,768,690,849,88,761,3077,1599,1478,1256,2654,4279,85.1095360825,test
ut_65,34049,28176,212,7261,3250,4011,13519,6975,6544,1340,763,577,1664,700,964,2511,1621,890,1669,1246,4627,82.7513289671,test
ny_101,232488,195771,611,4708,1141,3567,115335,44509,70826,48069,20508,27561,796,217,579,21957,12705,9252,4295,5882,30835,84.2069268091,test
al_55,75696,48102,1776,13506,4312,9194,15481,5279,10202,1199,359,840,2877,857,2020,4682,2162,2520,8581,3238,24356,63.5462904249,test
ma_43,38499,25604,211,3887,982,2905,18038,6212,11826,474,190,284,607,141,466,1802,1257,545,585,2026,10869,66.5056235227,test
nj_111,41260,30832,105,1443,661,782,19881,9730,10151,5098,1957,3141,242,0,242,3353,2300,1053,710,1256,9172,74.7261269995,test
az_58,39854,26389,481,3649,1291,2358,17057,7011,10046,450,352,98,382,89,293,2254,864,1390,2116,1582,11883,66.2141817634,test
mi_140,54665,38092,1168,10188,3462,6726,15193,5180,10013,353,88,265,3201,920,2281,5176,2109,3067,2813,3115,13458,69.6826122748,test
oh_109,51665,30867,175,8722,2688,6034,12425,5975,6450,933,554,379,935,437,498,4151,1982,2169,3526,4661,16137,59.7445078874,test
ca_134,39470,29526,212,6935,3072,3863,9044,5006,4038,5100,3323,1777,334,49,285,3356,2295,1061,4545,897,9047,74.8061819103,test
tn_16,261571,192791,1423,27398,10375,17023,124898,61953,62945,5543,2499,3044,3037,1418,1619,18178,9769,8409,12314,12614,56166,73.7050361087,test
fl_139,283156,222062,3753,47101,17387,29714,118229,49275,68954,5235,2259,2976,7730,4839,2891,26316,14593,11723,13698,11304,49790,78.4239076693,test
pa_41,44961,30185,1039,9514,2924,6590,13569,4747,8822,94,12,82,1166,293,873,3069,1599,1470,1734,2371,12405,67.1359622784,test
ga_107,63865,45133,384,23027,6779,16248,11325,2814,8511,42,42,0,1809,484,1325,4294,1812,2482,4252,2605,16127,70.669380725,test
pr_28,144134,71106,2857,16821,6952,9869,21861,10446,11415,3691,1289,2402,2132,788,1344,8187,3031,5156,15557,7768,65260,49.3332593281,test
nv_40,42216,21628,354,3320,1275,2045,9609,3667,5942,46,46,0,1704,857,847,3438,2629,809,3157,2016,18572,51.23176047,test
ca_372,59455,48400,485,10868,4075,6793,28038,11363,16675,1996,934,1062,326,212,114,5432,2422,3010,1255,1557,9498,81.4061054579,test
ga_89,58466,34312,2153,12548,2342,10206,9558,2421,7137,1358,137,1221,3123,947,2176,3677,1538,2139,1895,4071,20083,58.687100195,test
co_95,38532,35166,122,12909,4922,7987,15474,7828,7646,794,301,493,387,75,312,3988,2630,1358,1492,835,2531,91.2644036126,test
ny_17,30784,21749,377,3007,876,2131,9510,2688,6822,2826,1130,1696,1218,395,823,2331,1241,1090,2480,1609,7426,70.6503378378,test
in_30,53577,40184,355,9637,3699,5938,20937,7701,13236,3959,2069,1890,1012,258,754,2565,1469,1096,1719,4566,8827,75.0023330907,test
pa_120,56846,43105,456,3641,1195,2446,17599,6093,11506,13896,6184,7712,500,244,256,4837,2721,2116,2176,2081,11660,75.8276747704,test
tn_118,261571,192791,1423,27398,10375,17023,124898,61953,62945,5543,2499,3044,3037,1418,1619,18178,9769,8409,12314,12614,56166,73.7050361087,test
ct_29,46212,24161,229,3213,997,2216,10043,4023,6020,877,486,391,242,140,102,7727,2749,4978,1830,2512,19539,52.2829568078,test
or_19,25746,17518,420,4872,2045,2827,7451,2752,4699,19,19,0,1014,211,803,1720,853,867,2022,1177,7051,68.0416375359,test
ny_242,49115,42137,244,4307,2098,2209,29353,16337,13016,2323,1260,1063,380,164,216,3772,2745,1027,1758,1057,5921,85.792527741,test
pr_37,46146,18792,500,3597,874,2723,10712,2473,8239,112,0,112,734,146,588,772,348,424,2365,3973,23381,40.7229228969,test
ny_281,30045,23817,94,1116,233,883,9602,4235,5367,2547,1686,861,147,105,42,9893,8198,1695,418,449,5779,79.27109336,test
az_126,113564,97743,665,19142,6939,12203,56053,29690,26363,3467,1400,2067,1459,697,762,9610,5088,4522,7347,5085,10736,86.0686485154,test
fl_248,39012,27926,478,3259,1044,2215,14829,4157,10672,1560,1055,505,149,58,91,6119,1768,4351,1532,1888,9198,71.5831026351,test
wa_151,46353,36904,66,4852,1636,3216,23140,11999,11141,1000,818,182,779,742,37,3544,2022,1522,3523,2634,6815,79.615127392,test
ny_76,39252,34232,161,877,332,545,22003,6534,15469,7375,2486,4889,57,42,15,3522,2179,1343,237,1847,3173,87.2108427596,test
mi_94,266995,199257,3793,39238,14151,25087,104047,36711,67336,6108,1850,4258,8808,2401,6407,20418,10497,9921,16845,13541,54197,74.6294874436,test
tn_127,52738,46784,211,10946,5872,5074,24508,15552,8956,2022,1106,916,924,402,522,6401,4288,2113,1772,946,5008,88.7102279191,test
mn_100,48025,33663,577,11155,3449,7706,9166,3058,6108,1644,852,792,2949,1064,1885,5306,2394,2912,2866,1607,12755,70.0947423217,test
ma_72,291201,227031,2813,20997,6552,14445,142429,51349,91080,20709,9501,11208,2613,842,1771,30239,13020,17219,7231,9292,54878,77.9636745753,test
wi_67,295121,207569,6323,76665,23136,53529,58777,22103,36674,6568,2573,3995,12780,3782,8998,24658,10345,14313,21798,11757,75795,70.3335242155,test
tn_106,45064,40063,513,9867,4064,5803,21348,9703,11645,2431,1058,1373,544,133,411,3671,1956,1715,1689,1888,3113,88.9024498491,test
tx_322,35463,28008,307,4753,2067,2686,12630,6355,6275,1258,831,427,480,102,378,5314,3336,1978,3266,1102,6353,78.9780898401,test
nc_113,50818,39961,222,7954,3751,4203,23159,11655,11504,53,0,53,1137,384,753,3683,2293,1390,3753,1871,8986,78.6355228462,test
wi_34,68985,49858,600,9821,2942,6879,28837,7781,21056,1169,384,785,1422,319,1103,3956,1746,2210,4053,2889,16238,72.2736826846,test
ca_426,47482,40225,676,8898,4765,4133,16957,8979,7978,3508,2533,975,2004,957,1047,5756,3423,2333,2426,1337,5920,84.7163135504,test
ma_71,290708,237747,1735,25615,11529,14086,149670,67459,82211,22566,11563,11003,1647,619,1028,26794,15831,10963,9720,9435,43526,81.7820631011,test
ca_90,74204,66563,179,13745,6875,6870,40938,26097,14841,2367,1081,1286,469,228,241,6849,4736,2113,2016,706,6935,89.7027114441,test
mn_70,61242,43596,2550,12813,3652,9161,12021,3862,8159,2739,728,2011,3041,724,2317,6054,2577,3477,4378,2146,15500,71.186440678,test
mn_98,52371,36430,1002,12869,4115,8754,11972,3689,8283,242,58,184,2864,922,1942,3846,1328,2518,3635,2583,13358,69.5613984839,test
in_94,38662,25207,781,8833,2543,6290,4926,1870,3056,1974,881,1093,1848,382,1466,2400,897,1503,4445,1465,11990,65.1983860121,test
co_97,75991,56718,924,10061,2501,7560,32673,8900,23773,597,291,306,1509,416,1093,5338,2189,3149,5616,4508,14765,74.6377860536,test
ks_67,97073,84115,593,10194,5415,4779,55414,29272,26142,3762,2502,1260,741,459,282,7768,3904,3864,5643,2095,10863,86.651283055,test
ca_57,23885,16580,217,2435,432,2003,3423,884,2539,6381,2409,3972,378,82,296,2780,1383,1397,966,835,6470,69.415951434,test
pa_90,268516,188610,4219,49502,13965,35537,105942,36350,69592,1868,807,1061,4143,1368,2775,16969,7559,9410,5967,9474,70432,70.2416243352,test
fl_246,45844,32250,338,3706,1045,2661,21579,4925,16654,773,257,516,540,166,374,3764,1666,2098,1550,2909,10685,70.3472646366,test
ca_391,31280,17968,306,7653,1468,6185,4402,1240,3162,469,192,277,352,138,214,2736,860,1876,2050,1724,11588,57.442455243,test
ma_30,38499,25604,211,3887,982,2905,18038,6212,11826,474,190,284,607,141,466,1802,1257,545,585,2026,10869,66.5056235227,test
ia_29,53145,40530,407,5753,1748,4005,25443,9808,15635,504,251,253,357,72,285,5147,3168,1979,2919,2685,9930,76.2630539091,test
va_121,77900,68840,302,4052,1714,2338,19123,8403,10720,26241,8949,17292,768,124,644,7057,4214,2843,11297,2449,6611,88.3697047497,test
mo_12,598869,376574,12330,135307,38659,96648,89490,29970,59520,11570,3298,8272,38612,10391,28221,41189,15969,25220,48076,30636,191659,62.8808637615,test
nh_17,47528,37761,407,3685,1306,2379,28722,9774,18948,198,136,62,314,71,243,2751,1385,1366,1684,2811,6956,79.4500084161,test
pa_174,50196,40240,517,8456,2216,6240,26397,9468,16929,154,75,79,850,558,292,2619,988,1631,1247,1328,8628,80.165750259,test
tx_330,39011,32228,435,6535,2291,4244,11479,4957,6522,4027,2101,1926,1111,67,1044,6439,2547,3892,2202,1118,5665,82.6125964472,test
oh_119,80653,52607,580,12114,3111,9003,32386,10184,22202,508,235,273,817,258,559,3219,1565,1654,2983,4969,23077,65.2263399998,test
pr_69,42510,16103,893,3326,722,2604,3148,610,2538,106,64,42,1617,327,1290,760,44,716,6253,826,25581,37.8804987062,test
mi_12,715364,476258,16552,96980,28810,68170,206197,65942,140255,5531,1780,3751,47991,12748,35243,45896,20088,25808,57111,41648,197458,66.5756174479,test
la_14,47151,30872,193,9956,2265,7691,14064,3791,10273,199,35,164,1267,640,627,3336,1538,1798,1857,2337,13942,65.4747513308,test
tx_36,60739,47237,75,5462,2307,3155,28953,13203,15750,991,452,539,2734,671,2063,5408,2449,2959,3614,4046,9456,77.7704604949,test
nc_203,47642,31500,348,8187,2057,6130,15187,5180,10007,1795,375,1420,363,137,226,4139,1505,2634,1481,2337,13805,66.1181310608,test
nd_23,298298,219629,3430,47545,18697,28848,87291,38576,48715,18885,7398,11487,6949,2339,4610,37978,19061,18917,17551,17053,61616,73.6273793321,test
ct_26,39856,24584,178,6382,1259,5123,11315,2559,8756,1140,335,805,253,38,215,3116,1284,1832,2200,1851,13421,61.6820553994,test
ne_10,51980,36381,938,9671,3631,6040,10468,2931,7537,1699,404,1295,5325,1294,4031,4318,1712,2606,3962,1938,13661,69.9903809157,test
ca_536,57927,52505,260,10508,3550,6958,33000,14706,18294,2813,1162,1651,533,453,80,3873,2380,1493,1518,842,4580,90.639943377,test
nc_13,59200,39566,500,8731,2153,6578,21301,6674,14627,576,170,406,957,266,691,3327,1536,1791,4174,2554,17080,66.8344594595,test
wa_132,24794,22287,337,4796,1747,3049,13453,7858,5595,88,0,88,135,68,67,1450,952,498,2028,203,2304,89.8886827458,test
tx_183,259845,231215,1489,36643,14887,21756,72802,34275,38527,71406,35231,36175,5580,2362,3218,25638,14209,11429,17657,8376,20254,88.9818930516,test
va_86,80219,48752,2567,9353,2862,6491,21848,8105,13743,1761,705,1056,5226,1006,4220,4569,1885,2684,3428,3330,28137,60.7736321819,test
ny_109,358889,308349,2571,38454,15342,23112,194185,95835,98350,34120,20014,14106,1194,510,684,27786,15193,12593,10039,10655,39885,85.9176514187,test
ca_457,32803,23795,144,4019,1191,2828,8031,2297,5734,6632,2103,4529,957,342,615,3253,1463,1790,759,1163,7845,72.5390970338,test
mi_66,255322,120771,2318,25380,6226,19154,52767,14493,38274,3624,1038,2586,4893,2115,2778,23307,10199,13108,8482,32628,101923,47.3014468005,test
nj_125,35047,30439,126,1300,685,615,10847,5276,5571,10912,4937,5975,175,130,45,6403,3873,2530,676,359,4249,86.8519416783,test
ar_34,77116,54882,689,21472,6429,15043,18247,8168,10079,4139,2089,2050,1018,558,460,6391,3340,3051,2926,4246,17988,71.1681103792,test
ny_207,44804,38887,319,1051,241,810,33953,7986,25967,601,328,273,44,0,44,2738,1062,1676,181,1319,4598,86.793589858,test
ms_49,54056,35123,282,13113,5895,7218,10095,4321,5774,876,393,483,1779,974,805,3710,1598,2112,5268,2813,16120,64.9752108924,test
nc_159,46132,35510,192,4983,2514,2469,24587,12154,12433,102,0,102,840,566,274,2581,1240,1341,2225,1532,9090,76.9747680569,test
ny_124,279973,213637,3133,32642,9717,22925,125917,42736,83181,15374,5356,10018,4753,1428,3325,19657,10779,8878,12161,10381,55955,76.3062866776,test
nj_141,47553,35505,256,2563,977,1586,20700,8101,12599,7044,2535,4509,274,27,247,3940,2170,1770,728,1809,10239,74.6640590499,test
ca_160,59940,51754,384,12676,5671,7005,25518,9701,15817,3574,1138,2436,1495,314,1181,6289,3019,3270,1818,1748,6438,86.3430096763,test
ca_480,47413,38914,226,6024,2308,3716,11843,5690,6153,13071,4714,8357,722,451,271,5119,2613,2506,1909,1362,7137,82.0745365195,test
tx_219,41416,37593,183,7731,3924,3807,16811,8510,8301,5228,2298,2930,1343,559,784,4627,2870,1757,1670,766,3057,90.7692679158,test
tx_261,55076,43328,327,10731,4831,5900,16326,7770,8556,3495,1487,2008,984,517,467,7125,4625,2500,4340,2305,9443,78.6694749074,test
ca_208,69496,49992,939,14893,6666,8227,19832,9710,10122,2972,1829,1143,1242,410,832,6908,3602,3306,3206,1661,17843,71.9350754,test
il_124,278694,183067,2617,54243,17273,36970,71297,28037,43260,5264,2105,3159,10806,3080,7726,19555,8146,11409,19285,9410,86217,65.6874564935,test
nm_14,23806,15783,0,3761,950,2811,7009,1519,5490,258,42,216,873,187,686,1783,1267,516,2099,1767,6256,66.298412165,test
ca_534,70751,58938,596,7741,3414,4327,41100,22589,18511,363,86,277,824,35,789,6108,3435,2673,2206,2508,9305,83.3034162061,test
pa_49,30066,20020,585,5522,1475,4047,8679,2568,6111,92,0,92,1676,333,1343,1211,523,688,2255,1261,8785,66.5868422803,test
ca_521,45649,25702,608,5341,1373,3968,10757,3616,7141,1663,414,1249,688,292,396,3512,2288,1224,3133,2391,17556,56.3035334838,test
pa_191,25064,21988,205,1232,227,1005,9397,4598,4799,8712,5168,3544,0,0,0,2057,1421,636,385,1416,1660,87.7274178104,test
ca_529,45864,41567,332,9568,4536,5032,23416,13894,9522,1795,1065,730,638,476,162,4502,3081,1421,1316,699,3598,90.6309959881,test
nj_89,44262,27672,264,2530,1091,1439,15863,7561,8302,2016,804,1212,1829,190,1639,3408,1956,1452,1762,1543,15047,62.5186390131,test
az_39,25531,21989,62,6536,3524,3012,10185,4166,6019,127,0,127,802,227,575,3109,1199,1910,1168,1305,2237,86.126669539,test
il_38,41818,31865,262,7982,2240,5742,16091,5373,10718,551,223,328,817,130,687,4714,2539,2175,1448,937,9016,76.1992443445,test
mn_21,84311,59580,1070,16388,5304,11084,24660,8426,16234,737,417,320,4615,1490,3125,5004,2637,2367,7106,3903,20828,70.6669355126,test
fl_71,38532,28053,190,5720,1226,4494,15952,6237,9715,1013,370,643,250,171,79,2722,1384,1338,2206,1345,9134,72.8044222983,test
ia_24,40801,28332,629,6846,1565,5281,15536,5606,9930,438,40,398,604,285,319,2103,1134,969,2176,1566,10903,69.4394745227,test
al_30,73694,60084,398,19976,8753,11223,20188,9775,10413,4965,3223,1742,1391,507,884,9411,6026,3385,3755,3455,10155,81.5317393546,test
mi_51,54898,37035,394,3295,1012,2283,29040,12145,16895,339,293,46,478,254,224,1891,1115,776,1598,1694,16169,67.4614740063,test
wi_59,26732,19084,291,3677,1117,2560,11847,2853,8994,570,233,337,283,42,241,963,467,496,1453,1251,6397,71.390094269,test
ca_389,34940,19619,790,7315,2288,5027,5908,1512,4396,1281,111,1170,259,149,110,1750,1088,662,2316,2893,12428,56.1505437894,test
ri_17,25592,18617,162,1807,534,1273,9017,2758,6259,3669,1251,2418,191,37,154,2634,812,1822,1137,875,6100,72.7453891841,test
ga_178,265189,220826,1291,53465,20268,33197,96623,40233,56390,7719,3556,4163,4339,2028,2311,46984,22529,24455,10405,11132,33231,83.2711764063,test
tx_301,46067,30822,223,7684,3433,4251,13744,7381,6363,1574,723,851,617,446,171,3708,2716,992,3272,1907,13338,66.9068964769,test
nc_153,43864,23802,450,10537,3604,6933,4738,1483,3255,197,59,138,1856,263,1593,2623,1633,990,3401,2294,17768,54.2631770928,test
il_32,31482,18456,499,3117,1121,1996,9546,2762,6784,364,100,264,2032,407,1625,1355,428,927,1543,689,12337,58.6239756051,test
oh_85,275287,196419,3437,39575,13313,26262,106543,43242,63301,4093,2371,1722,7477,2581,4896,15012,7676,7336,20282,9820,69048,71.3506268004,test
va_134,27484,21794,129,2311,741,1570,14413,6311,8102,527,142,385,58,0,58,2907,1266,1641,1449,641,5049,79.2970455538,test
co_113,42992,26074,375,5449,2442,3007,12117,4925,7192,306,206,100,693,336,357,3779,1883,1896,3355,3924,12994,60.6484927428,test
ma_119,48262,30740,101,2648,1007,1641,23290,10097,13193,86,0,86,503,184,319,2552,1391,1161,1560,1914,15608,63.6940035639,test
fl_182,46053,37675,622,7172,2764,4408,21834,8923,12911,2250,996,1254,429,0,429,3896,1825,2071,1472,876,7502,81.8079169652,test
wv_23,58146,39205,685,8254,2770,5484,21310,8232,13078,679,138,541,2820,930,1890,3452,1324,2128,2005,2377,16564,67.4251023286,test
ca_515,62851,47133,79,10828,5757,5071,23756,13825,9931,2847,2304,543,991,767,224,6866,4267,2599,1766,2902,12816,74.9916469109,test
ny_135,66226,52829,432,2665,740,1925,30525,11934,18591,9492,3473,6019,484,117,367,7876,5285,2591,1355,1872,11525,79.7707848881,test
ar_57,40470,21297,770,8513,2391,6122,2801,1298,1503,758,325,433,1807,542,1265,2531,936,1595,4117,2836,16337,52.6241660489,test
ks_14,42470,35491,149,6901,3136,3765,20332,11973,8359,1370,620,750,999,361,638,3216,2300,916,2524,1680,5299,83.5672239228,test
mo_68,53981,35535,1176,15578,4712,10866,8424,3229,5195,1175,92,1083,2118,433,1685,4232,1749,2483,2832,3197,15249,65.8287175117,test
mi_152,72001,54994,478,8959,3165,5794,35129,11774,23355,1667,801,866,423,46,377,5563,2502,3061,2775,3277,13730,76.3794947292,test
ca_138,23956,19329,139,2208,918,1290,5083,1262,3821,8111,2924,5187,125,45,80,2991,1236,1755,672,500,4127,80.685423276,test
ms_29,280713,167771,3810,53395,17082,36313,46523,21703,24820,5014,2831,2183,10650,2209,8441,26101,14625,11476,22278,17737,95205,59.7660243736,test
in_11,178116,111853,3537,35498,9381,26117,27076,7521,19555,4768,1940,2828,12073,3506,8567,12616,5588,7028,16285,6429,59834,62.7978396101,test
tx_145,29892,20735,169,6665,2406,4259,7874,2498,5376,0,0,0,838,285,553,1756,633,1123,3433,992,8165,69.366385655,test
in_115,46840,37126,421,7792,2610,5182,18656,8292,10364,2998,1345,1653,529,77,452,3735,1910,1825,2995,1185,8529,79.2613151153,test
ms_23,28591,19377,211,2688,512,2176,8513,3614,4899,611,410,201,386,92,294,1483,815,668,5485,1429,7785,67.7730754433,test
la_48,282896,172891,4296,53145,17832,35313,60225,20145,40080,1961,562,1399,13414,4020,9394,17929,9179,8750,21921,12271,97734,61.1146852554,test
nc_118,44824,30155,1170,5736,1883,3853,16018,5891,10127,647,479,168,444,185,259,2310,1288,1022,3830,2205,12464,67.2742280921,test
ca_212,41793,34177,289,10316,5438,4878,14576,6904,7672,399,313,86,724,428,296,6225,3915,2310,1648,1538,6078,81.776852583,test
mn_48,36010,26390,288,5952,1629,4323,15097,5346,9751,357,223,134,669,334,335,1578,934,644,2449,1698,7922,73.285198556,test
mi_99,270177,196212,4343,40838,14214,26624,96341,36175,60166,3461,1446,2015,10595,3526,7069,21189,10694,10495,19445,12596,61369,72.6235023707,test
id_14,30265,22521,95,4459,1142,3317,10649,3589,7060,415,159,256,2810,633,2177,2252,1354,898,1841,1696,6048,74.4126879233,test
wi_26,27605,20629,376,3415,895,2520,11516,3560,7956,850,154,696,1143,232,911,2153,1003,1150,1176,1453,5523,74.7292157218,test
ma_122,41044,34741,164,3815,2458,1357,19804,8691,11113,5322,2310,3012,126,0,126,4335,2562,1773,1175,1303,5000,84.6433096189,test
ct_65,47033,39363,305,7458,3929,3529,24364,12084,12280,1499,1000,499,855,533,322,3606,1905,1701,1276,1431,6239,83.6923011503,test
la_96,39200,27128,403,7346,3045,4301,9738,2878,6860,685,398,287,666,153,513,5663,3751,1912,2627,1180,10892,69.2040816327,test
md_80,33604,23086,154,1978,425,1553,10682,2663,8019,6100,1789,4311,448,0,448,2837,1055,1782,887,1507,9011,68.7001547435,test
tx_175,257258,164219,1330,38605,12188,26417,64008,27614,36394,7755,3650,4105,3901,1399,2502,27609,12397,15212,21011,13559,79480,63.8343608362,test
az_37,207615,148177,2463,18619,7315,11304,91279,43074,48205,3093,2702,391,2767,899,1868,16975,9436,7539,12981,13676,45762,71.3710473713,test
la_40,30111,18389,69,1810,624,1186,11298,4527,6771,41,0,41,0,0,0,3366,1523,1843,1805,2226,9496,61.070705058,test
tx_467,165271,132937,726,25555,6935,18620,67368,24539,42829,9888,5437,4451,2484,1321,1163,16241,8224,8017,10675,6203,26131,80.4357691307,test
id_33,43717,34547,1150,11020,3841,7179,14481,6410,8071,448,274,174,731,297,434,3040,1462,1578,3677,2386,6784,79.0241782373,test
wv_30,40256,27946,390,7719,1858,5861,15112,3926,11186,679,275,404,982,273,709,2521,656,1865,543,1072,11238,69.4207074722,test
tx_14,25447,16329,150,3411,764,2647,5297,1679,3618,502,93,409,1860,723,1137,2028,340,1688,3081,1886,7232,64.1686642826,test
mi_187,45561,36015,452,5183,2375,2808,22667,8487,14180,1086,539,547,174,121,53,5007,2754,2253,1446,1593,7953,79.0478698887,test
ma_44,32721,25418,77,1847,1298,549,10810,5922,4888,7459,4938,2521,448,180,268,1921,812,1109,2856,1162,6141,77.6809999694,test
mi_41,664415,421895,4934,62999,21622,41377,255593,89638,165955,11753,4154,7599,9307,4274,5033,57925,28563,29362,19384,60470,182050,63.4987169164,test
fl_322,26426,18436,110,4722,1648,3074,7613,2801,4812,466,334,132,471,114,357,4394,1708,2686,660,1982,6008,69.7646257474,test
nc_127,53245,40830,75,7837,2811,5026,26014,14232,11782,1100,521,579,754,271,483,3082,1519,1563,1968,2198,10217,76.6832566438,test
ms_54,63350,35737,604,10676,3382,7294,11634,4219,7415,353,204,149,546,288,258,10407,6179,4228,1517,2865,24748,56.4119968429,test
ia_51,58924,43935,1122,16786,5471,11315,11129,4432,6697,1290,826,464,2966,1654,1312,4587,2431,2156,6055,2284,12705,74.5621478515,test
tx_192,247354,160616,1242,27248,9581,17667,81069,32513,48556,5354,2814,2540,5672,2285,3387,18522,9707,8815,21509,18144,68594,64.9336578345,test
ny_91,41881,29654,482,4160,446,3714,22570,6544,16026,497,80,417,151,0,151,1026,173,853,768,2748,9479,70.80537714,test
nj_36,21810,15183,86,1126,102,1024,8719,1045,7674,2932,399,2533,88,0,88,1648,515,1133,584,344,6283,69.6148555708,test
ar_32,34603,21567,405,3231,999,2232,12624,4524,8100,319,28,291,400,0,400,3444,1491,1953,1144,1840,11196,62.32696587,test
ca_27,77651,51374,1141,12929,5958,6971,19144,8778,10366,1260,495,765,3172,1304,1868,5693,3753,1940,8035,3945,22332,66.1601267208,test
ga_13,23626,18248,429,6346,1952,4394,7211,1968,5243,33,0,33,186,43,143,3109,1176,1933,934,641,4737,77.2369423516,test
oh_153,44140,36549,171,4718,1940,2778,24638,9871,14767,1000,616,384,449,27,422,4232,1208,3024,1341,2150,5441,82.8024467603,test
sc_99,39739,26599,734,6296,785,5511,15642,2783,12859,1035,198,837,357,34,323,1624,669,955,911,1559,11581,66.9342459549,test
or_80,104299,91768,412,8320,3139,5181,49151,25433,23718,17998,9366,8632,911,248,663,8609,5062,3547,6367,2466,10065,87.9855032167,test
mo_34,64344,44519,443,9759,3603,6156,20606,9402,11204,4310,2928,1382,1311,679,632,4147,2413,1734,3943,1848,17977,69.1890463757,test
pa_66,26682,17933,413,6284,2330,3954,9319,3989,5330,175,100,75,55,0,55,1238,602,636,449,851,7898,67.2101041901,test
ny_282,3084861,2296434,18123,231330,67051,164279,1339487,467344,872143,301376,111367,190009,22458,8483,13975,291042,141130,149912,92618,112521,675906,74.442057519,test
oh_72,30184,18576,293,4282,1795,2487,9260,3882,5378,284,93,191,402,161,241,1354,623,731,2701,1085,10523,61.5425390936,test
tn_103,42605,23810,388,5363,2030,3333,9347,3146,6201,638,209,429,761,384,377,5636,2156,3480,1677,3554,15241,55.8854594531,test
nc_16,34484,21119,474,5767,2348,3419,7635,2962,4673,431,319,112,971,573,398,4857,1698,3159,984,1174,12191,61.2428952558,test
az_122,19476,15355,283,2698,1029,1669,7879,2374,5505,430,147,283,938,321,617,2347,1035,1312,780,586,3535,78.8406243582,test
oh_61,81989,52146,646,11767,4527,7240,23235,10101,13134,1619,711,908,834,381,453,9581,1605,7976,4464,3731,26112,63.6012147971,test
ca_184,30801,25697,157,5084,1297,3787,11576,3519,8057,3576,770,2806,618,91,527,3750,1466,2284,936,867,4237,83.4291094445,test
va_98,52360,34684,1284,9527,3102,6425,15370,6026,9344,470,128,342,1248,200,1048,4139,1418,2721,2646,4353,13323,66.2414056532,test
ca_48,31753,22098,166,6064,2164,3900,9516,5114,4402,540,214,326,1023,332,691,2856,1251,1605,1933,1799,7856,69.5934242434,test
ca_295,193481,149670,719,32753,13550,19203,60696,25550,35146,21647,7209,14438,3310,1472,1838,17614,8215,9399,12931,6938,36873,77.3564329314,test
tx_374,37432,20139,147,4153,821,3332,7124,3403,3721,339,155,184,595,319,276,2654,1832,822,5127,1929,15364,53.8015601624,test
wi_98,46333,25770,348,5290,2178,3112,14605,6500,8105,513,271,242,538,50,488,2962,1232,1730,1514,4307,16256,55.6191051734,test
al_31,31598,19356,547,4606,1566,3040,7556,2702,4854,134,53,81,970,275,695,2586,1336,1250,2957,2122,10120,61.2570415849,test
sc_77,74931,57587,427,13914,2953,10961,30585,10023,20562,1182,365,817,1476,676,800,7224,3633,3591,2779,3687,13657,76.8533717687,test
nj_54,24450,12824,151,1653,303,1350,7813,1464,6349,487,48,439,405,117,288,1734,766,968,581,5942,5684,52.4498977505,test
il_144,46167,36854,439,8238,2271,5967,18347,7486,10861,1256,444,812,1469,413,1056,3239,1426,1813,3866,1035,8278,79.8275824723,test
ga_126,43401,36819,456,9559,3930,5629,14301,6463,7838,2505,1401,1104,367,155,212,7649,5330,2319,1982,1751,4831,84.8344508191,test
tx_190,215406,122944,2901,28740,9654,19086,36234,13629,22605,9003,2734,6269,2669,684,1985,25358,9899,15459,18039,9228,83234,57.0754760777,test
pa_135,52591,35729,856,11673,4076,7597,16843,6083,10760,235,80,155,860,718,142,2368,1356,1012,2894,2336,14526,67.9374797969,test
il_193,40385,34178,266,6958,3423,3535,18890,10892,7998,2221,1014,1207,435,215,220,3849,2238,1611,1559,992,5215,84.6304320911,test
tn_108,37221,20831,198,4974,1827,3147,6823,2499,4324,491,225,266,295,140,155,6454,3470,2984,1596,3347,13043,55.9657182773,test
mn_11,239497,160487,4945,48921,14366,34555,40388,13154,27234,11023,3629,7394,15825,4607,11218,21752,9968,11784,17633,12434,66576,67.0100251778,test
nj_10,162245,137838,988,15019,4970,10049,84621,33130,51491,17123,8352,8771,1318,473,845,13894,7680,6214,4875,3304,21103,84.9567012851,test
ga_114,55504,45703,84,11137,6981,4156,21578,12937,8641,1805,1285,520,718,596,122,6386,4842,1544,3995,2551,7250,82.3418132027,test
wa_54,43876,33051,290,4790,1566,3224,21713,8173,13540,873,589,284,907,514,393,2621,1874,747,1857,3429,7396,75.3281976479,test
nc_99,43155,28155,772,10547,3438,7109,9370,3367,6003,259,111,148,1768,542,1226,2844,1401,1443,2595,2270,12730,65.241571081,test
ny_229,116024,102817,147,10029,6014,4015,70162,38200,31962,7915,3895,4020,707,317,390,10127,6512,3615,3730,3592,9615,88.6170102737,test
ga_168,242880,200560,1303,50514,21473,29041,86798,36222,50576,10778,5290,5488,5608,2339,3269,34289,17823,16466,11270,8443,33877,82.5757575758,test
ca_419,43686,36031,266,6037,2626,3411,20528,12053,8475,981,734,247,679,357,322,6163,3016,3147,1377,1540,6115,82.4772238246,test
ca_96,46879,36374,400,8224,4300,3924,17575,9093,8482,974,706,268,392,87,305,4473,2295,2178,4336,2683,7822,77.591245547,test
nj_150,36892,25805,796,2805,889,1916,16171,5086,11085,1795,569,1226,852,125,727,2252,912,1340,1134,1408,9679,69.9474140735,test
ut_40,36306,31058,478,10055,4193,5862,12455,4586,7869,1717,776,941,1163,62,1101,3268,1578,1690,1922,709,4539,85.545088966,test
nm_28,39299,28234,484,8354,5029,3325,13242,5920,7322,325,325,0,1387,1044,343,2925,1878,1047,1517,2299,8766,71.8440672791,test
wi_18,32613,24790,271,5557,2221,3336,13028,5432,7596,149,149,0,941,267,674,1519,677,842,3325,1250,6573,76.0126329991,test
pr_18,148675,73504,2857,17334,7216,10118,22488,10804,11684,3902,1289,2613,2441,788,1653,8362,3031,5331,16120,7768,67403,49.4393812006,test
tx_400,32456,16835,504,2437,591,1846,8402,2715,5687,862,0,862,579,52,527,2026,927,1099,2025,880,14741,51.8702243037,test
co_82,46337,39009,870,11938,4767,7171,17798,7248,10550,483,122,361,517,197,320,4985,2599,2386,2418,1577,5751,84.1854241751,test
ny_45,496958,419180,1983,10865,3523,7342,304149,84858,219291,52806,17513,35293,1596,415,1181,42819,22697,20122,4962,14262,63516,84.3491804136,test
ca_436,40548,31233,309,7919,3419,4500,15042,8067,6975,1514,718,796,828,159,669,2833,1785,1048,2788,1165,8150,77.0272269902,test
mn_54,43712,37493,330,4307,1886,2421,26020,12378,13642,835,240,595,560,35,525,2982,1533,1449,2459,1423,4796,85.7727855051,test
in_46,47217,35580,354,7864,1903,5961,18918,4314,14604,3803,464,3339,188,0,188,3090,1675,1415,1363,1506,10131,75.3542156427,test
az_59,40748,27848,164,4496,1315,3181,17897,5950,11947,0,0,0,1048,371,677,2039,758,1281,2204,2491,10409,68.3420045156,test
oh_90,280649,230257,3196,38797,14052,24745,143716,60281,83435,5760,2872,2888,4468,1819,2649,17897,10088,7809,16423,8420,41972,82.0444754836,test
fl_207,56890,42687,67,5999,2419,3580,32096,14560,17536,121,51,70,444,139,305,2376,1461,915,1584,4104,10099,75.0342766743,test
tx_85,45378,42309,463,8366,4077,4289,19637,10028,9609,5292,2576,2716,1181,552,629,4757,3028,1729,2613,653,2416,93.2368107894,test
wa_76,50983,39807,715,6834,2157,4677,24193,10169,14024,556,265,291,554,26,528,3126,1796,1330,3829,1999,9177,78.078967499,test
pa_63,582528,380832,4663,70800,24325,46475,179012,72177,106835,37978,15856,22122,7285,2392,4893,57145,28585,28560,23949,27901,173795,65.3757415953,test
ga_83,242546,170518,3599,51085,15863,35222,63086,22051,41035,10110,2989,7121,5165,3013,2152,22945,10846,12099,14528,8167,63861,70.3033651349,test
fl_107,154556,89728,1448,21978,5512,16466,44532,16876,27656,5286,3126,2160,1643,565,1078,10537,4943,5594,4304,7942,56886,58.0553326949,test
hi_10,87315,66122,2275,14687,3524,11163,38453,9688,28765,1137,365,772,1260,203,1057,4649,2225,2424,3661,2770,18423,75.728110863,test
fl_178,43399,20583,219,5196,1520,3676,8526,2271,6255,185,83,102,297,115,182,3197,1323,1874,2963,3634,19182,47.4273600774,test
nj_118,46935,34126,458,4046,1055,2991,25502,7566,17936,533,75,458,129,0,129,3193,1537,1656,265,775,12034,72.7090657292,test
pa_106,55873,37262,1638,19560,5487,14073,9723,2606,7117,149,102,47,1007,313,694,3267,1168,2099,1918,1721,16890,66.6905303098,test
ca_272,269197,240229,1985,62170,25923,36247,130437,62383,68054,10349,4817,5532,2789,908,1881,23069,12503,10566,9430,6289,22679,89.2391074195,test
mn_33,43712,37493,330,4307,1886,2421,26020,12378,13642,835,240,595,560,35,525,2982,1533,1449,2459,1423,4796,85.7727855051,test
nc_50,46834,32501,470,7029,2346,4683,18066,8130,9936,196,112,84,310,213,97,2090,1308,782,4340,1485,12848,69.3961651791,test
ne_37,41752,25961,256,3352,851,2501,16601,5478,11123,780,233,547,827,39,788,2313,1203,1110,1832,2275,13516,62.1790572907,test
in_88,62471,49787,1042,13666,6343,7323,25662,13591,12071,691,332,359,1026,583,443,5130,3553,1577,2570,1324,11360,79.6961790271,test
pa_33,59145,42018,1283,10555,2248,8307,23374,6319,17055,774,187,587,1263,38,1225,3067,987,2080,1702,1364,15763,71.0423535379,test
ny_75,102943,84839,395,1308,349,959,56651,13918,42733,16814,4660,12154,96,14,82,8672,3986,4686,903,3091,15013,82.4135686739,test
mi_61,255322,120771,2318,25380,6226,19154,52767,14493,38274,3624,1038,2586,4893,2115,2778,23307,10199,13108,8482,32628,101923,47.3014468005,test
hi_24,56619,42628,412,6029,2270,3759,29083,11131,17952,314,207,107,586,465,121,3678,2102,1576,2526,1972,12019,75.2892138681,test
tx_37,28070,14831,294,6102,1798,4304,2728,912,1816,54,27,27,900,300,600,3663,1558,2105,1090,2497,10742,52.8357677235,test
ks_27,52588,32190,452,4133,1777,2356,15827,5625,10202,3295,1464,1831,421,100,321,3264,1932,1332,4798,3175,17223,61.2116832738,test
md_26,244114,157593,2095,34232,11413,22819,79624,29152,50472,5332,2589,2743,3705,1232,2473,17518,9965,7553,15087,12405,74116,64.5571331427,test
ks_10,76659,54147,727,14237,4885,9352,13188,4753,8435,4091,1276,2815,9020,2783,6237,6600,3212,3388,6284,3105,19407,70.6335850976,test
oh_42,28189,19258,308,3674,1489,2185,9964,3680,6284,467,21,446,620,335,285,2599,1215,1384,1626,2346,6585,68.3174287843,test
ny_128,46432,31749,613,4830,1286,3544,19239,4538,14701,98,12,86,1778,285,1493,3494,1177,2317,1697,2193,12490,68.3774121296,test
in_144,28575,17956,355,5903,584,5319,7796,2077,5719,502,146,356,280,54,226,2472,945,1527,648,2841,7778,62.8381452318,test
mo_60,309920,217369,2509,47699,17752,29947,100817,44421,56396,11652,6576,5076,10240,2532,7708,25062,13036,12026,19390,14713,77838,70.1371321631,test
ma_76,45568,34499,202,5136,1051,4085,17757,3847,13910,6571,2256,4315,420,144,276,3785,2155,1630,628,1474,9595,75.7088307584,test
il_181,48604,43709,277,5715,2608,3107,28827,17415,11412,1779,915,864,712,314,398,4117,2672,1445,2282,1270,3625,89.9288124434,test
ca_525,37588,32349,818,8996,3405,5591,13823,5475,8348,389,158,231,3273,1075,2198,2716,1768,948,2334,970,4269,86.0620410769,test
id_40,28874,23112,221,2435,847,1588,14409,5392,9017,69,69,0,1707,753,954,1783,649,1134,2488,1692,4070,80.0443305396,test
ct_85,48169,39403,0,2346,635,1711,31706,18856,12850,799,408,391,550,364,186,3122,2409,713,880,710,8056,81.8015736262,test
ca_364,23652,16392,283,3201,724,2477,6574,1421,5153,2908,588,2320,554,73,481,2329,962,1367,543,1043,6217,69.3049213597,test
mi_23,61235,42770,821,9552,2275,7277,19193,6756,12437,766,423,343,1697,422,1275,5085,2727,2358,5656,3288,15177,69.8456764922,test
nj_113,36924,31908,123,1891,900,991,13996,5101,8895,11444,5630,5814,40,40,0,3980,1930,2050,434,1017,3999,86.4153396165,test
ny_168,37524,30115,586,3970,1278,2692,20794,7613,13181,509,293,216,720,284,436,2445,1550,895,1091,1574,5835,80.2553032726,test
va_10,90402,53197,2069,12207,3977,8230,24292,8906,15386,520,253,267,4080,784,3296,4776,1537,3239,5253,6164,31041,58.8449370589,test
ga_96,41741,26213,128,6952,2038,4914,11256,2291,8965,359,44,315,522,198,324,5394,2547,2847,1602,2139,13389,62.7991662873,test
tx_451,97698,87529,28,20615,11429,9186,39031,18776,20255,6160,1832,4328,2075,1061,1014,12716,7813,4903,6904,3200,6969,89.5913938873,test
ca_477,43112,27425,43,8220,1374,6846,8211,2328,5883,4960,1016,3944,1099,201,898,3897,1883,2014,995,4017,11670,63.6133791056,test
va_145,53255,39714,613,3593,1191,2402,20920,12296,8624,8154,5707,2447,527,504,23,4039,2121,1918,1868,2259,11282,74.5732795043,test
va_153,36012,25357,323,2607,1069,1538,12384,4820,7564,2871,1274,1597,224,174,50,2642,1113,1529,4306,1251,9404,70.412640231,test
co_74,57801,44848,45,9563,4267,5296,24358,10252,14106,1026,379,647,1135,583,552,5413,2935,2478,3308,1408,11545,77.5903531081,test
wa_116,44113,37357,360,6138,2708,3430,23772,12560,11212,473,244,229,1483,505,978,2797,1699,1098,2334,1054,5702,84.6847867975,test
ca_452,41299,36788,287,2818,792,2026,8865,3191,5674,17982,6818,11164,842,262,580,4904,2669,2235,1090,693,3818,89.077217366,test
la_53,61266,38285,626,12773,3191,9582,15891,4362,11529,266,35,231,1866,831,1035,4116,1664,2452,2747,3139,19842,62.4897985832,test
pa_30,199685,158756,1637,12637,3556,9081,79305,25918,53387,38246,15952,22294,1307,128,1179,19993,10735,9258,5631,6225,34704,79.5032175677,test
nc_58,80010,61144,592,6943,2823,4120,40790,19858,20932,238,205,33,1268,512,756,5186,2709,2477,6127,3922,14944,76.4204474441,test
ny_270,23508,19855,0,171,0,171,11016,4277,6739,4953,2208,2745,55,0,55,3401,2280,1121,259,1274,2379,84.4606091543,test
fl_247,50763,36258,414,4677,941,3736,24724,8272,16452,1288,715,573,347,232,115,3080,1583,1497,1728,4141,10364,71.4260386502,test
ny_94,34788,24351,399,3490,1272,2218,15907,6115,9792,732,367,365,639,181,458,2539,1470,1069,645,1337,9100,69.9982752673,test
tx_257,37605,34903,174,9644,4077,5567,10553,3791,6762,7234,2535,4699,1506,935,571,3984,2175,1809,1808,213,2489,92.8147852679,test
pr_41,144134,71106,2857,16821,6952,9869,21861,10446,11415,3691,1289,2402,2132,788,1344,8187,3031,5156,15557,7768,65260,49.3332593281,test
fl_24,35509,28502,687,4599,1093,3506,16659,4496,12163,1305,457,848,759,201,558,3512,1779,1733,981,1463,5544,80.2669745698,test
tx_162,244309,162672,3037,44614,15813,28801,47108,16174,30934,11012,4441,6571,10690,3910,6780,23435,10994,12441,22776,13769,67868,66.5845302465,test
nj_162,24450,12824,151,1653,303,1350,7813,1464,6349,487,48,439,405,117,288,1734,766,968,581,5942,5684,52.4498977505,test
ut_37,34785,28362,287,8171,2032,6139,7843,1803,6040,1404,569,835,3840,1046,2794,2400,1132,1268,4417,655,5768,81.5351444588,test
mt_28,54389,43404,774,10791,2944,7847,16144,4989,11155,1620,621,999,3891,831,3060,7097,3310,3787,3087,1958,9027,79.802901322,test
ny_67,784243,591553,5664,74071,13094,60977,317214,90968,226246,104396,31619,72777,7202,2037,5165,60889,26670,34219,22117,21628,171062,75.4298093831,test
fl_143,279032,222702,2085,54975,17462,37513,108094,44264,63830,11728,5987,5741,3585,1443,2142,30851,17012,13839,11384,12832,43498,79.8123512715,test
tx_214,50520,43857,202,7311,2437,4874,17984,7874,10110,9305,3776,5529,661,470,191,5719,1950,3769,2675,1347,5316,86.8111638955,test
az_25,84762,73308,310,11216,4718,6498,49776,22256,27520,1336,553,783,885,232,653,7105,4631,2474,2680,3814,7640,86.4868691159,test
wa_26,45234,34705,550,5416,2657,2759,18785,8343,10442,805,152,653,1262,418,844,2995,1599,1396,4892,2024,8505,76.7232612637,test
tx_405,33044,17838,598,3988,1116,2872,5728,1447,4281,595,13,582,1345,279,1066,2798,1539,1259,2786,1563,13643,53.9825686963,test
wa_126,42985,33408,1171,11308,2653,8655,12443,4345,8098,261,143,118,1406,423,983,4085,1956,2129,2734,2000,7577,77.7201349308,test
tx_464,56020,42726,752,8738,3514,5224,18339,5835,12504,3638,1273,2365,774,419,355,4254,2476,1778,6231,2173,11121,76.2691895752,test
va_55,30989,23387,452,5125,2957,2168,13140,7399,5741,331,278,53,592,274,318,2144,1357,787,1603,1153,6449,75.4687147052,test
tx_432,29104,25359,0,9520,5186,4334,6860,3784,3076,3490,2303,1187,720,547,173,2590,1727,863,2179,1569,2176,87.1323529412,test
tx_411,29687,27485,80,5963,2839,3124,12486,5192,7294,4750,2918,1832,560,408,152,2583,1854,729,1063,147,2055,92.5826119177,test
ca_313,47434,37242,339,8623,4043,4580,16927,7759,9168,2415,1119,1296,660,298,362,3971,2478,1493,4307,1649,8543,78.5133026943,test
wi_46,42043,30055,298,4980,1295,3685,16933,6257,10676,878,346,532,165,50,115,2851,1751,1100,3950,2453,9535,71.4863354185,test
ca_263,224464,166769,1964,39165,13146,26019,76647,28824,47823,7589,2334,5255,4415,1906,2509,21401,13753,7648,15588,8999,48696,74.2965464395,test
tx_360,61612,53175,509,7320,3170,4150,33974,20469,13505,2599,1680,919,793,436,357,2974,1700,1274,5006,2254,6183,86.3062390443,test
il_252,36031,30212,143,8269,4603,3666,15687,10363,5324,987,540,447,865,223,642,2675,1708,967,1586,1008,4811,83.85001804,test
ks_37,151213,101389,1154,16996,4857,12139,56375,20104,36271,9276,2309,6967,753,244,509,12682,6495,6187,4153,9654,40170,67.0504520114,test
ca_464,41539,31833,191,5743,2143,3600,18535,10348,8187,955,504,451,499,195,304,3041,1620,1421,2869,1765,7941,76.6340065962,test
tx_366,39527,26718,394,3842,991,2851,13428,3941,9487,598,138,460,2497,702,1795,2780,1273,1507,3179,1800,11009,67.5943026286,test
nc_27,142991,105569,990,17869,5642,12227,66367,19064,47303,1603,446,1157,2914,501,2413,9320,4344,4976,6506,4054,33368,73.8291221126,test
va_162,165428,139970,597,11590,4167,7423,80891,23101,57790,25603,8258,17345,930,239,691,15272,8364,6908,5087,8083,17375,84.6108276713,test
oh_180,61735,45726,962,8323,2687,5636,20374,7008,13366,6254,1727,4527,833,260,573,5860,2742,3118,3120,3212,12797,74.0681947032,test
pa_65,29758,16992,264,4309,1013,3296,8671,2597,6074,110,49,61,246,246,0,1468,1044,424,1924,1463,11303,57.1006116002,test
tx_363,39830,33682,181,5785,2528,3257,18869,8194,10675,1403,551,852,1847,474,1373,3721,2512,1209,1876,1158,4990,84.5643986945,test
pa_89,259894,187516,3071,41450,11629,29821,108605,33871,74734,10060,3780,6280,2998,1530,1468,14452,5840,8612,6880,8785,63593,72.1509538504,test
ny_70,33992,22069,161,1192,199,993,12385,4520,7865,4492,2388,2104,182,139,43,3263,1804,1459,394,2248,9675,64.9240997882,test
ca_327,45455,40244,183,8367,3872,4495,24434,11911,12523,1314,591,723,369,201,168,4101,2756,1345,1476,985,4226,88.5359146409,test
ca_98,25290,17430,205,4966,775,4191,6285,1218,5067,2268,613,1655,316,40,276,2306,985,1321,1084,724,7136,68.9205219454,test
ky_77,30406,22076,310,7576,3494,4082,9390,5155,4235,83,41,42,505,78,427,1599,843,756,2613,2106,6224,72.6040912978,test
ca_354,39008,31252,395,4823,1751,3072,16162,7572,8590,3070,1320,1750,554,102,452,4015,2017,1998,2233,785,6971,80.1168990976,test
nv_23,105373,88162,1121,13304,4879,8425,57175,19011,38164,1192,373,819,1874,914,960,8822,5135,3687,4674,3030,14181,83.6665939093,test
tx_78,115854,83069,239,7852,2992,4860,49280,23352,25928,2765,1398,1367,2792,608,2184,8750,5466,3284,11391,7175,25610,71.7014518273,test
pa_130,63590,47861,611,5979,2145,3834,24121,10172,13949,8096,3092,5004,441,365,76,5030,2808,2222,3583,2580,13149,75.2649787702,test
mo_61,284105,207240,3567,57347,21361,35986,79825,35552,44273,11992,5369,6623,12571,4798,7773,19897,9586,10311,22041,12692,64173,72.9448619348,test
wi_17,41202,29741,594,5437,1764,3673,15597,4139,11458,1172,604,568,1102,637,465,2304,1436,868,3535,1471,9990,72.1833891559,test
ca_211,50820,35419,313,5368,1875,3493,13451,5822,7629,2790,1822,968,264,155,109,10865,3870,6995,2368,1665,13736,69.6950019677,test
fl_186,37812,30453,756,4850,1093,3757,17954,4940,13014,1362,457,905,759,201,558,3650,1849,1801,1122,1540,5819,80.5379244684,test
al_35,26550,17921,796,1684,402,1282,12918,2882,10036,226,51,175,240,26,214,1358,536,822,699,758,7871,67.4990583804,test
tx_21,307499,270580,1654,44459,17133,27326,94367,40885,53482,65962,29002,36960,7700,3553,4147,42821,15388,27433,13617,7005,29914,87.9937820936,test
tx_123,37153,33084,280,4910,2258,2652,16334,7420,8914,1618,532,1086,265,197,68,5213,3409,1804,4464,947,3122,89.047990741,test
nc_82,282136,206203,3449,46244,15730,30514,111919,45671,66248,2314,885,1429,6546,2261,4285,18312,9477,8835,17419,12535,63398,73.0863838716,test
ny_115,242882,198224,1515,15060,5209,9851,110583,49056,61527,26758,13751,13007,629,290,339,37999,21405,16594,5680,8619,36039,81.6132936982,test
nh_37,79491,65349,47,4727,1239,3488,47274,23546,23728,3538,1935,1603,288,157,131,7135,3723,3412,2340,4272,9870,82.209306714,test
hi_27,42563,35323,40,3829,1621,2208,26405,15973,10432,460,59,401,199,41,158,2697,1939,758,1693,1261,5979,82.9899208233,test
ok_56,48695,30287,840,11894,4275,7619,7131,2483,4648,588,210,378,3246,1046,2200,2123,1031,1092,4465,2212,16196,62.1973508574,test
ca_305,198690,137568,1507,26397,8035,18362,64262,22499,41763,4135,1338,2797,5131,2085,3046,21115,7623,13492,15021,7656,53466,69.2375056621,test
mi_73,27470,24580,48,2992,1462,1530,17674,7467,10207,741,185,556,293,102,191,1603,529,1074,1229,846,2044,89.4794321078,test
co_69,51340,37640,387,10836,5740,5096,18357,8079,10278,363,224,139,1425,384,1041,3548,2296,1252,2724,3063,10637,73.3151538761,test
pr_31,29865,12497,344,2985,870,2115,3935,941,2994,0,0,0,549,248,301,770,126,644,3914,689,16679,41.8449690273,test
nj_163,34139,30241,130,2767,1230,1537,23701,13462,10239,686,270,416,90,48,42,1611,853,758,1256,202,3696,88.5819736958,test
nc_137,40614,29671,327,3526,1229,2297,14316,4140,10176,1478,322,1156,451,116,335,2161,1081,1080,7412,1242,9701,73.0560890333,test
ny_132,45327,33973,388,6480,1584,4896,21203,6828,14375,95,84,11,906,315,591,2995,1305,1690,1906,2279,9075,74.9509122598,test
tn_84,44677,36253,288,4765,1580,3185,13263,5044,8219,13060,5459,7601,302,50,252,2618,1065,1553,1957,1317,7107,81.1446605636,test
ca_412,50214,39975,76,5871,1878,3993,12071,3769,8302,11249,4205,7044,376,93,283,9267,4585,4682,1065,2361,7878,79.6092723145,test
mi_177,30542,20896,397,2952,1127,1825,14021,6552,7469,212,37,175,987,535,452,945,233,712,1382,1428,8218,68.417261476,test
fl_10,93483,57973,1473,21275,6199,15076,16961,5208,11753,1383,604,779,3704,1385,2319,8377,3435,4942,4800,6046,29464,62.0144839169,test
nv_37,42766,37147,272,5468,2368,3100,22645,8085,14560,456,183,273,648,331,317,4639,2490,2149,3019,2053,3566,86.8610578497,test
ca_94,70660,54445,659,17034,4127,12907,26836,6239,20597,1435,539,896,539,156,383,6021,3478,2543,1921,1216,14999,77.0520803849,test
ne_31,40539,29775,722,10141,3481,6660,8917,3727,5190,724,208,516,2601,1185,1416,3894,1717,2177,2776,2276,8488,73.4477910161,test
wa_115,42423,33467,179,3607,1082,2525,22663,10126,12537,594,314,280,1135,436,699,2805,1753,1052,2484,1691,7265,78.8888103152,test
ga_75,276007,239034,776,60194,29711,30483,113118,61364,51754,13284,7587,5697,4506,2098,2408,34087,21572,12515,13069,8894,28079,86.6043252526,test
pr_63,37465,12679,823,2391,612,1779,6304,1393,4911,173,27,146,727,306,421,436,195,241,1825,2663,22123,33.8422527693,test
al_17,28292,21243,268,3983,1760,2223,12249,4263,7986,21,21,0,423,106,317,2853,1275,1578,1446,1071,5978,75.0848296338,test
wi_94,51469,42963,188,9273,5296,3977,26302,15209,11093,1666,897,769,252,147,105,2696,1451,1245,2586,2003,6503,83.4735471837,test
la_70,40762,31305,0,2797,1000,1797,12558,5207,7351,10310,5221,5089,88,0,88,3290,1533,1757,2262,2758,6699,76.7994700947,test
ca_233,154214,117685,1240,27848,13710,14138,55073,30260,24813,4527,2361,2166,2037,1056,981,18682,12043,6639,8278,5343,31186,76.3127861284,test
or_66,46218,33602,334,5050,1935,3115,19395,10225,9170,513,421,92,511,191,320,4224,2345,1879,3575,2119,10497,72.70327578,test
ny_47,37524,30115,586,3970,1278,2692,20794,7613,13181,509,293,216,720,284,436,2445,1550,895,1091,1574,5835,80.2553032726,test
oh_175,38628,33479,48,3678,839,2839,21401,6712,14689,2499,821,1678,709,124,585,4361,2114,2247,783,806,4343,86.6702909806,test
il_229,34884,27093,262,6840,1838,5002,13626,4204,9422,432,223,209,773,130,643,3907,2172,1735,1253,868,6923,77.6659786722,test
ca_72,76687,60302,394,9112,3769,5343,27774,14681,13093,1994,1038,956,586,117,469,17903,3356,14547,2539,3806,12579,78.6339275236,test
fl_265,39129,29025,322,8605,2487,6118,13227,3890,9337,2058,416,1642,487,69,418,3526,2098,1428,800,1575,8529,74.1777198497,test
ct_33,48169,39403,0,2346,635,1711,31706,18856,12850,799,408,391,550,364,186,3122,2409,713,880,710,8056,81.8015736262,test
pr_76,35043,17008,575,3983,1410,2573,5472,2053,3419,283,283,0,453,182,271,1667,1014,653,4575,1441,16594,48.5346574209,test
va_87,78627,45996,1386,17594,3804,13790,14004,3372,10632,4681,1298,3383,2288,312,1976,3877,1484,2393,2166,3520,29111,58.4989888969,test
ks_44,48087,37444,151,7452,3086,4366,16766,7514,9252,3434,1661,1773,2209,773,1436,3733,1229,2504,3699,2525,8118,77.8671990351,test
in_44,25747,21850,248,6463,2198,4265,11465,5256,6209,1650,862,788,242,0,242,1072,633,439,710,450,3447,84.8642560298,test
ga_35,60937,42295,97,12427,4606,7821,15083,6765,8318,2073,988,1085,1342,280,1062,9545,5042,4503,1728,2471,16171,69.4077489867,test
mn_59,292590,226100,2883,47728,19995,27733,124095,60505,63590,5080,2448,2632,4710,2176,2534,21444,12421,9023,20160,13120,53370,77.2753682628,test
ca_115,34809,32082,80,3655,1694,1961,24308,12396,11912,572,155,417,229,95,134,2524,1375,1149,714,199,2528,92.1658191847,test
ma_79,56682,44934,612,4888,1546,3342,32325,9038,23287,1966,842,1124,236,0,236,3512,1681,1831,1395,2023,9725,79.2738435482,test
az_27,72012,65974,229,12024,3701,8323,40028,15682,24346,3023,669,2354,1608,510,1098,6489,3909,2580,2573,1305,4733,91.6152863412,test
or_33,29201,20916,103,3360,836,2524,13009,3572,9437,88,46,42,1473,207,1266,2180,801,1379,703,726,7559,71.6276839834,test
ct_41,48273,34731,55,2589,721,1868,25939,7409,18530,1252,237,1015,128,0,128,2835,1775,1060,1933,1828,11714,71.9470511466,test
wi_36,42043,30055,298,4980,1295,3685,16933,6257,10676,878,346,532,165,50,115,2851,1751,1100,3950,2453,9535,71.4863354185,test
ca_83,32581,26866,63,3827,2475,1352,18183,10575,7608,484,335,149,313,135,178,2629,1472,1157,1367,367,5348,82.4591019306,test
wi_97,40397,25825,353,4340,1929,2411,14383,6856,7527,591,153,438,244,0,244,2765,1053,1712,3149,3110,11462,63.9280144565,test
ca_558,32563,21743,319,8306,3650,4656,6823,3179,3644,753,125,628,814,416,398,2260,1376,884,2468,1325,9495,66.7721033074,test
ny_292,73972,54442,755,1379,564,815,26499,9264,17235,8772,3010,5762,215,115,100,15486,9890,5596,1336,4864,14666,73.5981182069,test
mn_41,23733,21223,169,3964,1076,2888,14784,7063,7721,287,42,245,225,149,76,1455,1025,430,339,590,1920,89.4240087642,test
tx_324,39565,34600,270,6592,4083,2509,19734,12531,7203,733,381,352,781,469,312,3912,2715,1197,2578,896,4069,87.4510299507,test
nj_173,44262,27672,264,2530,1091,1439,15863,7561,8302,2016,804,1212,1829,190,1639,3408,1956,1452,1762,1543,15047,62.5186390131,test
mo_64,45640,30070,723,10364,3344,7020,5568,2222,3346,1871,827,1044,2760,1323,1437,4636,1980,2656,4148,1791,13779,65.8851884312,test
oh_165,50507,36408,306,5685,1839,3846,19910,7740,12170,1603,619,984,372,171,201,5348,3146,2202,3184,3627,10472,72.0850575168,test
nj_47,19749,13412,120,343,87,256,9981,6388,3593,1027,607,420,83,43,40,1599,707,892,259,747,5590,67.9122993569,test
wi_93,72057,53024,885,8780,2997,5783,32125,9927,22198,1223,348,875,1399,282,1117,4626,2350,2276,3986,3120,15913,73.5861887117,test
fl_258,46026,33007,385,9373,2993,6380,16073,3978,12095,1477,586,891,846,208,638,3411,1588,1823,1442,1986,11033,71.7138139313,test
mi_182,40647,19696,215,3211,833,2378,12187,2099,10088,441,55,386,600,0,600,2224,1143,1081,818,2033,18918,48.4562206313,test
ia_62,44100,31093,659,7542,1958,5584,16478,6200,10278,747,118,629,802,285,517,2482,1453,1029,2383,1657,11350,70.5056689342,test
il_19,41822,29356,745,9170,1867,7303,10573,4904,5669,942,263,679,1977,512,1465,3105,1857,1248,2844,1244,11222,70.1927215341,test
ut_26,31566,26000,684,7160,3191,3969,11904,5146,6758,708,89,619,961,618,343,3338,2019,1319,1245,2674,2892,82.3671038459,test
ca_34,520580,400702,4000,108195,40307,67888,170755,76911,93844,29637,16173,13464,9473,3005,6468,48975,27452,21523,29667,28182,91696,76.9722232894,test
mi_195,31917,23864,243,2918,746,2172,16872,7215,9657,93,0,93,348,109,239,2243,878,1365,1147,2008,6045,74.7689319172,test
mo_103,45047,25265,472,7932,3060,4872,6873,2244,4629,1568,493,1075,2470,989,1481,2112,490,1622,3838,2649,17133,56.0858658734,test
ar_45,39213,21789,141,5345,1572,3773,8182,2947,5235,319,79,240,1486,378,1108,2078,1164,914,4238,2971,14453,55.5657562543,test
tx_446,522582,363303,2877,97894,35583,62311,139990,65893,74097,17232,7688,9544,7860,3026,4834,55714,33477,22237,41736,24735,134544,69.5207642054,test
ca_294,175068,106600,2257,40694,9648,31046,32339,8809,23530,4678,886,3792,2692,920,1772,14606,6102,8504,9334,9898,58570,60.890625357,test
me_27,50670,36366,478,7818,1841,5977,22646,5491,17155,313,0,313,1073,355,718,2529,1161,1368,1509,1896,12408,71.7702782712,test
ca_564,43753,26684,434,7418,3020,4398,7082,2722,4360,414,308,106,1430,483,947,2616,1505,1111,7290,1219,15850,60.9878179782,test
va_161,30989,23387,452,5125,2957,2168,13140,7399,5741,331,278,53,592,274,318,2144,1357,787,1603,1153,6449,75.4687147052,test
sc_48,244686,138311,2294,38384,11346,27038,48923,16349,32574,4287,1218,3069,4753,1271,3482,28616,11890,16726,11054,13361,93014,56.525914846,test
ca_336,50479,32559,1408,7271,2964,4307,12848,5815,7033,1579,647,932,917,530,387,3940,1944,1996,4596,2432,15488,64.500089146,test
co_10,92625,71639,1383,18649,7585,11064,23906,9511,14395,1192,264,928,9866,2505,7361,8309,3799,4510,8334,5212,15774,77.3430499325,test
nm_37,60405,43070,929,13329,4538,8791,14254,5425,8829,886,315,571,2259,667,1592,7443,2751,4692,3970,3169,14166,71.3020445327,test
tx_416,46511,29448,634,8033,1850,6183,14834,3013,11821,342,106,236,627,91,536,2707,1361,1346,2271,726,16337,63.3140547397,test
nc_41,67573,49288,785,9526,2647,6879,27636,8164,19472,721,105,616,2077,124,1953,3961,2466,1495,4582,3212,15073,72.9403755938,test
fl_155,48750,42919,85,12582,6300,6282,13980,8111,5869,3637,2511,1126,1063,902,161,9660,6245,3415,1912,2137,3694,88.038974359,test
in_61,28508,17889,355,5876,584,5292,7796,2077,5719,502,146,356,280,54,226,2432,945,1487,648,2841,7778,62.7508067911,test
pr_72,37201,21446,176,5355,2095,3260,7049,3847,3202,384,267,117,848,516,332,2370,1767,603,5264,1009,14746,57.6489879304,test
fl_201,52384,41440,617,8735,2817,5918,20940,7579,13361,996,280,716,1787,1100,687,6229,3052,3177,2136,2478,8466,79.1081246182,test
mn_22,46196,39175,397,12453,4018,8435,18558,6720,11838,1220,671,549,755,257,498,4219,2480,1739,1573,1712,5309,84.8017144342,test
ri_23,35424,27760,104,918,609,309,13167,5733,7434,8155,3815,4340,64,37,27,4041,1915,2126,1311,1089,6575,78.3649503162,test
mo_118,27144,19883,491,8187,2242,5945,6933,2891,4042,570,0,570,386,4,382,2035,999,1036,1281,1177,6084,73.2500736811,test
ca_250,90883,62663,703,13062,3873,9189,30179,11098,19081,3059,774,2285,1507,707,800,7415,4737,2678,6738,3253,24967,68.9490883884,test
mi_143,47099,40166,503,7916,3546,4370,25049,13406,11643,1487,797,690,849,88,761,3106,1628,1478,1256,2654,4279,85.2799422493,test
ri_26,54574,42559,78,2488,971,1517,23216,9093,14123,11593,4361,7232,223,0,223,4329,1470,2859,632,1243,10772,77.9840216953,test
tx_152,37998,26689,182,3983,1213,2770,15349,4894,10455,376,0,376,1342,387,955,2032,1014,1018,3425,1276,10033,70.2379072583,test
md_24,56400,40283,808,8969,3302,5667,22421,8849,13572,1128,382,746,1264,649,615,3020,1402,1618,2673,2908,13209,71.4237588652,test
ca_427,40427,32258,1281,12043,3720,8323,8057,3419,4638,437,194,243,3347,953,2394,3800,1844,1956,3293,1665,6504,79.7932075098,test
md_42,29932,24298,89,3256,906,2350,9441,4419,5022,6465,3174,3291,47,0,47,4129,2062,2067,871,1480,4154,81.1773352933,test
ny_278,21498,18906,71,426,144,282,15217,3090,12127,1055,138,917,228,0,228,1827,944,883,82,578,2014,87.9430644711,test
ma_59,26519,22385,67,798,267,531,9736,4154,5582,7760,3107,4653,0,0,0,2321,1142,1179,1703,481,3653,84.411176892,test
ms_26,64218,36441,604,10676,3382,7294,11809,4219,7590,353,204,149,546,288,258,10682,6179,4503,1771,2865,24912,56.7457722134,test
il_90,28326,24006,377,4791,2272,2519,13791,7755,6036,1109,521,588,331,210,121,2344,1399,945,1263,1127,3193,84.7489938572,test
fl_30,241238,188110,3853,47451,17918,29533,90342,33767,56575,4444,1784,2660,7546,4329,3217,22845,12179,10666,11629,9914,43214,77.9769356403,test
pr_35,797979,402755,12897,90113,30634,59479,137429,57633,79796,7568,3017,4551,16147,5408,10739,42782,19561,23221,95819,24546,370678,50.4718795858,test
mi_25,230446,176332,2388,35010,13462,21548,100538,41682,58856,5487,2158,3329,3877,2113,1764,15000,8565,6435,14032,12063,42051,76.5177091379,test
az_95,50439,35291,533,4551,2048,2503,22280,10078,12202,833,709,124,705,226,479,3832,2332,1500,2557,4329,10819,69.9676837368,test
nc_164,48230,34850,329,3705,1765,1940,23127,11352,11775,205,205,0,616,383,233,2911,1427,1484,3957,2747,10633,72.2579307485,test
mo_47,27774,18660,330,3364,1490,1874,10600,3986,6614,254,150,104,422,226,196,1771,1039,732,1919,1241,7873,67.1851371787,test
tx_244,34653,20310,420,5661,3134,2527,5565,2633,2932,497,313,184,683,294,389,3221,1040,2181,4263,811,13532,58.6096441867,test
mi_27,37270,27212,702,6781,2329,4452,11470,3758,7712,288,51,237,2317,669,1648,3893,1571,2322,1761,1949,8109,73.0131473035,test
nc_166,40047,31549,321,4203,1842,2361,20425,10791,9634,258,189,69,494,53,441,2805,1399,1406,3043,1496,7002,78.779933578,test
wv_19,243731,163987,2556,37211,11401,25810,89398,35553,53845,2233,565,1668,9561,2202,7359,15598,6807,8791,7430,9305,70439,67.2819624914,test
ga_21,44541,31613,354,7243,2982,4261,18431,10092,8339,1134,580,554,640,480,160,2555,1584,971,1256,2293,10635,70.9750566893,test
ma_38,31800,23325,249,2770,904,1866,17078,6595,10483,0,0,0,250,40,210,2218,766,1452,760,1154,7321,73.3490566038,test
ri_16,29837,22280,127,772,238,534,11506,4303,7203,6514,3899,2615,76,76,0,2836,1267,1569,449,565,6992,74.672386634,test
nc_106,39398,34957,164,7496,2686,4810,21441,12758,8683,1206,455,751,566,359,207,2651,1579,1072,1433,1357,3084,88.7278542058,test
ia_54,78192,56260,850,15689,6398,9291,26451,11934,14517,619,202,417,1031,560,471,4601,2531,2070,7019,3209,18723,71.9510947411,test
mo_36,78734,52994,447,9268,3766,5502,26970,10308,16662,2631,1265,1366,2371,583,1788,7785,4204,3581,3522,3995,21745,67.3076434577,test
wi_41,28878,19099,377,2422,761,1661,12296,2955,9341,821,265,556,496,0,496,1329,640,689,1358,1651,8128,66.1368515825,test
az_79,32645,16109,136,3316,982,2334,9369,2702,6667,199,46,153,309,177,132,1824,556,1268,956,2962,13574,49.3459947925,test
nj_12,38210,28616,598,3342,1206,2136,19967,7725,12242,467,217,250,464,158,306,2749,1751,998,1029,1632,7962,74.8913896886,test
pa_47,582528,380832,4663,70800,24325,46475,179012,72177,106835,37978,15856,22122,7285,2392,4893,57145,28585,28560,23949,27901,173795,65.3757415953,test
fl_300,63558,47831,601,4546,1759,2787,32560,15920,16640,349,74,275,600,304,296,4918,2756,2162,4257,3144,12583,75.2556719846,test
nd_17,28761,21166,123,1537,483,1054,12443,5698,6745,574,156,418,241,35,206,5134,1550,3584,1114,1657,5938,73.5927123535,test
ca_122,27085,18369,374,2074,543,1531,5685,1360,4325,6759,1327,5432,323,89,234,2235,1162,1073,919,1845,6871,67.8198264722,test
ms_40,41397,28739,163,6952,2673,4279,11854,6228,5626,1475,836,639,772,548,224,6471,3524,2947,1052,1070,11588,69.4229050414,test
tx_355,45166,39826,0,7937,2968,4969,18647,7734,10913,2860,1359,1501,896,367,529,6306,3423,2883,3180,1459,3881,88.1769472612,test
oh_91,297889,200802,4433,45155,11524,33631,109512,37654,71858,4131,1995,2136,3337,954,2383,25580,8309,17271,8654,14476,82611,67.4083299484,test
nc_49,364717,307581,1325,50634,21523,29111,196309,103858,92451,13833,7273,6560,3475,1356,2119,26242,16013,10229,15763,16875,40261,84.334154975,test
tx_466,18681,9856,615,3081,416,2665,2691,490,2201,28,28,0,589,207,382,2268,660,1608,584,340,8485,52.7594882501,test
wv_25,89677,58376,1506,21407,6685,14722,25187,10710,14477,149,38,111,1789,863,926,3585,1937,1648,4753,3455,27846,65.0958439734,test
ga_157,185160,135762,1029,28238,13398,14840,70422,34755,35667,5344,2769,2575,2985,921,2064,18331,9954,8377,9413,10875,38523,73.3214517174,test
nh_12,30603,25042,476,10347,3120,7227,10343,3520,6823,165,11,154,950,213,737,1781,749,1032,980,645,4916,81.8285788975,test
wa_29,99815,80516,469,12860,4695,8165,52954,23523,29431,1435,631,804,1357,446,911,7439,3639,3800,4002,2782,16517,80.6652306768,test
ct_14,65304,52098,781,13149,4309,8840,28846,10848,17998,1812,790,1022,548,163,385,5391,2488,2903,1571,1345,11861,79.7776552738,test
or_68,51879,44422,349,9683,4856,4827,25804,13803,12001,770,637,133,227,42,185,4940,2882,2058,2649,1764,5693,85.6261685846,test
ca_15,382356,320940,3039,69869,34303,35566,172617,89543,83074,12517,6202,6315,3847,1971,1876,39148,25612,13536,19903,14145,47271,83.9374823463,test
ca_537,50530,44831,473,12074,4652,7422,26029,14584,11445,635,286,349,306,306,0,4228,1796,2432,1086,1011,4688,88.7215515535,test
la_66,39996,22548,403,4902,1007,3895,9501,3553,5948,374,78,296,1936,437,1499,3459,910,2549,1973,2198,15250,56.3756375638,test
tx_270,49880,33590,269,6586,2887,3699,16530,7939,8591,1766,1045,721,1316,339,977,4429,1988,2441,2694,1334,14956,67.3416198877,test
az_47,296069,228517,3559,38325,13568,24757,130494,55049,75445,3950,2815,1135,8286,2690,5596,28502,12239,16263,15401,15788,51764,77.1836970436,test
wi_56,107424,86538,917,21456,9013,12443,44228,21864,22364,4674,2115,2559,1028,369,659,10251,5365,4886,3984,6976,13910,80.5574173369,test
pr_14,63554,38483,174,7139,3720,3419,15518,7463,8055,146,52,94,1784,514,1270,2995,1637,1358,10727,3120,21951,60.5516568587,test
ky_78,36668,28142,273,4570,1895,2675,15859,7079,8780,185,0,185,1227,344,883,2044,1543,501,3984,3375,5151,76.7481182502,test
fl_296,49937,34903,249,4544,998,3546,21434,7368,14066,1331,399,932,859,312,547,3205,1785,1420,3281,1160,13874,69.8940665238,test
in_138,25360,18528,343,4353,1475,2878,6041,2304,3737,3274,1181,2093,688,486,202,1362,510,852,2467,621,6211,73.0599369085,test
tx_83,23504,22258,0,1798,839,959,3641,1592,2049,13057,6780,6277,304,185,119,2656,1167,1489,802,356,890,94.6987746767,test
or_65,43925,34523,423,6069,3220,2849,21586,13212,8374,616,389,227,444,367,77,3108,2235,873,2277,1705,7697,78.5953329539,test
il_106,49686,44494,395,8259,4125,4134,28207,14582,13625,984,673,311,614,300,314,4285,2814,1471,1750,863,4329,89.5503763636,test
ma_129,26519,22385,67,798,267,531,9736,4154,5582,7760,3107,4653,0,0,0,2321,1142,1179,1703,481,3653,84.411176892,test
oh_198,24748,21582,59,2592,1016,1576,14105,6075,8030,805,636,169,0,0,0,2592,1311,1281,1429,626,2540,87.2070470341,test
nj_18,131623,102937,1002,5206,2284,2922,49974,22746,27228,27890,15339,12551,322,221,101,12719,6871,5848,5824,4792,23894,78.2059366524,test
nc_52,31657,20783,308,3841,1178,2663,7949,2902,5047,4455,1783,2672,402,180,222,2127,1134,993,1701,948,9926,65.6505670152,test
wi_80,64397,47142,1322,10636,3181,7455,23340,9107,14233,413,215,198,3295,1511,1784,2768,1121,1647,5368,2144,15111,73.2052735376,test
nj_83,58580,47147,445,3971,1294,2677,28186,7714,20472,10140,3596,6544,107,107,0,3651,1746,1905,647,1073,10360,80.4831000341,test
oh_44,149919,109235,1084,19309,8356,10953,67477,31957,35520,3657,2396,1261,1691,459,1232,8383,3480,4903,7634,3744,36940,72.8626791801,test
md_105,108188,99651,227,4591,2311,2280,26933,13727,13206,46526,27825,18701,462,177,285,17531,12368,5163,3381,1458,7079,92.1091063704,test
mi_30,25676,18487,323,3064,828,2236,10849,3412,7437,314,40,274,790,98,692,2059,852,1207,1088,1651,5538,72.0010905125,test
fl_218,43598,33408,345,8798,2001,6797,15200,6152,9048,901,388,513,950,150,800,6103,2711,3392,1111,2191,7999,76.6273682279,test
ca_225,24032,17437,133,6005,1213,4792,6997,2686,4311,1442,481,961,331,179,152,1796,1039,757,733,1870,4725,72.5574234354,test
il_89,33257,27121,276,4886,2042,2844,14943,8283,6660,1186,430,756,789,477,312,3229,1739,1490,1812,1254,4882,81.549748925,test
ny_210,36365,32087,213,402,107,295,21603,5145,16458,6556,1883,4673,0,0,0,3158,1395,1763,155,670,3608,88.2359411522,test
oh_181,47006,26854,401,5477,1322,4155,11069,3187,7882,2906,909,1997,381,81,300,3302,1607,1695,3318,4900,15252,57.1288771646,test
tx_442,34896,23973,381,5397,2309,3088,11247,4902,6345,28,0,28,812,425,387,2915,1705,1210,3193,2067,8856,68.6984181568,test
il_88,30507,19897,302,2679,982,1697,12894,5625,7269,329,118,211,501,462,39,1608,656,952,1584,1687,8923,65.2210967975,test
al_75,40528,27183,230,3484,1549,1935,9537,4481,5056,1088,666,422,566,359,207,2725,1485,1240,9553,1247,12098,67.072147651,test
co_19,221172,184372,1996,54740,23356,31384,86024,38743,47281,1852,875,977,5925,3150,2775,24627,13965,10662,9208,8234,28566,83.3613658148,test
pa_91,291122,220429,3918,34942,10881,24061,107857,39972,67885,34208,16554,17654,4848,1315,3533,21739,10807,10932,12917,8920,61773,75.7170533316,test
ia_17,87137,68276,936,12630,3660,8970,38016,14135,23881,2516,861,1655,919,131,788,7821,4458,3363,5438,3585,15276,78.3547746652,test
ar_48,75360,52490,1114,19208,5435,13773,17244,6242,11002,3408,1860,1548,1740,1136,604,5073,2512,2561,4703,4536,18334,69.6523354565,test
tx_358,46935,31082,108,4885,1569,3316,16202,8312,7890,1455,678,777,1197,509,688,2506,1587,919,4729,4169,11684,66.2235005859,test
ia_16,55807,47088,274,11443,5280,6163,26130,12077,14053,2671,1733,938,567,416,151,3746,1907,1839,2257,2455,6264,84.3765119071,test
in_39,43684,26861,466,2433,356,2077,11801,3547,8254,7140,3161,3979,183,100,83,2797,1120,1677,2041,3875,12948,61.4893324787,test
wi_92,86584,70957,1210,12588,4450,8138,40894,18968,21926,3176,1288,1888,2677,947,1730,6428,3486,2942,3984,1661,13966,81.9516307863,test
wi_77,57927,40578,1334,16854,5465,11389,8738,3645,5093,671,243,428,4649,1232,3417,4609,1575,3034,3723,1974,15375,70.0502356414,test
ri_31,52855,43367,488,5759,1780,3979,31203,9898,21305,611,187,424,186,106,80,4107,2355,1752,1013,1325,8163,82.0490019866,test
wa_27,270616,226249,4233,31473,14072,17401,122220,65707,56513,21931,11227,10704,6265,2780,3485,27404,15116,12288,12723,8451,35916,83.6051822509,test
tn_23,30254,17067,117,5499,1810,3689,8283,3829,4454,390,0,390,263,192,71,1632,374,1258,883,1338,11849,56.4123752231,test
or_88,26855,18959,207,2059,664,1395,11177,5859,5318,1932,833,1099,355,259,96,1843,964,879,1386,1990,5906,70.5976540681,test
nj_119,38184,31845,227,2341,752,1589,21174,8799,12375,3734,1638,2096,86,86,0,3563,1874,1689,720,890,5449,83.3988057825,test
me_34,28026,20338,182,3035,969,2066,14605,5769,8836,218,73,145,123,50,73,1241,421,820,934,1776,5912,72.5683294084,test
ny_12,546583,382753,8078,82330,20946,61384,193236,57755,135481,9463,3158,6305,22506,5942,16564,38320,16281,22039,28820,23317,140513,70.0265101549,test
nh_10,130247,104180,2020,31065,6585,24480,53901,16475,37426,1033,469,564,4101,1124,2977,8127,3653,4474,3933,4392,21675,79.9864872128,test
az_63,39036,34050,227,6548,1840,4708,20426,10007,10419,933,326,607,375,111,264,3669,2356,1313,1872,1804,3182,87.2271749155,test
pa_171,44032,29589,346,5124,1263,3861,19507,4612,14895,801,74,727,740,221,519,2252,637,1615,819,2824,11619,67.1988553779,test
sc_88,182079,130418,1584,31447,12667,18780,59330,22599,36731,5407,2624,2783,2432,394,2038,22192,13555,8637,8026,6522,45139,71.6271508521,test
ks_13,24308,18997,451,3014,1074,1940,7636,1581,6055,580,317,263,2210,521,1689,2271,1260,1011,2835,676,4635,78.1512259338,test
ny_283,22723,17192,86,1046,308,738,5534,2000,3534,4052,2515,1537,128,63,65,5418,3591,1827,928,1101,4430,75.6590238965,test
nc_53,37411,28067,75,4719,1384,3335,18740,9507,9233,660,361,299,161,119,42,2555,1540,1015,1157,1685,7659,75.0233888429,test
fl_144,233131,141274,1159,35302,9554,25748,64152,21386,42766,4011,2612,1399,2478,900,1578,26150,12352,13798,8022,11829,80028,60.5985475977,test
in_42,39804,23242,269,7434,1324,6110,8673,3535,5138,939,503,436,736,158,578,2803,1480,1323,2388,2328,14234,58.3911164707,test
la_76,47235,37960,209,12786,4738,8048,13720,7099,6621,2192,1273,919,935,272,663,6284,3276,3008,1834,2217,7058,80.364136763,test
nh_27,254292,208276,2872,46273,10246,36027,126801,47785,79016,4512,2755,1757,4385,1536,2849,15630,7266,8364,7803,8923,37093,81.904267535,test
pr_53,40678,13211,93,2339,1175,1164,7957,3746,4211,185,0,185,253,171,82,399,157,242,1985,793,26674,32.4770146025,test
pa_136,54986,42512,1138,11890,3856,8034,21658,9395,12263,1069,284,785,1645,976,669,3486,2045,1441,1626,1982,10492,77.3142254392,test
co_30,57908,50737,437,11589,5581,6008,29402,13865,15537,924,344,580,1214,677,537,4669,3558,1111,2502,2214,4957,87.6165642053,test
mi_50,49365,40188,343,4452,870,3582,28457,7504,20953,1022,270,752,403,270,133,4036,2107,1929,1475,1635,7542,81.4099058037,test
md_50,275893,238027,1679,28588,11086,17502,98159,42371,55788,64506,32516,31990,3767,1355,2412,30107,16060,14047,11221,7707,30159,86.2751139029,test
az_51,296494,250624,1477,36645,14693,21952,165876,70139,95737,2884,1057,1827,6623,2356,4267,23946,13269,10677,13173,10852,35018,84.5291978927,test
ga_60,27502,16016,54,6004,1569,4435,5619,1102,4517,19,0,19,238,133,105,2312,257,2055,1770,2017,9469,58.2357646717,test
ks_45,44091,33522,656,6645,3083,3562,14357,5674,8683,1713,742,971,3145,1668,1477,2425,1185,1240,4581,1666,8903,76.0291215894,test
pa_161,53154,34609,316,6881,2393,4488,14232,5182,9050,2855,1233,1622,864,470,394,7771,3493,4278,1690,3793,14752,65.110810099,test
ks_42,46850,34969,259,8625,2031,6594,9136,2621,6515,7246,2436,4810,1716,454,1262,5758,2764,2994,2229,1905,9976,74.6403415155,test
tx_166,249863,179840,1753,50081,17012,33069,64907,29509,35398,5328,2014,3314,6157,2527,3630,25195,14702,10493,26419,12191,57832,71.9754425425,test
mo_82,44397,27819,929,12893,4162,8731,4682,1200,3482,40,0,40,2275,500,1775,3249,1576,1673,3751,2261,14317,62.6596391648,test
oh_114,41931,32933,484,6461,1403,5058,17579,3822,13757,2312,937,1375,560,0,560,3473,1460,2013,2064,1183,7815,78.5409363001,test
al_50,265548,174881,2650,49523,16382,33141,73808,28139,45669,1801,653,1148,8061,2279,5782,17629,8629,9000,21409,15380,75287,65.85664362,test
or_69,64283,55332,559,7173,3650,3523,37840,22645,15195,1307,805,502,968,417,551,4699,3314,1385,2786,3103,5848,86.0756343046,test
mi_138,49075,32323,870,7493,2246,5247,11168,3385,7783,974,235,739,3907,1296,2611,2940,1263,1677,4971,1606,15146,65.8644931228,test
tx_314,39865,21887,0,4358,1764,2594,7832,2755,5077,436,268,168,873,414,459,5555,3439,2116,2833,1844,16134,54.9027969397,test
tx_368,43517,35650,188,6278,2507,3771,14930,5381,9549,3501,1743,1758,1198,233,965,5633,3089,2544,3922,1843,6024,81.9220074913,test
mo_104,41807,24396,886,9960,2753,7207,3993,1017,2976,896,236,660,3032,917,2115,2185,663,1522,3444,1949,15462,58.3538641854,test
id_25,48341,35285,1550,9489,1746,7743,10073,2528,7545,595,107,488,5886,1085,4801,3285,1445,1840,4407,2368,10688,72.9918702551,test
tx_452,52678,48111,259,8648,4352,4296,13761,7611,6150,17373,10595,6778,1384,945,439,4589,2814,1775,2097,1425,3142,91.3303466343,test
mi_124,78776,55471,1329,9026,3270,5756,32560,13870,18690,1353,732,621,2553,1154,1399,3560,1309,2251,5090,4128,19177,70.4161165837,test
mo_75,73176,43704,388,8568,3030,5538,21043,7929,13114,1920,849,1071,2562,633,1929,5990,2545,3445,3233,4066,25406,59.724499836,test
mn_10,153238,113674,3526,37615,12041,25574,27114,8421,18693,7299,2991,4308,9015,3182,5833,15224,6807,8417,13881,5647,33917,74.1813388324,test
mi_74,31181,21578,41,3058,1352,1706,13517,5016,8501,803,335,468,166,46,120,2221,996,1225,1772,2186,7417,69.2023988968,test
pa_20,73955,58345,352,7423,3206,4217,42540,17897,24643,1148,73,1075,814,483,331,3674,1414,2260,2394,2740,12870,78.892569806,test
ar_30,30590,24086,43,4983,1238,3745,14810,4549,10261,747,487,260,440,130,310,1640,993,647,1423,1530,4974,78.7381497221,test
md_56,45229,39166,778,3496,1243,2253,19658,7720,11938,7506,3702,3804,873,511,362,4847,3227,1620,2008,637,5426,86.5948838135,test
tx_213,44359,23963,363,9113,2712,6401,4433,1773,2660,97,39,58,2694,566,2128,5332,2707,2625,1931,3636,16760,54.0206046124,test
fl_121,274942,214269,2003,43727,15315,28412,123208,36564,86644,7222,3076,4146,5561,1130,4431,17790,7289,10501,14758,9829,50844,77.9324366594,test
ut_63,124631,100114,1120,25495,8951,16544,48961,16322,32639,1640,617,1023,4868,1002,3866,8749,4962,3787,9281,5886,18631,80.3283292279,test
va_54,42759,28417,288,3242,1327,1915,19149,9516,9633,458,272,186,321,144,177,1755,773,982,3204,2065,12277,66.4585233518,test
nv_38,54315,42664,220,5993,2825,3168,23176,8240,14936,509,407,102,2272,1560,712,5240,2924,2316,5254,3525,8126,78.549203719,test
va_113,53255,39714,613,3593,1191,2402,20920,12296,8624,8154,5707,2447,527,504,23,4039,2121,1918,1868,2259,11282,74.5732795043,test
al_98,142098,89394,1394,28749,11005,17744,34947,11867,23080,3842,1800,2042,2938,1511,1427,11880,5306,6574,5644,7455,45249,62.9101042942,test
fl_190,53662,45876,396,1827,853,974,24066,8607,15459,13436,5747,7689,128,128,0,4297,2488,1809,1726,1603,6183,85.4906637844,test
ca_25,102847,88618,568,15967,8444,7523,53762,32646,21116,2391,1650,741,1351,774,577,11142,6259,4883,3437,2656,11573,86.164885704,test
ca_299,259123,232112,878,37722,18640,19082,148383,79917,68466,8401,4620,3781,2348,1778,570,28633,18573,10060,5747,5444,21567,89.5759928683,test
az_96,44728,29914,648,4007,1747,2260,18017,8714,9303,349,255,94,411,38,373,3234,1803,1431,3248,3602,11212,66.8798068324,test
nc_66,94074,66655,725,11306,2924,8382,41190,11198,29992,1066,294,772,1465,164,1301,6322,2999,3323,4581,3279,24140,70.8537959479,test
nm_53,19401,10658,0,3417,1954,1463,2514,1185,1329,34,34,0,1482,1058,424,1242,601,641,1969,116,8627,54.9353126128,test
ar_51,41004,27955,686,10089,3774,6315,4626,1428,3198,2298,602,1696,2463,937,1526,3572,2034,1538,4221,2929,10120,68.1762754853,test
nj_76,259002,182523,1007,15743,5557,10186,98517,31757,66760,30162,12003,18159,2415,1181,1234,25465,11284,14181,9214,14892,61587,70.4716565895,test
pr_58,44780,17632,492,2491,578,1913,8618,1773,6845,809,100,709,533,339,194,2702,786,1916,1987,4453,22695,39.3747208575,test
fl_18,62131,46003,481,7524,2092,5432,28706,8254,20452,524,104,420,1462,420,1042,5344,1928,3416,1962,3828,12300,74.0419436352,test
oh_149,44225,39566,109,5792,4184,1608,24318,13484,10834,1919,921,998,412,158,254,4084,2236,1848,2932,877,3782,89.4652345958,test
ky_27,247847,174928,1781,26722,11342,15380,99550,46071,53479,7586,3919,3667,2567,1306,1261,26637,14445,12192,10085,13439,59480,70.5790265769,test
mo_70,49493,31151,932,9168,2325,6843,6695,1740,4955,881,171,710,5465,798,4667,5481,1354,4127,2529,1979,16363,62.9402137676,test
oh_127,65961,54410,532,9449,3814,5635,32780,13199,19581,376,175,201,1255,616,639,6211,4316,1895,3807,1382,10169,82.4881369294,test
tx_230,34045,28974,146,2692,1313,1379,8226,3763,4463,11679,5494,6185,215,121,94,3391,1881,1510,2625,1146,3925,85.1050080775,test
tx_252,43524,33302,641,8618,3523,5095,4288,1545,2743,2827,1489,1338,7287,2389,4898,4459,2759,1700,5182,1054,9168,76.5141071593,test
ca_108,165125,125625,1015,15992,7610,8382,38827,19126,19701,39185,23872,15313,2762,1386,1376,16602,10562,6040,11242,8755,30745,76.0787282362,test
il_105,28326,24006,377,4791,2272,2519,13791,7755,6036,1109,521,588,331,210,121,2344,1399,945,1263,1127,3193,84.7489938572,test
wi_19,62882,47180,737,8060,2085,5975,29556,10202,19354,1081,744,337,1315,237,1078,3614,1288,2326,2817,2334,13368,75.0294201838,test
nc_15,100980,77030,319,17131,5730,11401,46080,23890,22190,1265,583,682,1890,942,948,6384,3133,3251,3961,3199,20751,76.2824321648,test
oh_194,50112,41293,279,5995,2763,3232,20781,9424,11357,837,483,354,279,148,131,10721,2310,8411,2401,1008,7811,82.4014208174,test
mi_174,58479,42141,1061,6015,1937,4078,27673,9424,18249,396,208,188,1340,763,577,2927,1631,1296,2729,2067,14271,72.0617657621,test
mn_74,47328,37764,425,10109,3966,6143,19308,9629,9679,437,209,228,998,371,627,3559,2152,1407,2928,1477,8087,79.7920892495,test
nc_146,49764,39562,446,10661,4747,5914,22188,9672,12516,470,238,232,510,83,427,3555,2241,1314,1732,1989,8213,79.4992363958,test
md_70,48083,29714,231,6871,1991,4880,15093,4850,10243,963,205,758,852,190,662,2326,1272,1054,3378,2975,15394,61.7973088202,test
ca_392,54945,30556,669,10746,2797,7949,11267,3646,7621,1062,430,632,639,217,422,3820,1444,2376,2353,4297,20092,55.611975612,test
tx_348,55612,49370,514,9424,5769,3655,21018,10560,10458,4323,1829,2494,2674,1784,890,6952,5025,1927,4465,863,5379,88.7758037834,test
la_101,38949,27566,171,4728,1971,2757,11948,4164,7784,2300,523,1777,812,304,508,4276,2318,1958,3331,340,11043,70.7746026856,test
wv_14,27136,18064,335,4430,1711,2719,9409,3324,6085,585,138,447,1030,193,837,1885,862,1023,390,965,8107,66.5683962264,test
md_44,280069,217587,3022,18890,5150,13740,99089,33826,65263,51879,23311,28568,2682,1240,1442,29728,18178,11550,12297,10345,52137,77.6904976988,test
ky_68,52753,32647,1194,12811,4165,8646,9088,3073,6015,1253,693,560,1878,550,1328,4074,2039,2035,2349,2184,17922,61.8865277804,test
ca_215,19107,16457,72,1596,705,891,3657,2441,1216,8796,5236,3560,37,0,37,1851,1349,502,448,286,2364,86.1307374261,test
tn_34,50911,39701,494,6986,1651,5335,16958,7032,9926,7842,3760,4082,1042,650,392,3266,1463,1803,3113,2377,8833,77.9811828485,test
ks_51,42470,35491,149,6901,3136,3765,20332,11973,8359,1370,620,750,999,361,638,3216,2300,916,2524,1680,5299,83.5672239228,test
ca_92,44304,36871,0,7336,3060,4276,16678,9017,7661,4584,2535,2049,631,339,292,4547,2570,1977,3095,2377,5056,83.2227338389,test
fl_179,38986,27676,246,5834,1726,4108,14266,6551,7715,612,357,255,547,231,316,3492,2071,1421,2679,2363,8947,70.9895860052,test
mi_197,69061,56341,544,5803,1209,4594,40655,14467,26188,1895,1067,828,617,398,219,4794,2842,1952,2033,1910,10810,81.5815004127,test
ca_68,25239,19921,47,4339,1568,2771,8850,4736,4114,1240,851,389,574,414,160,3802,2183,1619,1069,618,4700,78.9294346052,test
mo_105,48434,27181,1452,14820,3015,11805,2004,622,1382,247,58,189,1835,258,1577,2961,999,1962,3862,4001,17252,56.1196680018,test
in_51,52703,35924,380,8604,2214,6390,16401,4747,11654,2147,735,1412,1186,219,967,2072,1151,921,5134,2645,14134,68.1631026697,test
mo_20,39255,28915,1019,8828,1988,6840,9791,2084,7707,616,239,377,2760,1012,1748,2743,957,1786,3158,1434,8906,73.659406445,test
ca_14,85158,65231,997,19722,7187,12535,27796,11926,15870,644,169,475,3265,965,2300,9618,3684,5934,3189,4083,15844,76.5999671199,test
nj_120,50837,32073,137,2475,632,1843,14211,4708,9503,1141,388,753,0,0,0,13155,9226,3929,954,2872,15892,63.0898754844,test
mn_20,22361,17386,237,3614,1433,2181,6150,3046,3104,1495,1080,415,1202,421,781,2926,1535,1391,1762,606,4369,77.7514422432,test
pa_112,73955,58345,352,7423,3206,4217,42540,17897,24643,1148,73,1075,814,483,331,3674,1414,2260,2394,2740,12870,78.892569806,test
tn_88,42964,35560,405,7118,1863,5255,20366,8252,12114,2481,1246,1235,692,155,537,2094,1162,932,2404,1789,5615,82.7669676939,test
mi_137,38787,25514,655,4484,1545,2939,11644,5185,6459,197,102,95,2354,898,1456,2486,1176,1310,3694,1980,11293,65.7797715729,test
ca_10,158734,117373,4276,34487,9522,24965,35597,11265,24332,1814,674,1140,15706,5796,9910,15081,7088,7993,10412,6543,34818,73.9432005745,test
ar_43,54462,31149,999,14592,3854,10738,4727,1588,3139,440,158,282,2521,1227,1294,4024,1735,2289,3846,2772,20541,57.1940068305,test
ma_50,67065,50103,679,6972,1684,5288,36652,8021,28631,336,36,300,839,182,657,3493,1770,1723,1132,3442,13520,74.708118989,test
tx_339,58046,40273,245,9175,3192,5983,19768,5624,14144,397,39,358,1416,605,811,3930,1850,2080,5342,3425,14348,69.3811804431,test
pa_156,56388,30401,338,4007,1186,2821,13380,4450,8930,2394,674,1720,1106,208,898,5751,3358,2393,3425,4674,21313,53.9139533234,test
tx_60,428889,353132,1794,59521,24385,35136,203859,102828,101031,19343,11010,8333,8640,4448,4192,30206,18324,11882,29769,15940,59817,82.3364553532,test
ct_27,48273,34731,55,2589,721,1868,25939,7409,18530,1252,237,1015,128,0,128,2835,1775,1060,1933,1828,11714,71.9470511466,test
