,0165_10,0165_11,0165_12,0165_13,0165_14,0165_15,0165_16,0165_17,0165_18,0165_19,0165_20,0165_21,0165_22,0165_23,0165_24,0165_25,0165_26,0165_27,0165_28,0165_29,0165_30,internetP,label
ar_0000059,42351,24727,1125,9789,3669,6120,4653,1910,2743,310,150,160,2078,690,1388,2468,739,1729,4304,1852,15772,0.583858704635,train
fl_0000164,42894,36647,247,8002,3025,4977,18234,7493,10741,3341,1131,2210,325,205,120,5132,3153,1979,1366,1060,5187,0.854361915419,train
il_0000151,65231,52197,367,13960,4454,9506,28049,10844,17205,512,320,192,1289,531,758,4859,2895,1964,3161,3577,9457,0.80018702764,train
oh_0000139,55405,41787,316,5443,2588,2855,28785,13809,14976,1733,1249,484,570,46,524,2638,1409,1229,2302,810,12808,0.754209908853,train
pr_0000058,44780,17632,492,2491,578,1913,8618,1773,6845,809,100,709,533,339,194,2702,786,1916,1987,4453,22695,0.393747208575,train
ga_0000127,64479,50414,80,12009,5436,6573,24714,10539,14175,1958,692,1266,1551,1103,448,6428,3475,2953,3674,2605,11460,0.781866964438,train
nm_0000045,35372,20744,265,6170,1193,4977,8743,3323,5420,177,0,177,458,178,280,2505,1882,623,2426,1358,13270,0.586452561348,train
ri_0000028,60595,41076,118,1583,652,931,20849,5477,15372,10290,4259,6031,304,265,39,3832,1924,1908,4100,1931,17588,0.677877712683,train
tx_0000255,45072,27782,1273,7183,1803,5380,9362,3216,6146,2555,580,1975,593,202,391,3313,1620,1693,3503,2778,14512,0.616391551296,train
fl_0000189,75729,59512,332,3733,856,2877,29171,9240,19931,16424,6205,10219,450,213,237,6057,2960,3097,3345,3082,13135,0.78585482444,train
ca_0000546,35629,33454,99,9721,4529,5192,16384,8334,8050,963,431,532,379,125,254,4952,3129,1823,956,505,1670,0.938954222684,train
wi_0000099,37167,19352,50,3263,1037,2226,11501,5267,6234,326,221,105,261,68,193,1604,746,858,2347,3260,14555,0.520676944601,train
fl_0000171,67630,56721,985,15043,5199,9844,28669,11557,17112,1046,609,437,1456,752,704,4709,2977,1732,4813,2128,8781,0.838695845039,train
ca_0000461,44371,36519,442,9695,4246,5449,15363,5125,10238,4805,843,3962,709,256,453,3833,1930,1903,1672,902,6950,0.823037569584,train
co_0000092,47547,38249,532,9115,4259,4856,17460,7933,9527,699,254,445,1175,310,865,3218,1525,1693,6050,1292,8006,0.80444612699,train
fl_0000262,49491,42205,180,8193,3950,4243,23121,10205,12916,1327,638,689,478,88,390,7518,5043,2475,1388,1237,6049,0.852781313774,train
pa_0000152,57396,45073,706,10335,3980,6355,20613,5926,14687,2951,575,2376,371,137,234,8230,1788,6442,1867,1305,11018,0.785298627082,train
co_0000062,38111,25025,950,7000,2576,4424,6020,2627,3393,359,202,157,4203,1363,2840,2994,1303,1691,3499,1122,11964,0.656634567448,train
ny_0000137,48795,33282,382,3222,1295,1927,24230,7779,16451,250,51,199,1089,245,844,2149,630,1519,1960,2247,13266,0.682078081771,train
ct_0000061,46212,24161,229,3213,997,2216,10043,4023,6020,877,486,391,242,140,102,7727,2749,4978,1830,2512,19539,0.522829568078,train
oh_0000115,42298,33636,719,9200,2431,6769,16416,5359,11057,2338,458,1880,120,87,33,3331,1374,1957,1512,1044,7618,0.795214903778,train
nc_0000150,52337,33376,804,10884,2805,8079,13945,4524,9421,783,510,273,725,151,574,3573,1411,2162,2662,2043,16918,0.637713281235,train
pa_0000162,47933,32298,295,6303,2314,3989,14497,7075,7422,4792,2675,2117,480,154,326,3096,2030,1066,2835,1562,14073,0.673815534183,train
mo_0000065,42926,28685,556,6005,2007,3998,13434,5318,8116,279,171,108,2378,1012,1366,2970,1924,1046,3063,2031,12210,0.668243022877,train
ne_0000033,63065,49669,482,10148,2641,7507,30270,8885,21385,437,45,392,625,261,364,4260,1819,2441,3447,2173,11223,0.787584238484,train
al_0000064,40135,23766,278,6480,1977,4503,11198,2931,8267,229,142,87,722,55,667,3095,913,2182,1764,3253,13116,0.592151488726,train
ca_0000429,38652,35547,80,4530,2095,2435,26203,13652,12551,748,155,593,229,95,134,2724,1375,1349,1033,258,2847,0.919667805029,train
ny_0000206,52724,41774,134,1877,523,1354,34542,10833,23709,530,181,349,43,0,43,3991,2197,1794,657,1962,8988,0.792314695395,train
tx_0000321,40683,34928,158,7252,3883,3369,16371,10256,6115,2225,936,1289,860,219,641,4459,3046,1413,3603,1452,4303,0.858540422289,train
ga_0000108,74565,50125,207,11413,4085,7328,29690,14200,15490,490,384,106,425,119,306,5435,1746,3689,2465,5181,19259,0.672232280561,train
pr_0000066,50524,20110,681,3388,757,2631,9832,2372,7460,112,28,84,774,267,507,1728,830,898,3595,1227,29187,0.398028659647,train
mi_0000154,45602,36830,293,5265,2865,2400,23001,8733,14268,1445,908,537,622,195,427,3063,1531,1532,3141,778,7994,0.807640015789,train
tn_0000075,41094,24985,664,4357,1011,3346,13815,4298,9517,623,202,421,931,206,725,2737,1463,1274,1858,1296,14813,0.607996301163,train
mi_0000118,72801,50861,468,11632,4409,7223,29038,10482,18556,1661,680,981,631,348,283,4176,1933,2243,3255,3902,18038,0.698630513317,train
ga_0000142,44905,37493,82,8919,4136,4783,15174,5681,9493,1762,769,993,897,386,511,9290,3799,5491,1369,1085,6327,0.834940429796,train
va_0000119,38924,36716,86,3188,1525,1663,17560,9934,7626,9729,5471,4258,519,239,280,4555,3051,1504,1079,589,1619,0.943274072552,train
mn_0000105,43942,31638,604,8305,1965,6340,13690,3994,9696,1473,383,1090,2020,595,1425,3495,1635,1860,2051,1595,10709,0.719994538255,train
nc_0000126,52423,32666,1107,7915,3109,4806,12446,4303,8143,431,319,112,1619,784,835,6459,2488,3971,2689,1637,18120,0.623123438186,train
nd_0000027,44880,34046,1015,5726,2631,3095,15684,6205,9479,1371,410,961,1589,421,1168,4963,2565,2398,3698,1141,9693,0.758600713012,train
il_0000210,44859,32543,550,6779,2952,3827,15803,7202,8601,835,544,291,1548,854,694,2161,1382,779,4867,2966,9350,0.72545085713,train
ca_0000318,76621,53127,2355,18345,5009,13336,14555,3215,11340,833,197,636,6227,1663,4564,7587,3309,4278,3225,3727,19767,0.693373879224,train
ga_0000147,46978,23136,858,8242,1924,6318,2131,822,1309,2465,1002,1463,2878,697,2181,4017,806,3211,2545,2787,21055,0.492485844438,train
tx_0000367,48922,34401,645,4568,2127,2441,15673,4669,11004,2031,977,1054,1834,932,902,6063,3074,2989,3587,2777,11744,0.703180573157,train
al_0000088,65307,44327,678,16968,7213,9755,15488,5974,9514,1999,675,1324,2026,1210,816,4467,1908,2559,2701,3021,17959,0.678748066823,train
va_0000112,67384,52466,576,3625,1324,2301,22743,10839,11904,12945,6534,6411,481,103,378,7000,2589,4411,5096,1927,12991,0.778612133444,train
ma_0000119,48262,30740,101,2648,1007,1641,23290,10097,13193,86,0,86,503,184,319,2552,1391,1161,1560,1914,15608,0.636940035639,train
az_0000073,41282,23959,299,4115,1946,2169,14110,5955,8155,265,119,146,182,72,110,1180,818,362,3808,1480,15843,0.580374012887,train
mi_0000164,59490,40070,326,3427,1689,1738,30264,9083,21181,442,171,271,397,158,239,3741,1696,2045,1473,2273,17147,0.673558581274,train
mo_0000076,53050,38782,258,9181,2908,6273,17373,8671,8702,3913,2565,1348,1424,600,824,3591,1875,1716,3042,1500,12768,0.731046182846,train
ma_0000074,45946,35979,837,9663,2045,7618,18520,6330,12190,566,117,449,1434,503,931,3063,1096,1967,1896,1609,8358,0.783071431681,train
tx_0000220,41858,33674,535,5211,1379,3832,9044,4084,4960,6649,2772,3877,3948,1463,2485,4466,2528,1938,3821,1349,6835,0.804481819485,train
co_0000090,38296,33586,413,11324,3980,7344,9946,3924,6022,489,302,187,4063,1907,2156,3448,1863,1585,3903,535,4175,0.877010653854,train
tx_0000296,38317,27006,1091,7427,3854,3573,4750,1218,3532,1113,530,583,3388,1164,2224,1807,928,879,7430,410,10901,0.704804655897,train
pr_0000080,50891,30362,649,5809,2615,3194,10416,5595,4821,377,246,131,489,32,457,3118,2257,861,9504,1453,19076,0.596608437641,train
nh_0000036,51200,45165,76,3025,1100,1925,34436,14078,20358,1980,1315,665,478,436,42,2562,1627,935,2608,739,5296,0.88212890625,train
fl_0000194,67019,53366,149,2647,776,1871,22473,6376,16097,16028,5510,10518,480,164,316,9560,5058,4502,2029,2248,11405,0.796281651472,train
tx_0000203,58545,44137,1099,12019,4698,7321,12651,5254,7397,4081,1750,2331,4945,1920,3025,5342,3333,2009,4000,3755,10653,0.753898710394,train
ny_0000258,87775,62210,507,4638,1298,3340,35399,13845,21554,12546,6261,6285,187,64,123,7115,2622,4493,1818,2477,23088,0.708743947593,train
ca_0000329,35328,27135,425,5792,2354,3438,14226,6109,8117,1451,677,774,220,0,220,3926,2811,1115,1095,2697,5496,0.76808763587,train
ia_0000047,87137,68276,936,12630,3660,8970,38016,14135,23881,2516,861,1655,919,131,788,7821,4458,3363,5438,3585,15276,0.783547746652,train
ms_0000035,52615,31959,1021,8787,3788,4999,9275,4051,5224,181,115,66,2590,1227,1363,3615,1341,2274,6490,2097,18559,0.607412334885,train
ca_0000567,54798,48244,339,4508,2278,2230,19633,11237,8396,12846,7687,5159,864,177,687,9320,6610,2710,734,1212,5342,0.880397094784,train
ny_0000185,46266,40212,87,1403,591,812,25895,14126,11769,8817,5990,2827,0,0,0,3728,2361,1367,282,1054,5000,0.869147970432,train
vt_0000014,59381,44162,929,18724,3566,15158,15944,4040,11904,379,106,273,2549,484,2065,2973,1280,1693,2664,2271,12948,0.743705899193,train
fl_0000152,49506,40414,503,5072,1910,3162,27692,12258,15434,1662,1027,635,531,125,406,3426,1913,1513,1528,2054,7038,0.816345493476,train
ny_0000150,67980,48370,530,5110,1474,3636,27070,8961,18109,8138,2315,5823,868,222,646,4437,2065,2372,2217,2658,16952,0.711532803766,train
tx_0000207,42227,26333,1325,8208,2732,5476,4294,1579,2715,668,342,326,4434,1033,3401,2147,1038,1109,5257,2880,13014,0.623605749876,train
pa_0000169,54402,45004,441,3747,755,2992,21104,7013,14091,14506,7533,6973,72,0,72,4353,2646,1707,781,1963,7435,0.827248998199,train
fl_0000255,42450,36464,360,8585,2617,5968,20189,7087,13102,1176,535,641,586,277,309,3620,2113,1507,1948,1745,4241,0.858987043581,train
mo_0000066,49150,32860,600,10746,3503,7243,8197,3106,5091,2906,695,2211,2118,511,1607,3875,1526,2349,4418,1077,15213,0.668565615463,train
ca_0000406,52275,37863,498,12758,3571,9187,12276,4879,7397,2400,1405,995,594,222,372,6300,2226,4074,3037,1960,12452,0.724304160689,train
ca_0000516,52579,47029,306,12923,7030,5893,24885,12968,11917,1134,709,425,585,281,304,4419,2463,1956,2777,1340,4210,0.894444550106,train
fl_0000241,73931,59543,329,6645,1508,5137,42782,12564,30218,299,109,190,1151,224,927,4724,1751,2973,3613,2681,11707,0.805386103258,train
al_0000058,44137,31968,502,4222,1465,2757,21825,11489,10336,230,161,69,306,65,241,3165,1521,1644,1718,2113,10056,0.724290277998,train
wa_0000091,49399,37003,738,11303,3471,7832,13061,5514,7547,523,310,213,2782,1011,1771,5124,2092,3032,3472,1574,10822,0.74906374623,train
ny_0000184,50873,41065,216,1587,380,1207,23898,11557,12341,10256,5760,4496,380,146,234,4135,2742,1393,593,2031,7777,0.807206180096,train
va_0000124,35855,32047,244,2591,781,1810,15161,6924,8237,6024,2651,3373,500,263,237,5243,2275,2968,2284,881,2927,0.893794449868,train
pa_0000171,44032,29589,346,5124,1263,3861,19507,4612,14895,801,74,727,740,221,519,2252,637,1615,819,2824,11619,0.671988553779,train
mo_0000108,50713,37911,820,11985,4375,7610,14591,6027,8564,4160,1592,2568,800,479,321,4412,2714,1698,1143,4122,8680,0.747559797291,train
il_0000146,82761,65129,903,11631,4363,7268,33088,14136,18952,1084,504,580,3286,1416,1870,9326,4744,4582,5811,3685,13947,0.786952791774,train
tx_0000333,32737,28653,0,7893,3076,4817,8842,4025,4817,2232,1339,893,1037,703,334,5097,1906,3191,3552,1725,2359,0.875248190121,train
ny_0000180,34002,29223,51,556,193,363,17853,5787,12066,5576,2541,3035,359,0,359,4180,2144,2036,648,1036,3743,0.85944944415,train
va_0000081,42004,34304,54,1620,638,982,16710,5199,11511,10198,4800,5398,468,192,276,4310,1968,2342,944,2018,5682,0.816684125321,train
dc_0000013,57146,28494,503,7008,1900,5108,11756,3134,8622,747,211,536,1286,97,1189,4862,2563,2299,2332,5568,23084,0.498617576033,train
ca_0000327,45455,40244,183,8367,3872,4495,24434,11911,12523,1314,591,723,369,201,168,4101,2756,1345,1476,985,4226,0.885359146409,train
ma_0000088,44034,35677,263,2009,413,1596,22109,8115,13994,6759,2885,3874,268,131,137,3468,1421,2047,801,1001,7356,0.810214833992,train
ky_0000054,45448,40291,57,5945,3002,2943,23769,11579,12190,1791,975,816,412,329,83,6557,4353,2204,1760,866,4291,0.886529660271,train
pa_0000147,45114,36560,299,2431,661,1770,17073,5429,11644,12131,4071,8060,258,145,113,3698,2223,1475,670,1351,7203,0.810391452764,train
nd_0000028,68282,54394,476,11479,5482,5997,29267,14510,14757,1343,720,623,2188,787,1401,4396,2456,1940,5245,4168,9720,0.796608183709,train
ut_0000037,34785,28362,287,8171,2032,6139,7843,1803,6040,1404,569,835,3840,1046,2794,2400,1132,1268,4417,655,5768,0.815351444588,train
wa_0000117,42147,37855,311,6663,3621,3042,24420,14968,9452,1519,931,588,958,590,368,3136,2422,714,848,920,3372,0.898165943009,train
ky_0000038,38221,23453,332,8539,2806,5733,7109,1563,5546,1190,154,1036,1779,400,1379,2290,1552,738,2214,2155,12613,0.61361555166,train
fl_0000240,36739,25897,580,10988,1894,9094,9457,3909,5548,622,232,390,551,292,259,2798,1239,1559,901,2218,8624,0.704891259969,train
az_0000069,41417,32571,372,4233,2268,1965,21908,9457,12451,647,440,207,858,332,526,2608,1613,995,1945,1239,7607,0.786416205906,train
nc_0000148,50249,33345,348,8496,2106,6390,16013,5433,10580,1892,375,1517,412,137,275,4368,1505,2863,1816,2337,14567,0.663595295429,train
wa_0000106,52803,42265,326,6763,3487,3276,27384,15747,11637,621,337,284,1183,448,735,3311,2066,1245,2677,1795,8743,0.800428005985,train
ny_0000141,51700,40027,521,6275,2713,3562,26625,9501,17124,150,68,82,494,0,494,3623,1726,1897,2339,1171,10502,0.774216634429,train
fl_0000157,41320,28603,449,5862,2187,3675,12414,6401,6013,1703,710,993,541,318,223,5685,1948,3737,1949,2348,10369,0.692231364956,train
fl_0000235,28883,24922,620,7261,1153,6108,10769,2812,7957,1192,647,545,438,129,309,4107,1744,2363,535,709,3252,0.86286050618,train
fl_0000162,59840,42652,223,8646,2954,5692,23417,8749,14668,1246,416,830,601,165,436,5640,2844,2796,2879,3144,14044,0.712767379679,train
ny_0000173,40181,29861,786,4235,1063,3172,18838,4993,13845,286,0,286,1311,514,797,2178,1035,1143,2227,1434,8886,0.743162191085,train
ga_0000143,33860,31662,260,8619,3018,5601,13203,6007,7196,583,172,411,389,214,175,7309,5340,1969,1299,1121,1077,0.935085646781,train
mo_0000082,44397,27819,929,12893,4162,8731,4682,1200,3482,40,0,40,2275,500,1775,3249,1576,1673,3751,2261,14317,0.626596391648,train
ia_0000050,47320,38017,341,13150,3260,9890,14967,4915,10052,589,248,341,1241,367,874,3772,2142,1630,3957,3168,6135,0.803402366864,train
nm_0000034,30223,18334,751,5332,2211,3121,5297,1347,3950,546,254,292,1031,494,537,3365,1564,1801,2012,1555,10334,0.606624094233,train
nj_0000094,38729,28190,254,2535,937,1598,13663,4597,9066,5791,1584,4207,512,172,340,3047,1442,1605,2388,1296,9243,0.727878334065,train
il_0000185,49185,37371,407,9724,4214,5510,19359,7815,11544,920,480,440,642,114,528,3509,2035,1474,2810,1670,10144,0.759804818542,train
nc_0000104,50611,37500,85,5848,2251,3597,23698,13405,10293,1569,1035,534,395,56,339,2710,2107,603,3195,4600,8511,0.740945644228,train
md_0000052,56400,40283,808,8969,3302,5667,22421,8849,13572,1128,382,746,1264,649,615,3020,1402,1618,2673,2908,13209,0.714237588652,train
oh_0000133,40359,27745,651,2993,898,2095,18780,7055,11725,217,37,180,1111,177,934,3013,1177,1836,980,1996,10618,0.687455090562,train
wa_0000112,46590,34121,421,4835,2059,2776,22638,8773,13865,679,71,608,911,349,562,2450,1500,950,2187,1018,11451,0.732367460829,train
pr_0000070,49450,20696,3502,4191,1086,3105,2426,719,1707,76,0,76,335,0,335,7491,436,7055,2675,795,27959,0.418523761375,train
ia_0000045,52251,36786,748,8591,2409,6182,17863,5104,12759,1601,448,1153,1321,195,1126,3300,1266,2034,3362,1567,13898,0.704024803353,train
ca_0000480,47413,38914,226,6024,2308,3716,11843,5690,6153,13071,4714,8357,722,451,271,5119,2613,2506,1909,1362,7137,0.820745365195,train
ca_0000328,41535,32902,293,5979,2768,3211,18892,7331,11561,1012,416,596,326,209,117,4946,2936,2010,1454,2530,6103,0.792151197785,train
or_0000064,63551,51742,895,11626,3011,8615,20730,7072,13658,4587,1593,2994,4455,1176,3279,5664,2110,3554,3785,1414,10395,0.814180736731,train
tx_0000378,45630,35464,273,6960,2505,4455,16309,6833,9476,1807,549,1258,2072,432,1640,4998,2132,2866,3045,2270,7896,0.777207977208,train
al_0000057,49437,39219,565,6582,2496,4086,25485,13601,11884,513,252,261,643,468,175,3565,1204,2361,1866,1092,9126,0.793312701013,train
mn_0000068,60940,43374,1607,18411,5732,12679,9439,3840,5599,757,287,470,4254,1252,3002,3400,1390,2010,5506,3332,14234,0.711749261569,train
nc_0000094,62732,36154,616,12974,2843,10131,13375,3183,10192,2404,769,1635,623,117,506,4618,1602,3016,1544,3201,23377,0.576324682778,train
wi_0000079,45756,33841,1011,10302,3366,6936,12383,3954,8429,1584,355,1229,2027,728,1299,3549,1436,2113,2985,1695,10220,0.739596992744,train
mn_0000090,48095,43355,660,7896,3965,3931,26835,15260,11575,836,713,123,1204,550,654,4657,3095,1562,1267,1614,3126,0.901445056659,train
va_0000116,56712,42672,369,2826,848,1978,20143,7402,12741,9430,3146,6284,889,400,489,5073,2744,2329,3942,2563,11477,0.75243334744,train
ut_0000052,29388,25317,63,8288,4243,4045,7881,5150,2731,1541,862,679,3053,1937,1116,2036,1396,640,2455,810,3261,0.861474071049,train
md_0000051,38185,24993,461,6147,2852,3295,12310,6178,6132,298,119,179,1441,650,791,1985,943,1042,2351,1979,11213,0.65452402776,train
hi_0000020,64929,48726,1123,11177,3051,8126,28857,7280,21577,469,336,133,926,118,808,3400,1610,1790,2774,2237,13966,0.750450492076,train
tx_0000354,38578,35328,75,6427,3060,3367,16510,8536,7974,2407,1500,907,2035,1576,459,4647,3705,942,3227,736,2514,0.915755093577,train
nc_0000131,61385,43691,458,19854,8834,11020,13110,6157,6953,1182,782,400,1553,271,1282,4043,1776,2267,3491,2667,15027,0.711753685754,train
tx_0000318,33312,16242,150,4383,1405,2978,5757,3030,2727,1370,141,1229,666,218,448,1744,640,1104,2172,1797,15273,0.48757204611,train
wi_0000108,50053,42324,330,6490,2867,3623,26310,12401,13909,3411,1681,1730,672,490,182,2877,1004,1873,2234,965,6764,0.845583681298,train
wy_0000017,51280,41499,684,10453,4115,6338,17501,6539,10962,1789,1102,687,2183,1017,1166,2935,1766,1169,5954,2225,7556,0.809262870515,train
al_0000062,41254,23909,1060,8583,1636,6947,5865,1696,4169,442,95,347,1772,627,1145,3092,714,2378,3095,1365,15980,0.57955592185,train
tx_0000346,33857,26411,36,6465,3441,3024,10989,5961,5028,1405,1090,315,891,494,397,5474,4378,1096,1151,366,7080,0.780075021414,train
or_0000072,66448,54142,668,8796,4163,4633,31639,14116,17523,2021,1219,802,812,185,627,6086,3654,2432,4120,2771,9535,0.814802552372,train
tx_0000347,38319,35339,0,8090,4061,4029,16824,6711,10113,1279,703,576,1432,1128,304,5354,3589,1765,2360,631,2349,0.922231791018,train
ca_0000500,68719,60273,441,6472,2640,3832,40213,16625,23588,1582,856,726,926,664,262,8302,5645,2657,2337,2073,6373,0.877093671328,train
ky_0000064,49966,32729,550,10911,4998,5913,9077,3704,5373,567,146,421,2706,1133,1573,4586,2781,1805,4332,2614,14623,0.655025417284,train
ga_0000091,45513,28468,603,9382,2581,6801,9731,2023,7708,1107,89,1018,2397,408,1989,3180,1477,1703,2068,1619,15426,0.62549161778,train
tx_0000384,33283,28039,248,5807,2751,3056,13545,5225,8320,2675,1437,1238,341,181,160,3420,1651,1769,2003,834,4410,0.842442087552,train
az_0000085,56659,41381,513,8004,2190,5814,21824,6637,15187,475,262,213,1729,268,1461,5942,2552,3390,2894,2418,12860,0.730351753473,train
pr_0000064,60492,23628,584,4000,918,3082,13382,3054,10328,172,0,172,962,225,737,855,348,507,3673,5225,31639,0.390597103749,train
va_0000099,82407,44697,1187,13572,4085,9487,19049,5966,13083,827,382,445,2362,181,2181,3654,1209,2445,4046,5939,31771,0.542393243292,train
pr_0000067,40874,19363,181,5219,2198,3021,7326,2437,4889,271,111,160,1981,1001,980,1939,1621,318,2446,1019,20492,0.473724127807,train
tx_0000213,44359,23963,363,9113,2712,6401,4433,1773,2660,97,39,58,2694,566,2128,5332,2707,2625,1931,3636,16760,0.540206046124,train
nj_0000096,51190,41103,130,2358,726,1632,23621,8561,15060,10909,4787,6122,181,23,158,2742,1273,1469,1162,963,9124,0.802949794882,train
wa_0000108,57282,53449,343,5382,2489,2893,31712,19642,12070,8448,5108,3340,753,371,382,4870,3168,1702,1941,1449,2384,0.933085436961,train
ny_0000212,33988,28186,182,373,83,290,18156,4478,13678,6000,1838,4162,14,14,0,3141,1556,1585,320,1289,4513,0.829292691538,train
in_0000119,56336,41465,373,10890,2175,8715,21189,5971,15218,3426,1225,2201,1080,116,964,2727,1318,1409,1780,1933,12938,0.736030247089,train
md_0000075,66141,58616,257,7226,2676,4550,25575,11127,14448,16237,8565,7672,307,156,151,7006,3872,3134,2008,2409,5116,0.886227907047,train
or_0000069,64283,55332,559,7173,3650,3523,37840,22645,15195,1307,805,502,968,417,551,4699,3314,1385,2786,3103,5848,0.860756343046,train
ny_0000166,42452,32440,738,4069,859,3210,22684,7538,15146,39,39,0,1161,176,985,2440,1235,1205,1309,1422,8590,0.76415716574,train
ut_0000049,42645,32458,387,9822,4569,5253,13420,6626,6794,1806,1091,715,1102,544,558,4356,2691,1665,1565,6959,3228,0.761120881698,train
tx_0000246,36018,28504,215,7597,3684,3913,7376,3049,4327,968,672,296,1061,636,425,7648,4628,3020,3639,1523,5991,0.791382086734,train
tx_0000366,39527,26718,394,3842,991,2851,13428,3941,9487,598,138,460,2497,702,1795,2780,1273,1507,3179,1800,11009,0.675943026286,train
mi_0000171,58672,25762,785,4347,1425,2922,15240,4132,11108,248,94,154,391,0,391,2959,1340,1619,1792,10007,22903,0.439085083174,train
nj_0000090,41692,31122,198,1582,501,1081,20864,12546,8318,3538,1896,1642,83,43,40,4215,2347,1868,642,1240,9330,0.746474143721,train
in_0000111,46431,32014,590,5634,2333,3301,18157,6878,11279,808,326,482,1311,538,773,2121,1050,1071,3393,2834,11583,0.689496241735,train
ga_0000103,54140,26168,922,12052,3253,8799,4351,1076,3275,457,200,257,2425,570,1855,3187,1391,1796,2774,5149,22823,0.483339490211,train
mi_0000166,52693,40976,224,4689,1715,2974,30386,9788,20598,831,162,669,457,234,223,3570,2045,1525,819,2417,9300,0.777636498207,train
ks_0000050,55453,50712,30,6027,3017,3010,35509,22262,13247,2639,1850,789,392,125,267,4036,2478,1558,2079,1114,3627,0.914504174707,train
ca_0000455,48643,36818,355,6028,1799,4229,10223,3629,6594,12800,4692,8108,1026,376,650,4415,2319,2096,1971,1566,10259,0.756902329215,train
fl_0000206,54143,45049,654,10280,4454,5826,27759,14171,13588,170,125,45,368,197,171,3988,2196,1792,1830,3305,5789,0.832037382487,train
pa_0000175,63783,44373,646,7727,2619,5108,27966,12012,15954,464,341,123,1060,355,705,4351,2600,1751,2159,2306,17104,0.695686938526,train
pa_0000141,55908,44233,635,9780,2940,6840,26668,8279,18389,636,39,597,929,129,800,4756,2685,2071,829,1677,9998,0.79117478715,train
ny_0000255,44986,26279,136,3161,469,2692,15696,3564,12132,3474,1048,2426,124,0,124,2638,1868,770,1050,1307,17400,0.584159516294,train
id_0000031,38163,32522,279,10114,4301,5813,12774,5243,7531,969,57,912,1385,171,1214,3821,1768,2053,3180,2053,3588,0.852186672955,train
in_0000096,50063,34417,1508,12134,2873,9261,8268,2244,6024,2917,822,2095,1672,624,1048,4651,2095,2556,3267,2724,12922,0.687473783033,train
pa_0000116,62227,52598,373,10137,4229,5908,28053,12691,15362,6626,3446,3180,449,212,237,4398,2559,1839,2562,1452,8177,0.8452600961,train
ca_0000478,52267,36206,422,9028,1166,7862,9713,2102,7611,8907,3022,5885,694,122,572,5342,2435,2907,2100,1919,14142,0.692712418926,train
wv_0000029,67382,43363,784,11120,3394,7726,21059,8959,12100,684,221,463,1994,733,1261,3970,1690,2280,3752,3309,20710,0.643539817755,train
wi_0000106,43390,37846,505,6200,2385,3815,23543,9581,13962,1054,513,541,461,140,321,2920,1443,1477,3163,849,4695,0.872228624107,train
ga_0000088,43964,34711,108,5981,2706,3275,21612,7414,14198,633,252,381,440,290,150,3662,1440,2222,2275,986,8267,0.789532344646,train
wa_0000118,44445,38385,462,4466,1722,2744,21119,10814,10305,5174,2630,2544,635,265,370,5070,3193,1877,1459,702,5358,0.863651704354,train
ca_0000348,59803,41512,1654,13949,3083,10866,12398,3279,9119,333,176,157,5151,1723,3428,3745,1737,2008,4282,2304,15987,0.69414577864,train
ny_0000174,55977,43757,600,3839,1053,2786,34878,10787,24091,413,131,282,752,256,496,2408,1028,1380,867,2072,10148,0.781696053736,train
wi_0000077,57927,40578,1334,16854,5465,11389,8738,3645,5093,671,243,428,4649,1232,3417,4609,1575,3034,3723,1974,15375,0.700502356414,train
fl_0000228,42003,32579,203,7821,2087,5734,16988,6376,10612,1842,1224,618,369,129,240,3814,1981,1833,1542,2214,7210,0.775635073685,train
tx_0000270,49880,33590,269,6586,2887,3699,16530,7939,8591,1766,1045,721,1316,339,977,4429,1988,2441,2694,1334,14956,0.673416198877,train
ca_0000485,26645,19154,243,5187,2231,2956,7369,4074,3295,1009,460,549,420,201,219,1969,1064,905,2957,1019,6472,0.718859072997,train
ca_0000432,70300,61581,240,11446,5379,6067,34492,17313,17179,3107,1810,1297,954,926,28,9980,6552,3428,1362,1388,7331,0.875974395448,train
ny_0000234,77801,69279,233,4473,1861,2612,45111,25841,19270,11385,7675,3710,393,256,137,5742,2692,3050,1942,2913,5609,0.890464132852,train
tx_0000199,64870,49405,899,12203,3722,8481,18676,8598,10078,3860,1712,2148,2132,741,1391,7267,3982,3285,4368,4438,11027,0.761600123324,train
ok_0000038,63424,38429,652,13929,6305,7624,7071,2246,4825,570,381,189,5164,1801,3363,4120,2054,2066,6923,4013,20982,0.605906281534,train
oh_0000170,40147,22018,1006,5652,1813,3839,7526,2892,4634,698,214,484,3227,1270,1957,2049,470,1579,1860,3850,14279,0.548434503201,train
ma_0000094,44491,39534,0,2643,712,1931,17486,7443,10043,12882,5560,7322,72,0,72,5574,3230,2344,877,1209,3748,0.888584208042,train
tx_0000303,54181,41102,243,11939,2913,9026,15977,6300,9677,2001,1143,858,1080,205,875,6837,3409,3428,3025,2565,10514,0.758605415182,train
fl_0000245,43355,40183,257,4445,1211,3234,23969,8770,15199,697,392,305,333,116,217,9445,3999,5446,1037,245,2927,0.926836581709,train
ca_0000385,38266,27654,360,7510,1743,5767,9543,3621,5922,2243,313,1930,803,564,239,6282,1286,4996,913,1373,9239,0.722678095437,train
ny_0000186,39808,34871,92,887,232,655,22105,12728,9377,6575,3958,2617,279,197,82,4296,3112,1184,637,708,4229,0.875979702572,train
co_0000071,42577,34592,579,5494,1309,4185,20183,5517,14666,279,203,76,774,165,609,3945,1403,2542,3338,1741,6244,0.812457430068,train
il_0000160,52556,42166,610,7510,2697,4813,24961,12512,12449,125,59,66,1339,855,484,3747,2056,1691,3874,1107,9283,0.802306111576,train
ga_0000110,53564,35142,858,15575,3508,12067,9527,2095,7432,784,265,519,1282,625,657,4613,2140,2473,2503,2166,16256,0.65607497573,train
ca_0000438,43663,36978,256,7916,4078,3838,18386,11384,7002,1934,1178,756,629,165,464,5735,3549,2186,2122,1486,5199,0.846895540847,train
fl_0000191,60256,48946,333,2396,714,1682,22106,5692,16414,13790,5446,8344,631,355,276,8713,4133,4580,977,2635,8675,0.812300849708,train
fl_0000233,31154,25151,311,6401,1139,5262,13445,2131,11314,815,266,549,968,154,814,2636,1620,1016,575,430,5573,0.807312062656,train
ca_0000344,48507,29625,676,6943,2435,4508,10870,3473,7397,1142,655,487,811,328,483,6838,2810,4028,2345,3639,15243,0.610736594718,train
fl_0000288,62882,50645,522,5165,996,4169,23072,6578,16494,11458,4870,6588,714,243,471,8200,4414,3786,1514,2372,9865,0.805397411024,train
fl_0000249,43401,33177,93,4753,1190,3563,21973,8003,13970,934,575,359,284,192,92,3697,1706,1991,1443,1500,8724,0.764429391028,train
mi_0000165,41629,26645,327,3436,1139,2297,17537,5520,12017,355,70,285,1025,455,570,2745,1475,1270,1220,4552,10432,0.640058612986,train
ny_0000222,47358,30107,177,1883,578,1305,20127,4774,15353,608,125,483,346,44,302,4347,2299,2048,2619,3242,14009,0.635732083281,train
tx_0000401,31468,20907,0,4798,1594,3204,6717,3488,3229,309,69,240,1634,494,1140,3269,2144,1125,4180,1241,9320,0.664389220796,train
mo_0000098,84278,56842,364,17262,6864,10398,20089,7467,12622,7382,2238,5144,1078,329,749,6428,2707,3721,4239,5541,21895,0.674458340255,train
nj_0000126,47485,40628,135,2835,713,2122,26645,9105,17540,6349,2076,4273,176,85,91,3951,2146,1805,537,1594,5263,0.855596504159,train
ut_0000043,29323,22318,296,5016,1592,3424,10717,3486,7231,273,34,239,1719,41,1678,2654,1293,1361,1643,1773,5232,0.761109027044,train
va_0000118,88110,59676,1161,4847,1792,3055,26836,9882,16954,13380,5810,7570,734,215,519,5294,2742,2552,7424,5768,22666,0.677289751447,train
tx_0000375,31169,20549,289,3220,1851,1369,6950,2447,4503,707,395,312,1577,891,686,2088,1002,1086,5718,1249,9371,0.659276845584,train
oh_0000126,40475,31049,912,7920,2531,5389,15310,5955,9355,562,278,284,333,82,251,4796,879,3917,1216,892,8534,0.767115503397,train
il_0000213,44561,30559,647,5849,2117,3732,16131,6475,9656,614,256,358,464,193,271,4441,1842,2599,2413,4599,9403,0.685779044456,train
ca_0000554,43625,36885,329,11059,5755,5304,15148,9570,5578,1490,876,614,2119,994,1125,3573,1982,1591,3167,746,5994,0.845501432665,train
tx_0000284,51726,38286,534,9572,4180,5392,18082,6831,11251,413,99,314,1930,1062,868,3769,2079,1690,3986,1941,11499,0.740169353903,train
va_0000090,83333,58888,1104,14694,4018,10676,27412,12478,14934,2537,1053,1484,3473,1010,2463,5441,2744,2697,4227,4654,19791,0.706658826635,train
ca_0000376,54085,46590,828,7694,2921,4773,24373,16571,7802,7372,5179,2193,265,242,23,4319,2930,1389,1739,1569,5926,0.861421835999,train
or_0000056,41969,31224,1306,11341,4676,6665,6824,2651,4173,306,141,165,3142,645,2497,4416,1934,2482,3889,2292,8453,0.743977697825,train
nc_0000142,43513,31927,242,3859,1403,2456,19064,7775,11289,2110,669,1441,964,243,721,3546,1810,1736,2142,2486,9100,0.733734745938,train
nj_0000087,38384,32535,102,1002,259,743,19075,9323,9752,9178,4514,4664,63,34,29,2540,1747,793,575,1278,4571,0.8476187995,train
ca_0000339,38935,25995,509,7724,3446,4278,8116,3835,4281,359,47,312,2241,960,1281,2276,1266,1010,4770,2208,10732,0.667651213561,train
ca_0000415,56642,39276,604,10100,5085,5015,14818,7324,7494,1839,1130,709,1364,1017,347,7250,5108,2142,3301,3708,13658,0.693407718654,train
ny_0000164,42119,31209,363,11241,3746,7495,13807,3520,10287,462,119,343,1407,501,906,1990,825,1165,1939,1491,9419,0.740972007882,train
tx_0000260,34263,17967,439,5461,1644,3817,5309,2088,3221,215,159,56,480,51,429,2448,950,1498,3615,1543,14753,0.524384905,train
nv_0000032,42412,36501,391,9891,4179,5712,13062,6205,6857,1549,857,692,726,342,384,9059,4956,4103,1823,1576,4335,0.860629067245,train
al_0000076,47981,20376,816,6759,2221,4538,3972,1531,2441,159,61,98,2097,348,1749,3993,1539,2454,2580,2276,25329,0.424668097789,train
in_0000132,54266,37960,1198,6418,1734,4684,16852,8403,8449,470,237,233,2788,685,2103,6435,2934,3501,3799,1924,14382,0.699517193086,train
va_0000102,54509,46672,67,4454,1822,2632,22123,11112,11011,9600,5675,3925,907,425,482,7083,3995,3088,2438,1415,6422,0.856225577428,train
tx_0000272,43376,31072,208,4791,1432,3359,16552,5196,11356,376,0,376,2832,859,1973,2530,1169,1361,3783,1381,10923,0.716340833641,train
ca_0000325,51114,46433,152,10799,6120,4679,26954,16898,10056,958,508,450,519,158,361,5352,3663,1689,1699,1091,3590,0.90842039363,train
tn_0000086,52500,32931,527,7358,2111,5247,11123,3157,7966,3968,942,3026,2365,468,1897,3369,1109,2260,4221,3338,16231,0.627257142857,train
in_0000098,49184,36737,259,3101,725,2376,15718,6283,9435,10618,4830,5788,206,68,138,4296,1357,2939,2539,2424,10023,0.746929895901,train
pa_0000136,54986,42512,1138,11890,3856,8034,21658,9395,12263,1069,284,785,1645,976,669,3486,2045,1441,1626,1982,10492,0.773142254392,train
nc_0000119,43561,33812,89,6926,1701,5225,19776,7096,12680,675,407,268,262,138,124,3448,1788,1660,2636,1712,8037,0.776198893506,train
nj_0000127,46625,40707,319,3406,1043,2363,26293,9831,16462,6039,2493,3546,602,171,431,3526,1934,1592,522,797,5121,0.873072386059,train
tn_0000076,41067,30193,371,5300,1129,4171,16289,6792,9497,776,349,427,1017,200,817,2568,1626,942,3872,1050,9824,0.735213188205,train
tx_0000317,35639,24022,380,8996,1882,7114,7804,2537,5267,615,87,528,1294,341,953,3238,1317,1921,1695,1273,10344,0.674036869721,train
nj_0000109,43750,36008,296,1492,329,1163,21439,6177,15262,8110,2690,5420,458,0,458,3398,2300,1098,815,1535,6207,0.82304,train
tx_0000231,33988,25711,51,3156,1599,1557,10068,3549,6519,5066,2120,2946,327,0,327,3007,1071,1936,4036,2155,6122,0.756472872779,train
pa_0000166,42151,35308,442,1725,763,962,17196,6902,10294,11260,4992,6268,109,0,109,4345,2753,1592,231,1176,5667,0.837655097151,train
mi_0000108,55099,35630,1319,7655,1781,5874,15986,4647,11339,497,110,387,3559,710,2849,2757,793,1964,3857,1904,17565,0.646654204251,train
al_0000083,55264,28824,1081,8871,2414,6457,9008,2574,6434,285,111,174,2153,367,1786,2788,938,1850,4638,3081,23359,0.521569195136,train
id_0000025,48341,35285,1550,9489,1746,7743,10073,2528,7545,595,107,488,5886,1085,4801,3285,1445,1840,4407,2368,10688,0.729918702551,train
ca_0000391,31280,17968,306,7653,1468,6185,4402,1240,3162,469,192,277,352,138,214,2736,860,1876,2050,1724,11588,0.57442455243,train
ky_0000061,48445,34870,371,6531,2590,3941,17192,8579,8613,85,45,40,2246,605,1641,3324,1835,1489,5121,2190,11385,0.719785323563,train
nv_0000031,71387,51752,780,13404,6052,7352,18713,7050,11663,2137,1141,996,566,176,390,13290,8262,5028,2862,2997,16638,0.724949920854,train
nc_0000163,41339,21880,763,7347,1858,5489,6684,2345,4339,1221,437,784,885,345,540,3621,1275,2346,1359,2206,17253,0.529282275817,train
ca_0000454,51666,36815,1789,4773,926,3847,12933,2282,10651,10481,2430,8051,926,184,742,3915,1400,2515,1998,3771,11080,0.712557581388,train
sc_0000077,74931,57587,427,13914,2953,10961,30585,10023,20562,1182,365,817,1476,676,800,7224,3633,3591,2779,3687,13657,0.768533717687,train
ny_0000140,39871,23878,195,3353,1574,1779,14178,5274,8904,343,110,233,914,295,619,1944,772,1172,2951,2074,13919,0.598881392491,train
nc_0000132,55935,34033,897,11887,3635,8252,9811,2310,7501,1076,123,953,2786,733,2053,3714,1993,1721,3862,2074,19828,0.60843836596,train
ga_0000134,48298,28694,492,16002,3440,12562,4573,858,3715,693,44,649,1534,207,1327,3540,1525,2015,1860,3824,15780,0.594103275498,train
ca_0000310,55331,49307,500,12354,6979,5375,24848,15328,9520,2218,1397,821,805,587,218,6408,4665,1743,2174,933,5091,0.89112793913,train
ne_0000027,42512,27861,449,7134,2213,4921,10715,3077,7638,809,140,669,1476,386,1090,3115,1653,1462,4163,1782,12869,0.655367896123,train
tx_0000399,28185,12248,309,2099,541,1558,3968,1260,2708,118,118,0,567,0,567,1288,501,787,3899,1496,14441,0.434557388682,train
ny_0000262,44535,32503,318,5834,188,5646,20880,3719,17161,2266,279,1987,735,111,624,1653,694,959,817,1082,10950,0.729830470417,train
az_0000079,32645,16109,136,3316,982,2334,9369,2702,6667,199,46,153,309,177,132,1824,556,1268,956,2962,13574,0.493459947925,train
ca_0000365,61998,52167,326,14072,4017,10055,18152,6962,11190,2177,1027,1150,2563,2182,381,13502,3154,10348,1375,861,8970,0.841430368722,train
co_0000086,36999,30712,238,8474,2260,6214,12770,5344,7426,326,129,197,2689,1099,1590,3479,2227,1252,2736,1170,5117,0.830076488554,train
tx_0000309,42340,23699,182,5531,936,4595,9864,2779,7085,1072,455,617,882,186,696,3097,1857,1240,3071,2367,16274,0.559730751063,train
mi_0000152,72001,54994,478,8959,3165,5794,35129,11774,23355,1667,801,866,423,46,377,5563,2502,3061,2775,3277,13730,0.763794947292,train
ga_0000140,49740,39729,223,8290,2536,5754,18371,7767,10604,1072,379,693,633,279,354,8876,3814,5062,2264,3159,6852,0.798733413752,train
la_0000066,39996,22548,403,4902,1007,3895,9501,3553,5948,374,78,296,1936,437,1499,3459,910,2549,1973,2198,15250,0.563756375638,train
md_0000054,45044,37159,383,4882,1745,3137,26142,10896,15246,687,217,470,289,223,66,2939,1924,1015,1837,1387,6498,0.824948938815,train
ky_0000048,61503,44938,804,13038,4541,8497,15490,6913,8577,181,105,76,1268,806,462,11445,5397,6048,2712,2144,14421,0.730663544868,train
tx_0000308,26832,12602,329,4390,620,3770,3845,591,3254,93,41,52,539,226,313,947,336,611,2459,1693,12537,0.469663088849,train
nv_0000036,48190,40575,222,5798,2522,3276,22744,9817,12927,500,341,159,999,395,604,5748,4230,1518,4564,1993,5622,0.841979663831,train
al_0000075,40528,27183,230,3484,1549,1935,9537,4481,5056,1088,666,422,566,359,207,2725,1485,1240,9553,1247,12098,0.67072147651,train
ky_0000060,76096,63153,122,10459,4499,5960,36102,18768,17334,884,332,552,1370,504,866,10394,5437,4957,3822,2952,9991,0.829912216148,train
fl_0000215,36591,30908,212,4326,1540,2786,14176,2613,11563,891,426,465,984,182,802,3708,1693,2015,6611,701,4982,0.844688584625,train
wa_0000125,49778,39452,534,7943,2720,5223,21673,10893,10780,402,205,197,1200,250,950,4159,2088,2071,3541,2493,7833,0.79255896179,train
ny_0000155,52918,40228,467,7240,2293,4947,24615,11667,12948,301,40,261,1408,729,679,3935,2662,1273,2262,1921,10769,0.760195018708,train
pa_0000107,56729,47362,861,10679,3452,7227,27184,10034,17150,718,304,414,2043,182,1861,3818,1724,2094,2059,923,8444,0.834881630207,train
ca_0000370,55670,42680,267,12148,4169,7979,20605,6960,13645,1630,771,859,419,126,293,5646,3024,2622,1965,1361,11629,0.766660679001,train
al_0000069,45054,25534,254,7461,2210,5251,10799,4491,6308,878,298,580,278,76,202,4651,1708,2943,1213,2914,16606,0.566742131664,train
tx_0000392,44358,33833,69,2717,1222,1495,19496,9503,9993,728,422,306,1603,286,1317,4019,2785,1234,5201,1587,8938,0.762726002074,train
oh_0000163,54965,36684,724,8082,2055,6027,19532,5677,13855,367,210,157,1793,381,1412,3289,1586,1703,2897,2420,15861,0.667406531429,train
ak_0000020,58041,51383,652,8303,3815,4488,31107,16246,14861,147,147,0,1515,722,793,6285,4063,2222,3374,1674,4984,0.885287986079,train
oh_0000114,41931,32933,484,6461,1403,5058,17579,3822,13757,2312,937,1375,560,0,560,3473,1460,2013,2064,1183,7815,0.785409363001,train
nj_0000122,40559,32722,213,1552,859,693,16789,5566,11223,7071,2744,4327,396,301,95,6023,3768,2255,678,2068,5769,0.806775314973,train
ca_0000425,34962,23813,936,5406,1740,3666,5870,3690,2180,656,396,260,3308,1040,2268,3830,1533,2297,3807,918,10231,0.681110920428,train
mn_0000071,57623,43169,608,7522,2369,5153,22719,7114,15605,1783,706,1077,2415,746,1669,4452,1771,2681,3670,3186,11268,0.749162660743,train
az_0000066,46737,40928,300,4214,1823,2391,28371,12319,16052,406,75,331,1421,454,967,3740,2049,1691,2476,1603,4206,0.875708753236,train
ca_0000514,59924,48984,364,10921,6253,4668,29637,19839,9798,625,388,237,718,269,449,4331,2587,1744,2388,1592,9348,0.817435418196,train
in_0000106,39311,26137,518,7767,2225,5542,11277,3649,7628,699,165,534,931,201,730,2672,1358,1314,2273,849,12325,0.664877515199,train
az_0000106,35478,23675,370,6198,1284,4914,10057,2528,7529,403,188,215,2370,803,1567,2891,1022,1869,1386,2281,9522,0.667314955747,train
nc_0000146,49764,39562,446,10661,4747,5914,22188,9672,12516,470,238,232,510,83,427,3555,2241,1314,1732,1989,8213,0.794992363958,train
oh_0000100,43600,31712,694,4363,1930,2433,19263,5969,13294,43,0,43,1373,421,952,3752,2419,1333,2224,2607,9281,0.727339449541,train
pr_0000068,34750,17478,741,5637,689,4948,5338,1438,3900,219,0,219,1446,513,933,1399,888,511,2698,589,16683,0.502964028777,train
mn_0000103,50745,37620,831,9764,3287,6477,13291,5648,7643,1736,838,898,3014,795,2219,3355,1509,1846,5629,1541,11584,0.741353827963,train
ma_0000082,38499,25604,211,3887,982,2905,18038,6212,11826,474,190,284,607,141,466,1802,1257,545,585,2026,10869,0.665056235227,train
al_0000071,62023,43900,707,12957,3884,9073,16647,5464,11183,1411,411,1000,982,348,634,8292,3757,4535,2904,3332,14791,0.70780194444,train
il_0000211,45604,23574,259,4866,2215,2651,10298,3412,6886,617,491,126,423,45,378,2994,1638,1356,4117,4022,18008,0.516928339619,train
nc_0000141,60068,53325,298,8395,3727,4668,32087,14384,17703,2989,2086,903,710,277,433,5859,4548,1311,2987,1371,5372,0.887743890258,train
fl_0000169,69035,51645,952,12354,4470,7884,25683,6513,19170,1284,422,862,2181,412,1769,6358,3625,2733,2833,4235,13155,0.748098790469,train
tx_0000217,42452,40560,432,7168,3766,3402,12677,5445,7232,14767,7284,7483,396,244,152,3604,2460,1144,1516,147,1745,0.955432017337,train
ky_0000040,45541,34516,441,5155,2115,3040,19643,8579,11064,221,0,221,1227,344,883,2584,1842,742,5245,3746,7279,0.757910454316,train
il_0000150,54161,40104,410,8149,3052,5097,21839,10338,11501,2842,1701,1141,918,369,549,2109,1096,1013,3837,1555,12502,0.740459001865,train
ia_0000042,52312,40592,286,3356,1025,2331,19217,7732,11485,7756,4452,3304,744,437,307,6837,4203,2634,2396,1190,10530,0.775959626854,train
ny_0000204,39252,34232,161,877,332,545,22003,6534,15469,7375,2486,4889,57,42,15,3522,2179,1343,237,1847,3173,0.872108427596,train
ky_0000058,38984,30001,351,6455,2910,3545,12344,6216,6128,1635,801,834,2935,766,2169,3664,2215,1449,2617,884,8099,0.769572132157,train
ga_0000094,51364,44074,142,8280,3181,5099,21437,10353,11084,1903,925,978,887,652,235,8903,5363,3540,2522,2158,5132,0.858071801262,train
ca_0000494,48413,42069,682,6340,2580,3760,25115,11933,13182,1553,1036,517,1135,306,829,6256,4251,2005,988,1168,5176,0.86896081631,train
ca_0000515,62851,47133,79,10828,5757,5071,23756,13825,9931,2847,2304,543,991,767,224,6866,4267,2599,1766,2902,12816,0.749916469109,train
ia_0000053,46635,37977,677,11925,6816,5109,15861,7534,8327,577,183,394,1121,571,550,4026,2263,1763,3790,2691,5967,0.814345448697,train
fl_0000149,41392,32397,280,9553,4460,5093,15152,8036,7116,427,162,265,1415,689,726,3236,1582,1654,2334,2296,6699,0.782687475841,train
la_0000070,40762,31305,0,2797,1000,1797,12558,5207,7351,10310,5221,5089,88,0,88,3290,1533,1757,2262,2758,6699,0.767994700947,train
ar_0000041,81198,60265,432,14029,3134,10895,33002,9320,23682,2194,752,1442,2108,749,1359,5077,2081,2996,3423,3801,17132,0.742198083697,train
mo_0000088,52074,43420,357,12050,6106,5944,19708,9385,10323,3220,1068,2152,1100,264,836,5075,3410,1665,1910,817,7837,0.833813419365,train
ca_0000553,45116,36102,530,6604,2509,4095,17916,9391,8525,1725,631,1094,1108,209,899,4765,2631,2134,3454,2657,6357,0.800203918787,train
il_0000192,50823,44674,504,9173,4956,4217,23694,13277,10417,1472,1143,329,988,816,172,7389,4986,2403,1454,963,5186,0.879011471184,train
ks_0000048,67940,58771,241,6241,2995,3246,39434,21686,17748,2951,1978,973,645,459,186,5296,2553,2743,3963,1269,7900,0.865042684722,train
wa_0000102,70611,62138,564,9643,5384,4259,38795,21095,17700,438,236,202,843,686,157,7945,6127,1818,3910,2652,5821,0.880004531872,train
il_0000176,44931,39986,285,7670,4249,3421,24208,13610,10598,1583,1293,290,557,246,311,3709,2149,1560,1974,1091,3854,0.889942356057,train
tx_0000240,40322,29675,94,7172,2848,4324,9457,3370,6087,4698,2315,2383,484,114,370,6359,2706,3653,1411,883,9764,0.735950597689,train
mi_0000151,61667,56245,299,6553,2915,3638,38819,20403,18416,1976,1042,934,583,200,383,5832,4195,1637,2183,1209,4213,0.91207615094,train
va_0000125,50166,43414,194,3329,588,2741,18547,7907,10640,11926,6346,5580,239,26,213,7988,3575,4413,1191,759,5993,0.86540684926,train
oh_0000131,48584,33375,1165,6039,1038,5001,16555,4279,12276,1026,221,805,1686,222,1464,2997,1613,1384,3907,3567,11642,0.686954552939,train
tn_0000083,46012,35212,83,5154,1119,4035,11806,4746,7060,13067,3627,9440,157,0,157,3378,1665,1713,1567,858,9942,0.765278622968,train
fl_0000277,46313,35966,438,3443,845,2598,23779,8473,15306,1210,861,349,281,82,199,4727,2269,2458,2088,1407,8940,0.776585407985,train
ny_0000269,38752,26512,265,2859,354,2505,7916,1477,6439,10606,2100,8506,387,51,336,3193,1738,1455,1286,1452,10788,0.684145334434,train
pa_0000170,39360,32250,131,3176,889,2287,15848,4833,11015,9744,4765,4979,245,150,95,2662,1443,1219,444,946,6164,0.819359756098,train
md_0000078,41739,35895,30,3303,558,2745,8807,3556,5251,14164,5410,8754,423,170,253,8491,4482,4009,677,1235,4609,0.85998706246,train
nc_0000124,40989,26178,727,9834,3532,6302,7855,2496,5359,1787,588,1199,832,198,634,3915,1991,1924,1228,1042,13769,0.638659152456,train
nc_0000166,40047,31549,321,4203,1842,2361,20425,10791,9634,258,189,69,494,53,441,2805,1399,1406,3043,1496,7002,0.78779933578,train
wy_0000019,45451,34622,574,12981,5075,7906,9056,3230,5826,580,456,124,3478,654,2824,3897,1835,2062,4056,1864,8965,0.761743415986,train
tx_0000223,43601,41635,296,3844,1553,2291,9053,4218,4835,20921,10670,10251,480,266,214,5560,3073,2487,1481,858,1108,0.954909291071,train
co_0000074,57801,44848,45,9563,4267,5296,24358,10252,14106,1026,379,647,1135,583,552,5413,2935,2478,3308,1408,11545,0.775903531081,train
oh_0000103,62918,51986,1116,13164,5408,7756,26800,10328,16472,411,25,386,1142,559,583,5214,2890,2324,4139,2372,8560,0.826250039734,train
tx_0000273,52655,40576,220,5770,2990,2780,21302,10300,11002,1468,884,584,1968,738,1230,5903,4035,1868,3945,4062,8017,0.770601082518,train
tx_0000194,62941,39476,657,12132,3256,8876,11255,2917,8338,1595,665,930,3582,1490,2092,6919,3506,3413,3336,3085,20380,0.627190543525,train
fl_0000296,49937,34903,249,4544,998,3546,21434,7368,14066,1331,399,932,859,312,547,3205,1785,1420,3281,1160,13874,0.698940665238,train
il_0000180,51704,45884,86,7807,3590,4217,27865,15024,12841,1350,614,736,600,412,188,5224,3222,2002,2952,1251,4569,0.887436175151,train
nc_0000125,43539,27365,1539,7932,2634,5298,13150,3549,9601,206,79,127,1038,165,873,1991,1006,985,1509,943,15231,0.628516961804,train
ga_0000155,35864,31642,207,10139,4592,5547,12779,5385,7394,859,350,509,952,468,484,3273,2195,1078,3433,687,3535,0.88227749275,train
id_0000033,43717,34547,1150,11020,3841,7179,14481,6410,8071,448,274,174,731,297,434,3040,1462,1578,3677,2386,6784,0.790241782373,train
ct_0000054,39100,35719,263,2753,1056,1697,27574,13226,14348,917,643,274,238,238,0,3252,2298,954,722,393,2988,0.913529411765,train
ca_0000379,58884,53932,466,16607,6191,10416,28245,10219,18026,1242,883,359,598,381,217,5848,3236,2612,926,832,4120,0.915902452279,train
ny_0000142,37805,32269,518,4046,1366,2680,23751,10005,13746,106,106,0,181,26,155,2033,1205,828,1634,820,4716,0.853564343341,train
ca_0000491,63219,52445,510,6188,2577,3611,34882,15695,19187,1007,361,646,1013,248,765,6987,3049,3938,1858,1809,8965,0.829576551353,train
nj_0000112,38401,32496,256,2301,974,1327,15143,7683,7460,10363,5272,5091,173,38,135,3725,1955,1770,535,1270,4635,0.846227962813,train
oh_0000173,43491,25812,1379,4639,1825,2814,10983,3199,7784,166,111,55,3255,771,2484,1882,813,1069,3508,3560,14119,0.593502103884,train
ok_0000056,48695,30287,840,11894,4275,7619,7131,2483,4648,588,210,378,3246,1046,2200,2123,1031,1092,4465,2212,16196,0.621973508574,train
wa_0000114,44365,33518,243,4871,1556,3315,21894,8483,13411,825,589,236,1041,648,393,2547,1712,835,2097,3291,7556,0.755505466021,train
md_0000080,33604,23086,154,1978,425,1553,10682,2663,8019,6100,1789,4311,448,0,448,2837,1055,1782,887,1507,9011,0.687001547435,train
ma_0000121,49568,39873,1119,5186,1137,4049,27475,8800,18675,154,79,75,654,160,494,4291,1772,2519,994,1939,7756,0.804410103292,train
tx_0000344,35241,30710,277,6670,2834,3836,16082,10328,5754,1059,343,716,593,261,332,3639,2443,1196,2390,293,4238,0.871428166057,train
md_0000076,74529,67096,505,6233,2853,3380,21316,11221,10095,27426,16044,11382,616,394,222,8588,6023,2565,2412,2137,5296,0.900267010157,train
ut_0000057,42898,35282,614,9587,3784,5803,13678,5300,8378,1179,603,576,4024,1526,2498,2983,1965,1018,3217,1327,6289,0.822462585668,train
pa_0000094,51123,36081,1209,12828,3368,9460,14761,3955,10806,516,165,351,1238,403,835,2703,1037,1666,2826,2595,12447,0.705768440819,train
mi_0000111,59666,44066,847,8687,2700,5987,25536,10273,15263,238,76,162,1670,441,1229,4310,1683,2627,2778,3172,12428,0.738544564744,train
fl_0000278,63106,46120,543,6848,1644,5204,25761,10671,15090,3183,1636,1547,1014,603,411,5263,2604,2659,3508,2766,14220,0.730833835135,train
in_0000090,42025,27400,741,7025,2322,4703,11778,3727,8051,1452,798,654,459,265,194,2844,997,1847,3101,2041,12584,0.651992861392,train
ms_0000047,50036,23206,800,8170,1967,6203,4891,1633,3258,315,123,192,2290,553,1737,3383,1347,2036,3357,3603,23227,0.463786074027,train
tn_0000100,45952,28801,790,10909,4781,6128,7881,3133,4748,920,384,536,1251,205,1046,4310,2947,1363,2740,3150,14001,0.626762708914,train
va_0000095,43986,30307,814,9104,3554,5550,8828,3556,5272,527,390,137,4005,1827,2178,2410,1259,1151,4619,2625,11054,0.689014686491,train
tx_0000221,45225,37549,196,3541,1664,1877,12125,7261,4864,11903,6502,5401,428,147,281,7997,5855,2142,1359,1150,6526,0.830270867883,train
mi_0000148,63376,55547,217,6382,3056,3326,40114,18424,21690,1228,338,890,613,354,259,4647,1991,2656,2346,2005,5824,0.876467432467,train
ny_0000131,52566,39781,435,6425,1999,4426,23338,10404,12934,538,55,483,1784,759,1025,2514,1379,1135,4747,2435,10350,0.75678195031,train
or_0000061,34831,24931,268,3049,711,2338,14409,4680,9729,715,79,636,1262,303,959,2645,1319,1326,2583,2202,7698,0.715770434383,train
nm_0000041,44231,30196,544,9673,2524,7149,13380,5006,8374,614,246,368,596,139,457,2410,888,1522,2979,1414,12621,0.682688612059,train
mi_0000163,49940,31160,330,4263,1853,2410,19806,7650,12156,595,306,289,340,82,258,4934,2360,2574,892,8396,10384,0.623948738486,train
ca_0000407,35943,27237,77,7479,4046,3433,10518,5501,5017,987,516,471,338,272,66,3494,1986,1508,4344,1306,7400,0.757783156665,train
tx_0000372,39798,21107,306,7785,1169,6616,7097,2579,4518,720,256,464,279,107,172,2708,1096,1612,2212,3610,15081,0.530353284085,train
al_0000060,42369,26414,675,6892,2435,4457,12544,4656,7888,454,112,342,1018,280,738,3174,1198,1976,1657,1693,14262,0.62342750596,train
wa_0000072,85212,68413,1061,15890,7161,8729,31510,13573,17937,1335,506,829,2900,1114,1786,9388,5028,4360,6329,3030,13769,0.802856405201,train
nj_0000101,38992,34254,239,2124,816,1308,24893,12386,12507,2752,1431,1321,100,70,30,3458,1601,1857,688,686,4052,0.878487894953,train
nc_0000165,37612,27672,244,4524,1468,3056,16750,6782,9968,571,208,363,585,243,342,3224,1482,1742,1774,1609,8331,0.73572264171,train
md_0000059,48871,38078,663,3305,1431,1874,16927,6134,10793,10207,4651,5556,214,155,59,4974,3242,1732,1788,1281,9512,0.779153281087,train
md_0000062,41157,32421,365,2472,677,1795,13664,5235,8429,9253,4102,5151,112,41,71,5572,3544,2028,983,1813,6923,0.787739631168,train
pr_0000059,46143,15696,191,2919,1426,1493,9150,4244,4906,310,54,256,328,246,82,399,157,242,2399,865,29582,0.340159937585,train
ny_0000237,61523,44828,182,2250,430,1820,18833,3868,14965,16205,3874,12331,495,134,361,5488,2718,2770,1375,2664,14031,0.728638070315,train
mo_0000074,42061,35008,427,7009,3737,3272,19330,9006,10324,2225,1582,643,1160,335,825,1740,790,950,3117,1740,5313,0.832314971113,train
nj_0000106,38936,35143,212,2141,542,1599,20677,7776,12901,8624,4283,4341,85,0,85,2781,1440,1341,623,1429,2364,0.902583727142,train
va_0000113,53255,39714,613,3593,1191,2402,20920,12296,8624,8154,5707,2447,527,504,23,4039,2121,1918,1868,2259,11282,0.745732795043,train
pr_0000065,46946,21060,560,5506,753,4753,8073,2826,5247,0,0,0,461,74,387,507,151,356,5953,1452,24434,0.448600519746,train
nh_0000032,48132,38329,587,14662,3691,10971,17201,5275,11926,404,174,230,1223,278,945,2836,1013,1823,1416,2087,7716,0.796330923294,train
ca_0000383,58511,42682,526,14463,3790,10673,18468,6213,12255,859,492,367,1142,346,796,5515,2532,2983,1709,2722,13107,0.729469672369,train
nj_0000113,36924,31908,123,1891,900,991,13996,5101,8895,11444,5630,5814,40,40,0,3980,1930,2050,434,1017,3999,0.864153396165,train
md_0000069,54411,36814,337,4752,1189,3563,23145,7414,15731,1383,1033,350,635,311,324,3691,2152,1539,2871,2347,15250,0.67659113047,train
az_0000088,33619,21987,428,3253,1230,2023,12252,4407,7845,701,361,340,787,333,454,3306,1551,1755,1260,3042,8590,0.654005175645,train
ms_0000042,35959,22136,466,6211,2247,3964,2911,1285,1626,974,443,531,2002,909,1093,6112,4304,1808,3460,724,13099,0.615589977474,train
mo_0000072,38029,29272,107,7079,2820,4259,14151,6789,7362,1066,455,611,1538,758,780,2291,967,1324,3040,2955,5802,0.769728365195,train
tx_0000302,35682,22216,74,5794,3633,2161,8177,4629,3548,693,314,379,301,214,87,1469,809,660,5708,1975,11491,0.6226108402,train
ga_0000085,39586,29793,875,10239,2775,7464,11900,3533,8367,262,141,121,567,41,526,3299,1722,1577,2651,2038,7755,0.752614560703,train
nj_0000125,35047,30439,126,1300,685,615,10847,5276,5571,10912,4937,5975,175,130,45,6403,3873,2530,676,359,4249,0.868519416783,train
ca_0000540,35139,27269,542,8413,2468,5945,11179,3774,7405,89,49,40,2964,721,2243,2584,1265,1319,1498,2860,5010,0.776032328752,train
mn_0000091,51933,39637,800,10276,3609,6667,21242,10509,10733,416,277,139,1115,736,379,3196,1823,1373,2592,2166,10130,0.763233396877,train
tx_0000254,51985,41275,492,10065,4427,5638,16893,8427,8466,3425,1904,1521,1117,407,710,6989,4485,2504,2294,3663,7047,0.793979032413,train
wa_0000105,51040,41973,526,7340,3826,3514,24619,14124,10495,1069,531,538,622,546,76,3954,3197,757,3843,1240,7827,0.822355015674,train
la_0000063,44353,29555,74,6540,774,5766,12939,4144,8795,1805,424,1381,1184,176,1008,5813,1987,3826,1200,2835,11963,0.666358532681,train
oh_0000113,58127,48521,642,11981,4126,7855,25373,8397,16976,2589,1058,1531,496,140,356,4793,2797,1996,2647,1511,8095,0.834741170196,train
az_0000080,33536,21638,185,4760,921,3839,13327,4503,8824,46,0,46,513,159,354,1804,813,991,1003,2010,9888,0.645217080153,train
fl_0000273,45993,34863,183,5400,1617,3783,23559,5687,17872,1777,645,1132,207,34,173,3010,1025,1985,727,1347,9783,0.758006653186,train
sc_0000063,66480,49633,634,8118,2558,5560,20280,8354,11926,2702,658,2044,1456,622,834,14031,3907,10124,2412,2709,14138,0.74658543923,train
ma_0000087,48587,38674,40,4336,1931,2405,28976,13267,15709,1097,393,704,875,444,431,2598,1387,1211,752,1604,8309,0.79597423179,train
dc_0000012,46182,33740,446,7396,3721,3675,18213,11100,7113,1393,998,395,669,274,395,3973,2347,1626,1650,2270,10172,0.730587674852,train
ca_0000563,45616,33862,408,10038,4671,5367,13862,5893,7969,2199,884,1315,570,329,241,2262,1074,1188,4523,2470,9284,0.742327253595,train
ms_0000051,49263,33408,523,9244,1558,7686,16367,4188,12179,491,272,219,1845,309,1536,3389,1340,2049,1549,2043,13812,0.678156019731,train
ma_0000116,37654,29406,104,1945,901,1044,19640,5747,13893,2799,1249,1550,311,278,33,3729,1669,2060,878,1002,7246,0.780952886811,train
oh_0000134,45706,35138,668,6099,2277,3822,16776,7318,9458,2294,1112,1182,2345,904,1441,3618,1374,2244,3338,1532,9036,0.768783091935,train
nc_0000152,42464,30692,530,10112,3454,6658,11259,5054,6205,781,482,299,1014,525,489,4436,1795,2641,2560,1696,10076,0.722776940467,train
ny_0000196,36714,31771,0,956,273,683,19634,4898,14736,6066,2310,3756,119,0,119,4435,2174,2261,561,525,4418,0.865364711009,train
tx_0000314,39865,21887,0,4358,1764,2594,7832,2755,5077,436,268,168,873,414,459,5555,3439,2116,2833,1844,16134,0.549027969397,train
mn_0000081,64321,50169,746,11688,4826,6862,27992,13855,14137,773,379,394,488,280,208,4665,2398,2267,3817,3739,10413,0.77997854511,train
tn_0000062,71914,54410,801,10445,3082,7363,23600,9589,14011,7986,3880,4106,2506,1141,1365,4084,1754,2330,4988,2715,14789,0.756598158912,train
dc_0000014,76624,61939,537,10339,5316,5023,38817,22067,16750,2478,1168,1310,484,216,268,5625,2860,2765,3659,5604,9081,0.808349864272,train
ri_0000029,50804,37969,272,1956,842,1114,20334,8301,12033,8454,4791,3663,127,76,51,5158,2338,2820,1668,1527,11308,0.747362412408,train
me_0000028,72120,52990,1398,18413,4500,13913,20329,5416,14913,885,421,464,2703,868,1835,6410,2268,4142,2852,2958,16172,0.734747642818,train
hi_0000026,43778,35822,215,4345,2744,1601,23814,13037,10777,486,288,198,301,276,25,4167,2735,1432,2494,1205,6751,0.818264881904,train
tx_0000226,42527,35049,163,8633,2435,6198,11891,5409,6482,5010,1943,3067,2388,661,1727,3027,1463,1564,3937,1987,5491,0.824158769723,train
il_0000215,44034,26518,345,5565,2206,3359,12094,4818,7276,837,624,213,1262,577,685,4338,2213,2125,2077,2584,14932,0.602216469092,train
oh_0000186,49587,39410,488,7353,3206,4147,21651,10898,10753,3117,1769,1348,391,139,252,3655,1997,1658,2755,1847,8330,0.794764756892,train
tx_0000275,36802,20945,716,5900,1635,4265,5149,1607,3542,560,135,425,1851,460,1391,3345,1785,1560,3424,4383,11474,0.569126677898,train
nj_0000083,58580,47147,445,3971,1294,2677,28186,7714,20472,10140,3596,6544,107,107,0,3651,1746,1905,647,1073,10360,0.804831000341,train
az_0000077,25140,8573,250,1522,217,1305,5035,1288,3747,39,39,0,144,27,117,850,599,251,733,1436,15131,0.341010342084,train
va_0000106,54478,38342,817,7660,4361,3299,19751,10540,9211,717,465,252,1900,731,1169,3606,2229,1377,3891,1900,14236,0.703807041374,train
nm_0000043,41028,26563,448,7616,2088,5528,11081,4551,6530,760,188,572,221,73,148,3400,1961,1439,3037,1726,12739,0.647435897436,train
ms_0000046,66752,34033,968,8735,2505,6230,5225,1897,3328,326,153,173,4889,1446,3443,6701,3127,3574,7189,2876,29843,0.509842401726,train
va_0000121,77900,68840,302,4052,1714,2338,19123,8403,10720,26241,8949,17292,768,124,644,7057,4214,2843,11297,2449,6611,0.883697047497,train
tx_0000262,42253,37160,208,8653,4551,4102,7859,3397,4462,10870,7135,3735,1264,702,562,5991,3690,2301,2315,1542,3551,0.879464180058,train
pa_0000137,50640,38643,796,6757,2802,3955,26071,9831,16240,617,312,305,435,9,426,2284,1206,1078,1683,1146,10851,0.763092417062,train
ny_0000189,71036,55268,245,2592,750,1842,21849,10593,11256,9772,5084,4688,551,153,398,18703,14160,4543,1556,2083,13685,0.778028042119,train
ca_0000392,54945,30556,669,10746,2797,7949,11267,3646,7621,1062,430,632,639,217,422,3820,1444,2376,2353,4297,20092,0.55611975612,train
sc_0000067,71918,43632,1284,12881,1942,10939,20227,3358,16869,1383,347,1036,1237,280,957,4638,2075,2563,1982,3965,24321,0.606690953586,train
ca_0000382,71603,44703,280,12980,5085,7895,21338,9917,11421,1204,404,800,624,107,517,4446,2664,1782,3831,2884,24016,0.624317416868,train
ny_0000259,42768,35725,107,2501,776,1725,15526,6349,9177,12552,6280,6272,140,46,94,4328,2594,1734,571,1063,5980,0.835320800599,train
sc_0000074,54749,42254,496,7436,2889,4547,25283,9049,16234,2017,627,1390,502,116,386,4524,2064,2460,1996,3136,9359,0.771776653455,train
ca_0000321,44517,30053,1003,11182,4355,6827,4025,1248,2777,465,168,297,6612,2033,4579,4584,2640,1944,2182,1823,12641,0.675090414898,train
ca_0000571,40629,34433,52,4967,2588,2379,12028,7106,4922,7538,4526,3012,416,189,227,8146,4715,3431,1286,1073,5123,0.847498092496,train
tn_0000093,49983,37716,472,5424,2011,3413,25044,12548,12496,937,551,386,867,562,305,3274,1566,1708,1698,2372,9895,0.754576556029,train
ca_0000419,43686,36031,266,6037,2626,3411,20528,12053,8475,981,734,247,679,357,322,6163,3016,3147,1377,1540,6115,0.824772238246,train
co_0000089,39365,27424,505,9168,2728,6440,5996,2854,3142,333,84,249,5396,1696,3700,4055,1681,2374,1971,1431,10510,0.696659469072,train
nm_0000040,42426,35782,539,11013,5413,5600,17577,8336,9241,983,599,384,781,350,431,4236,1782,2454,653,1813,4831,0.843397916372,train
il_0000216,47271,40583,423,10576,4532,6044,19330,11043,8287,1697,549,1148,2721,838,1883,3309,1605,1704,2527,964,5724,0.858517907385,train
la_0000077,41013,32963,227,8583,4530,4053,15870,8426,7444,1358,666,692,1053,950,103,3182,2358,824,2690,1188,6862,0.803720771463,train
oh_0000177,49794,38426,736,6888,2944,3944,19357,7191,12166,3170,1203,1967,595,69,526,4067,1986,2081,3613,1459,9909,0.771699401534,train
me_0000024,44087,29432,764,9726,1751,7975,10756,2828,7928,341,168,173,2311,495,1816,3324,1333,1991,2210,1559,13096,0.667589085218,train
md_0000060,42378,34320,539,1776,341,1435,17813,5161,12652,8267,4097,4170,478,198,280,4498,3518,980,949,986,7072,0.809854169616,train
mn_0000097,45028,36408,569,11944,3711,8233,14931,5918,9013,1514,947,567,634,131,503,3522,1974,1548,3294,1722,6898,0.808563560451,train
ny_0000236,48537,37783,44,1735,589,1146,13745,4377,9368,16583,4784,11799,447,58,389,4796,2135,2661,433,1661,9093,0.778437068628,train
ca_0000395,56817,35979,314,11035,4563,6472,13414,3789,9625,665,322,343,1421,512,909,6602,4074,2528,2528,3627,17211,0.633243571466,train
pa_0000101,55223,39213,1103,13802,3462,10340,19273,5098,14175,224,101,123,819,146,673,3158,1250,1908,834,1974,14036,0.710084566213,train
il_0000167,49593,43468,251,8906,2426,6480,26317,11604,14713,1283,678,605,994,158,836,4305,2657,1648,1412,1434,4691,0.876494666586,train
ia_0000039,48495,35867,764,9114,3402,5712,12585,4647,7938,2517,1140,1377,1893,660,1233,5850,3147,2703,3144,2222,10406,0.739602020827,train
tn_0000084,44677,36253,288,4765,1580,3185,13263,5044,8219,13060,5459,7601,302,50,252,2618,1065,1553,1957,1317,7107,0.811446605636,train
wv_0000027,43031,24760,837,9138,1591,7547,6880,1715,5165,1060,21,1039,3157,180,2977,2260,502,1758,1428,2620,15651,0.575399130859,train
in_0000121,52838,41875,678,8548,2986,5562,15770,6994,8776,10532,1832,8700,633,362,271,3994,1940,2054,1720,2006,8957,0.792516749309,train
ca_0000566,39730,33364,53,8514,4223,4291,14873,8407,6466,2703,1792,911,620,154,466,5046,3197,1849,1555,408,5958,0.839768436949,train
in_0000110,51877,33870,435,7808,3965,3843,16165,7278,8887,1183,868,315,986,670,316,3521,1606,1915,3772,2144,15863,0.652890490969,train
ma_0000083,52537,45807,441,2012,976,1036,20100,8600,11500,15833,9270,6563,282,0,282,6580,3819,2761,559,779,5951,0.871899803948,train
fl_0000177,41706,33773,527,7632,2761,4871,15608,8027,7581,566,281,285,476,267,209,7249,1470,5779,1715,950,6983,0.809787560543,train
co_0000059,37830,31859,86,7477,3447,4030,13648,7590,6058,74,63,11,2605,675,1930,4029,2378,1651,3940,2038,3933,0.842162305049,train
oh_0000184,43689,34072,708,6343,3258,3085,17745,8617,9128,4372,1833,2539,440,159,281,2856,1606,1250,1608,2079,7538,0.779875941312,train
tn_0000106,45064,40063,513,9867,4064,5803,21348,9703,11645,2431,1058,1373,544,133,411,3671,1956,1715,1689,1888,3113,0.889024498491,train
tx_0000350,53132,32819,1033,7198,1630,5568,9738,3448,6290,856,242,614,4746,1288,3458,4031,1423,2608,5217,4399,15914,0.617688022284,train
wi_0000094,51469,42963,188,9273,5296,3977,26302,15209,11093,1666,897,769,252,147,105,2696,1451,1245,2586,2003,6503,0.834735471837,train
tx_0000365,47707,29780,1186,5367,1933,3434,3449,1326,2123,589,216,373,6257,2813,3444,5659,3387,2272,7273,1692,16235,0.624227052634,train
sc_0000050,73633,46572,809,15886,5100,10786,14584,5291,9293,2671,1048,1623,2952,1017,1935,6212,2765,3447,3458,4172,22889,0.632488150693,train
mo_0000106,56645,38126,990,13109,4989,8120,9682,4047,5635,1666,739,927,2965,1223,1742,5392,2443,2949,4322,4066,14453,0.673069114661,train
oh_0000161,54372,38037,439,7398,2335,5063,21103,8690,12413,868,540,328,951,166,785,3749,2089,1660,3529,2890,13445,0.699569631428,train
tn_0000061,54640,33710,455,11081,5267,5814,9660,2930,6730,983,339,644,3871,2010,1861,2595,847,1748,5065,1744,19186,0.616947291362,train
tx_0000310,31517,19996,471,3851,2058,1793,7046,3595,3451,327,143,184,138,138,0,3447,1702,1745,4716,2002,9519,0.634451248533,train
mi_0000156,49365,40188,343,4452,870,3582,28457,7504,20953,1022,270,752,403,270,133,4036,2107,1929,1475,1635,7542,0.814099058037,train
oh_0000182,53019,30974,418,3980,1404,2576,15588,5446,10142,3655,1900,1755,735,150,585,4106,2196,1910,2492,4112,17933,0.584205662121,train
ca_0000570,33518,25850,127,7284,4088,3196,10777,4208,6569,1535,480,1055,722,258,464,4063,2109,1954,1342,1314,6354,0.771227400203,train
oh_0000096,42304,32218,941,6760,1962,4798,17340,5763,11577,163,37,126,1727,582,1145,2644,1159,1485,2643,2019,8067,0.761582829047,train
or_0000055,42673,33843,325,4635,2209,2426,22796,11707,11089,239,62,177,1009,405,604,2374,1319,1055,2465,1438,7392,0.793077590045,train
wa_0000088,42058,35246,240,7292,3575,3717,21463,11076,10387,358,284,74,973,347,626,2921,1808,1113,1999,1902,4910,0.838033192258,train
ca_0000495,41585,30241,328,3746,751,2995,20221,8402,11819,1819,670,1149,695,0,695,2714,933,1781,718,1099,10245,0.727209330287,train
tx_0000290,58690,37673,1332,15154,4818,10336,5825,2228,3597,1051,310,741,3283,924,2359,3992,2239,1753,7036,2909,18108,0.641898108707,train
tn_0000091,42076,26688,347,3444,796,2648,16499,5700,10799,727,302,425,337,70,267,2648,1370,1278,2686,2378,13010,0.634280825173,train
co_0000088,52311,42145,682,9735,4634,5101,23335,13284,10051,891,644,247,565,184,381,2720,1955,765,4217,1229,8937,0.805662289002,train
in_0000104,40793,26074,782,6117,2071,4046,9184,2055,7129,1357,442,915,2009,817,1192,3007,1345,1662,3618,1886,12833,0.639178290393,train
oh_0000143,55816,37472,1265,8460,1762,6698,17060,3899,13161,466,175,291,2154,346,1808,4997,1908,3089,3070,1274,17070,0.671348717214,train
md_0000063,47469,40670,491,4938,1464,3474,17216,6515,10701,11015,4660,6355,990,139,851,4470,2128,2342,1550,1242,5557,0.856769681266,train
ok_0000046,45310,26633,736,7001,1782,5219,7005,1748,5257,285,43,242,6264,1003,5261,2522,929,1593,2820,2037,16640,0.5877951887,train
mi_0000109,59007,38543,1492,5857,1342,4515,15582,4279,11303,460,82,378,5580,1476,4104,3487,1558,1929,6085,3078,17386,0.653193688884,train
fl_0000161,33643,21027,69,5130,1511,3619,10699,2442,8257,1022,503,519,0,0,0,3015,1264,1751,1092,1469,11147,0.625003715483,train
fl_0000252,38727,31800,440,8342,3540,4802,17104,7631,9473,1582,1148,434,243,76,167,2604,1570,1034,1485,1103,5824,0.821132543187,train
ms_0000031,59048,42357,275,11058,3772,7286,15432,6322,9110,809,369,440,2002,751,1251,10575,4748,5827,2206,3226,13465,0.717331662376,train
ca_0000502,37226,34166,250,4856,1900,2956,24042,7489,16553,1217,509,708,313,0,313,2760,1268,1492,728,1357,1703,0.917799387525,train
sc_0000066,55890,32709,985,12573,2316,10257,10905,3499,7406,751,405,346,1396,227,1169,4305,2536,1769,1794,3945,19236,0.58523886205,train
mi_0000146,50024,41072,629,5132,2000,3132,28777,10136,18641,758,304,454,574,73,501,3367,1819,1548,1835,1773,7179,0.821045897969,train
oh_0000160,51511,38196,564,7690,3155,4535,17455,7074,10381,146,135,11,3117,790,2327,3447,1711,1736,5777,2046,11269,0.741511521811,train
mi_0000119,59873,50274,690,9402,3794,5608,30114,14534,15580,1104,675,429,968,500,468,3653,2179,1474,4343,2340,7259,0.839677316988,train
in_0000088,62471,49787,1042,13666,6343,7323,25662,13591,12071,691,332,359,1026,583,443,5130,3553,1577,2570,1324,11360,0.796961790271,train
az_0000071,45760,29467,198,6400,1755,4645,16678,5608,11070,369,200,169,610,104,506,4120,2039,2081,1092,2596,13697,0.643946678322,train
ne_0000031,40539,29775,722,10141,3481,6660,8917,3727,5190,724,208,516,2601,1185,1416,3894,1717,2177,2776,2276,8488,0.734477910161,train
ny_0000214,35883,27996,0,635,279,356,17884,4177,13707,6022,1382,4640,172,172,0,2252,1142,1110,1031,576,7311,0.78020232422,train
ks_0000043,62096,42723,698,9687,2688,6999,16179,5325,10854,5220,1356,3864,2952,851,2101,5400,2429,2971,2587,3853,15520,0.6880153311,train
mn_0000072,44538,36800,364,11315,4013,7302,16066,6696,9370,799,206,593,1470,514,956,3756,2536,1220,3030,2299,5439,0.826260721182,train
la_0000056,57919,26891,1513,9801,2574,7227,3945,610,3335,684,24,660,2895,641,2254,3031,1229,1802,5022,2396,28632,0.46428633091,train
in_0000097,53519,35210,466,3441,617,2824,15075,4955,10120,10251,4549,5702,183,100,83,3618,1367,2251,2176,4425,13884,0.657897195389,train
ia_0000058,72954,51611,1356,12893,3768,9125,22048,7165,14883,1854,560,1294,3187,913,2274,6104,2508,3596,4169,3879,17464,0.707445787757,train
tx_0000396,43561,21733,333,5543,2046,3497,8745,3142,5603,1019,49,970,971,259,712,2038,606,1432,3084,2324,19504,0.498909575079,train
nj_0000148,37922,30950,281,739,507,232,18978,7698,11280,6276,3106,3170,127,88,39,3268,1884,1384,1281,915,6057,0.816148937292,train
az_0000105,48003,37640,502,8789,2269,6520,17336,3676,13660,522,271,251,2198,404,1794,4802,1807,2995,3491,1771,8592,0.784117659313,train
sc_0000057,61740,44190,442,13717,5970,7747,16671,7961,8710,813,510,303,1491,713,778,5314,2512,2802,5742,2660,14890,0.715743440233,train
mi_0000107,70634,47030,1028,10536,2765,7771,24300,6843,17457,896,237,659,2425,435,1990,4899,2133,2766,2946,5849,17755,0.665826655718,train
or_0000065,43925,34523,423,6069,3220,2849,21586,13212,8374,616,389,227,444,367,77,3108,2235,873,2277,1705,7697,0.785953329539,train
ky_0000066,45559,37911,381,5472,2404,3068,18475,9972,8503,2737,1104,1633,1491,43,1448,7663,3493,4170,1692,1772,5876,0.832129765798,train
ny_0000168,37524,30115,586,3970,1278,2692,20794,7613,13181,509,293,216,720,284,436,2445,1550,895,1091,1574,5835,0.802553032726,train
va_0000115,72087,54839,2155,11512,4936,6576,23274,12203,11071,1114,703,411,2928,1698,1230,5348,2830,2518,8508,2732,14516,0.760733558062,train
ca_0000354,39008,31252,395,4823,1751,3072,16162,7572,8590,3070,1320,1750,554,102,452,4015,2017,1998,2233,785,6971,0.801168990976,train
tx_0000369,33673,15531,314,3370,994,2376,7753,2320,5433,142,142,0,266,222,44,1413,684,729,2273,1696,16446,0.461230065631,train
nc_0000113,50818,39961,222,7954,3751,4203,23159,11655,11504,53,0,53,1137,384,753,3683,2293,1390,3753,1871,8986,0.786355228462,train
oh_0000109,51665,30867,175,8722,2688,6034,12425,5975,6450,933,554,379,935,437,498,4151,1982,2169,3526,4661,16137,0.597445078874,train
ms_0000041,48550,27610,526,7750,2446,5304,9325,3816,5509,301,152,149,450,192,258,7972,4543,3429,1286,2543,18397,0.568692070031,train
ca_0000320,40407,28277,936,8490,3083,5407,9410,4050,5360,524,85,439,2244,402,1842,5025,1674,3351,1648,1938,10192,0.699804489321,train
ca_0000517,43976,38293,571,10966,6203,4763,20242,13855,6387,1569,1178,391,578,242,336,2883,1857,1026,1484,891,4792,0.870770420229,train
wi_0000101,49678,35340,346,8320,2780,5540,20046,8385,11661,2182,1255,927,298,74,224,2172,1322,850,1976,1353,12985,0.711381295543,train
ok_0000042,43924,27521,869,13364,2475,10889,4211,1095,3116,1184,327,857,1831,442,1389,3801,1989,1812,2261,1684,14719,0.626559511884,train
az_0000084,39681,35685,399,8129,2088,6041,20765,8663,12102,484,377,107,1310,236,1074,3356,1437,1919,1242,1253,2743,0.899296892719,train
wa_0000087,42271,33655,479,7161,3130,4031,18243,9179,9064,514,247,267,397,138,259,3748,2004,1744,3113,1429,7187,0.796172316718,train
tn_0000103,42605,23810,388,5363,2030,3333,9347,3146,6201,638,209,429,761,384,377,5636,2156,3480,1677,3554,15241,0.558854594531,train
ca_0000430,85191,75511,577,7776,3548,4228,53179,33235,19944,2115,1032,1083,735,406,329,8949,5710,3239,2180,1203,8477,0.886372973671,train
nc_0000149,63398,42959,823,8726,2395,6331,24368,6893,17475,501,264,237,760,172,588,4789,1879,2910,2992,3432,17007,0.677608126439,train
ca_0000531,38707,32687,319,7305,3204,4101,18062,8082,9980,1408,742,666,179,47,132,3842,1587,2255,1572,1336,4684,0.84447257602,train
nj_0000131,41870,33960,961,12499,3425,9074,15224,4837,10387,91,0,91,793,216,577,3449,1706,1743,943,1255,6655,0.811081920229,train
md_0000089,49236,43445,659,1993,801,1192,13270,5314,7956,16998,8044,8954,273,0,273,9030,4892,4138,1222,838,4953,0.882382809327,train
tx_0000228,53393,40496,821,11618,3418,8200,6560,1971,4589,3110,998,2112,6434,1205,5229,3782,1581,2201,8171,2743,10154,0.758451482404,train
la_0000073,42419,28759,297,4472,1213,3259,17349,5288,12061,1452,339,1113,180,0,180,3223,966,2257,1786,999,12661,0.677974492562,train
ny_0000134,48493,40495,376,1333,784,549,20646,9322,11324,9089,3862,5227,287,48,239,7638,5163,2475,1126,1013,6985,0.835068979028,train
tn_0000085,43691,26013,483,8869,3186,5683,8280,3680,4600,694,325,369,2178,1342,836,1571,549,1022,3938,1335,16343,0.595385777391,train
la_0000084,40907,26238,298,6799,1921,4878,10000,2516,7484,641,179,462,357,127,230,6856,1053,5803,1287,2064,12605,0.641406116313,train
il_0000138,43938,29543,746,9431,3156,6275,7616,1819,5797,349,153,196,3595,796,2799,4047,1361,2686,3759,1468,12927,0.672379261687,train
md_0000092,65614,47448,945,8440,2616,5824,26929,9252,17677,464,354,110,1406,510,896,4673,2626,2047,4591,3517,14649,0.723138354619,train
tx_0000251,41152,37251,151,6621,2638,3983,12483,5656,6827,11240,5416,5824,255,126,129,4683,2886,1797,1818,318,3583,0.905205093313,train
nv_0000045,52984,36961,462,4757,1059,3698,23657,5342,18315,995,127,868,1075,187,888,2964,1562,1402,3051,2028,13995,0.69758795108,train
ca_0000474,34044,25958,315,9096,3718,5378,8496,3776,4720,874,191,683,875,218,657,4239,2783,1456,2063,2300,5786,0.762483844437,train
sc_0000068,77550,47489,744,12107,2950,9157,23922,5733,18189,423,113,310,1839,502,1337,4813,1785,3028,3641,3535,26526,0.612366215345,train
co_0000091,46233,37959,687,8637,3584,5053,20647,10575,10072,354,89,265,1459,683,776,3301,1919,1382,2874,1437,6837,0.821036921679,train
tx_0000293,53250,37646,691,6960,2683,4277,13672,4419,9253,309,112,197,2391,1284,1107,2051,1009,1042,11572,2391,13213,0.70696713615,train
wa_0000075,48488,37944,647,6241,2814,3427,24304,11407,12897,388,268,120,334,84,250,3164,1538,1626,2866,1263,9281,0.782544134631,train
ca_0000544,53343,44525,144,12071,2882,9189,21092,10178,10914,2326,925,1401,552,173,379,5443,3075,2368,2897,844,7974,0.834692461991,train
az_0000096,44728,29914,648,4007,1747,2260,18017,8714,9303,349,255,94,411,38,373,3234,1803,1431,3248,3602,11212,0.668798068324,train
il_0000204,56112,28691,598,7683,3232,4451,11612,5104,6508,1197,897,300,499,146,353,4167,2525,1642,2935,3385,24036,0.511316652409,train
ca_0000314,46195,36065,440,7996,4198,3798,16858,8988,7870,774,604,170,589,150,439,4826,2494,2332,4582,2453,7677,0.78071219829,train
oh_0000095,48325,36283,1085,8642,2415,6227,14239,5265,8974,887,262,625,3166,979,2187,4563,1510,3053,3701,1135,10907,0.750812209002,train
ny_0000228,44904,27874,275,3387,1341,2046,17399,5009,12390,1490,658,832,373,75,298,3559,1640,1919,1391,1487,15543,0.620746481383,train
wi_0000093,72057,53024,885,8780,2997,5783,32125,9927,22198,1223,348,875,1399,282,1117,4626,2350,2276,3986,3120,15913,0.735861887117,train
pa_0000148,50676,45116,322,2271,1319,952,22375,11305,11070,11968,6442,5526,277,237,40,6813,4384,2429,1090,1128,4432,0.890283368853,train
ca_0000352,47406,35890,313,6898,1308,5590,9616,2837,6779,1252,467,785,500,181,319,16519,1924,14595,792,766,10750,0.757077163228,train
nc_0000137,40614,29671,327,3526,1229,2297,14316,4140,10176,1478,322,1156,451,116,335,2161,1081,1080,7412,1242,9701,0.730560890333,train
ca_0000366,54183,42605,705,12006,4456,7550,19592,6469,13123,1255,502,753,820,401,419,6552,3377,3175,1675,2189,9389,0.786316741413,train
in_0000117,54118,37092,523,8797,2214,6583,16808,4787,12021,2194,782,1412,1234,219,1015,2210,1246,964,5326,2645,14381,0.685391182231,train
il_0000170,43595,36931,208,8162,3979,4183,20439,12740,7699,1495,840,655,360,175,185,4677,2879,1798,1590,989,5675,0.847138433307,train
tx_0000376,35622,29176,73,4977,2145,2832,14644,5464,9180,2045,982,1063,413,413,0,3784,2418,1366,3240,1782,4664,0.819044410757,train
il_0000145,61019,44210,414,9435,3474,5961,22614,7550,15064,576,156,420,2428,422,2006,5025,1483,3542,3718,1366,15443,0.724528425572,train
ia_0000057,48465,31199,831,7638,2345,5293,15030,4821,10209,580,114,466,1432,534,898,3478,1867,1611,2210,2901,14365,0.643742907253,train
wa_0000100,43047,37800,134,5276,1860,3416,23768,10603,13165,721,333,388,395,49,346,4401,2408,1993,3105,916,4331,0.87810997282,train
oh_0000151,40269,37190,157,3966,1843,2123,24756,13081,11675,2303,1443,860,464,464,0,4256,2407,1849,1288,609,2470,0.923539198887,train
tx_0000232,41072,32616,478,6355,2559,3796,14871,4887,9984,2863,1025,1838,648,289,359,3347,1861,1486,4054,1554,6902,0.794117647059,train
ny_0000167,43154,31008,811,10546,1915,8631,11163,2879,8284,706,163,543,2189,379,1810,4527,1204,3323,1066,1602,10544,0.718542892895,train
ca_0000458,42363,35470,250,8574,4576,3998,15060,9391,5669,3501,1523,1978,566,315,251,3797,1879,1918,3722,1537,5356,0.837287255388,train
ny_0000160,44882,35914,267,3856,1595,2261,27877,10293,17584,62,39,23,582,242,340,2430,1252,1178,840,1519,7449,0.800187157435,train
ca_0000312,63819,51785,305,12116,5612,6504,25164,11906,13258,1999,1029,970,588,174,414,7308,4967,2341,4305,2603,9431,0.811435465927,train
in_0000105,40804,26280,1750,8608,2561,6047,5718,2045,3673,555,117,438,2922,768,2154,2313,1157,1156,4414,1081,13443,0.64405450446,train
in_0000092,71056,50568,1126,14047,6013,8034,20421,8510,11911,1176,359,817,2156,409,1747,5191,2534,2657,6451,2137,18351,0.711664039631,train
pa_0000128,54473,40014,985,15254,5612,9642,16491,7126,9365,292,67,225,453,125,328,4062,1698,2364,2477,1615,12844,0.734565748169,train
ky_0000043,43502,27847,358,14737,4000,10737,6769,2442,4327,872,31,841,994,179,815,2829,853,1976,1288,1645,14010,0.640131488207,train
nj_0000100,41827,37738,103,2354,830,1524,23409,7577,15832,7207,3282,3925,172,172,0,3174,2011,1163,1319,1050,3039,0.902240179788,train
nv_0000033,50798,39524,279,12483,5206,7277,16453,7838,8615,1908,1313,595,1228,440,788,4665,2660,2005,2508,2485,8789,0.77806212843,train
ca_0000536,57927,52505,260,10508,3550,6958,33000,14706,18294,2813,1162,1651,533,453,80,3873,2380,1493,1518,842,4580,0.90639943377,train
or_0000052,64420,49753,1158,17003,5661,11342,21385,8302,13083,577,132,445,2146,429,1717,4431,1680,2751,3053,3450,11217,0.772322260168,train
tx_0000256,32261,28228,1513,5805,2247,3558,12434,3967,8467,3383,1521,1862,405,0,405,3751,2305,1446,937,1060,2973,0.874988376058,train
or_0000062,41448,32967,291,6116,2323,3793,19500,6566,12934,1051,317,734,1149,266,883,1999,1091,908,2861,1861,6620,0.795382165605,train
co_0000082,46337,39009,870,11938,4767,7171,17798,7248,10550,483,122,361,517,197,320,4985,2599,2386,2418,1577,5751,0.841854241751,train
fl_0000179,38986,27676,246,5834,1726,4108,14266,6551,7715,612,357,255,547,231,316,3492,2071,1421,2679,2363,8947,0.709895860052,train
sd_0000027,67095,51610,682,6088,1737,4351,32597,12606,19991,1156,202,954,755,368,387,6958,3015,3943,3374,3679,11806,0.76920783963,train
il_0000179,39204,34822,278,6148,2625,3523,20902,10435,10467,1998,985,1013,555,439,116,3113,1274,1839,1828,600,3782,0.888225691256,train
ga_0000107,63865,45133,384,23027,6779,16248,11325,2814,8511,42,42,0,1809,484,1325,4294,1812,2482,4252,2605,16127,0.70669380725,train
tn_0000099,41200,26289,209,7659,2990,4669,11597,3611,7986,2013,1040,973,496,161,335,2380,1256,1124,1935,2898,12013,0.638082524272,train
mo_0000078,37349,32194,161,7009,3348,3661,18152,10186,7966,2143,1468,675,766,225,541,2292,1806,486,1671,1119,4036,0.861977562987,train
fl_0000282,37974,24851,737,10318,2110,8208,7076,1599,5477,1003,210,793,1015,102,913,3509,1218,2291,1193,1751,11372,0.654421446253,train
nc_0000154,46834,32501,470,7029,2346,4683,18066,8130,9936,196,112,84,310,213,97,2090,1308,782,4340,1485,12848,0.693961651791,train
ca_0000496,41642,31727,228,5404,1535,3869,20277,4267,16010,1599,438,1161,1069,28,1041,2212,1441,771,938,1155,8760,0.761899044234,train
in_0000101,68442,52393,1050,9960,3920,6040,30973,11038,19935,979,422,557,1156,489,667,3597,1487,2110,4678,6781,9268,0.765509482482,train
ny_0000257,58518,40403,141,8135,548,7587,21941,5100,16841,4971,947,4024,634,473,161,2994,739,2255,1587,2476,15639,0.690437130456,train
nm_0000050,42743,29158,374,7909,3726,4183,9327,4867,4460,391,284,107,1053,282,771,2738,1532,1206,7366,781,12804,0.682170179913,train
nj_0000121,42185,25426,57,1387,297,1090,18814,5887,12927,834,310,524,123,123,0,3147,1410,1737,1064,2659,14100,0.602726087472,train
tn_0000072,51574,37809,587,8623,3223,5400,19351,9682,9669,950,882,68,508,266,242,3611,1577,2034,4179,1537,12228,0.733101950595,train
ga_0000093,44112,28737,94,11831,4595,7236,9712,2612,7100,137,43,94,714,456,258,3806,845,2961,2443,2884,12491,0.651455386289,train
mo_0000110,67701,42870,906,12303,4410,7893,15602,5629,9973,1003,393,610,3963,1601,2362,4135,1929,2206,4958,4523,20308,0.63322550627,train
md_0000071,46517,43248,151,2062,1129,933,11687,6567,5120,21296,13177,8119,280,177,103,6786,4256,2530,986,565,2704,0.929724616807,train
fl_0000292,40025,33816,280,4039,1212,2827,23875,8465,15410,441,106,335,121,0,121,3798,2240,1558,1262,1000,5209,0.844871955028,train
fl_0000174,35495,26607,397,6045,3595,2450,14252,8686,5566,342,117,225,649,310,339,3042,1756,1286,1880,1164,7724,0.749598535005,train
mi_0000131,61049,50059,403,10571,4287,6284,26956,14763,12193,1073,437,636,2438,1114,1324,4393,2538,1855,4225,2887,8103,0.819980671264,train
fl_0000218,43598,33408,345,8798,2001,6797,15200,6152,9048,901,388,513,950,150,800,6103,2711,3392,1111,2191,7999,0.766273682279,train
wi_0000092,86584,70957,1210,12588,4450,8138,40894,18968,21926,3176,1288,1888,2677,947,1730,6428,3486,2942,3984,1661,13966,0.819516307863,train
wa_0000116,44113,37357,360,6138,2708,3430,23772,12560,11212,473,244,229,1483,505,978,2797,1699,1098,2334,1054,5702,0.846847867975,train
ca_0000373,60078,49589,731,11965,3839,8126,27012,8021,18991,2093,645,1448,595,181,414,5396,3132,2264,1797,1670,8819,0.825410299943,train
la_0000067,50543,43247,440,6129,2871,3258,27753,13976,13777,2139,1552,587,548,482,66,3833,1781,2052,2405,1687,5609,0.855647666344,train
fl_0000198,40133,28787,1067,7546,1598,5948,13294,4053,9241,103,0,103,903,471,432,4029,1066,2963,1845,1851,9495,0.717290010714,train
la_0000062,44843,26564,536,8580,1738,6842,10617,2494,8123,646,201,445,1451,221,1230,2648,1480,1168,2086,1408,16871,0.592377851616,train
fl_0000172,49984,42966,359,7235,2637,4598,27800,15748,12052,1121,748,373,331,209,122,4278,2692,1586,1842,1223,5795,0.859595070423,train
il_0000200,84814,75324,311,11976,5580,6396,50553,28876,21677,1571,1141,430,1187,524,663,6339,4460,1879,3387,1966,7524,0.888108095362,train
wi_0000084,60007,45049,962,8457,2597,5860,23964,7045,16919,1410,776,634,2013,772,1241,3728,2179,1549,4515,1982,12976,0.750729081607,train
ca_0000347,41813,27833,139,7923,3942,3981,11132,5683,5449,131,61,70,1046,465,581,3101,1411,1690,4361,1414,12566,0.665654222371,train
wa_0000095,51876,36875,293,3734,1503,2231,24020,13395,10625,1048,709,339,863,425,438,4491,2824,1667,2426,2853,12148,0.710829670753,train
nj_0000124,38232,32741,65,1437,469,968,13779,7212,6567,11006,4812,6194,159,47,112,5668,3113,2555,627,1515,3976,0.856376857083,train
ks_0000047,43242,38619,630,4944,3183,1761,24433,11447,12986,1287,910,377,678,499,179,4092,2251,1841,2555,986,3637,0.893090051339,train
tn_0000069,45990,25661,823,3303,940,2363,16466,4738,11728,218,115,103,1252,402,850,1553,686,867,2046,3211,17118,0.557969123723,train
fl_0000269,43749,38355,271,2430,1510,920,15153,5663,9490,12890,6124,6766,823,141,682,5433,3310,2123,1355,871,4523,0.876705753274,train
tx_0000253,41778,37973,165,4987,2386,2601,7383,4212,3171,16258,8510,7748,687,470,217,6259,4824,1435,2234,1322,2483,0.908923356791,train
fl_0000210,44719,35695,495,2910,1215,1695,17515,7674,9841,8126,3719,4407,294,142,152,5372,3794,1578,983,1929,7095,0.798206578859,train
nj_0000133,38999,27993,203,1777,877,900,10998,2822,8176,8406,3039,5367,523,183,340,5304,2222,3082,782,2009,8997,0.71778763558,train
wv_0000024,50295,39149,537,10031,2867,7164,21931,9065,12866,276,101,175,1793,466,1327,2929,1540,1389,1652,1383,9763,0.778387513669,train
ca_0000434,60942,50666,111,10149,4398,5751,23068,11398,11670,6162,3114,3048,955,374,581,5869,3237,2632,4352,2862,7414,0.831380657018,train
ca_0000548,26698,20867,325,5690,879,4811,10653,2263,8390,339,299,40,273,42,231,1917,988,929,1670,649,5182,0.781594126901,train
fl_0000236,30616,22062,119,7190,903,6287,10154,1667,8487,771,62,709,550,111,439,2548,1080,1468,730,707,7847,0.720603605958,train
me_0000030,44181,35151,245,6445,2261,4184,22686,9628,13058,157,82,75,836,255,581,3019,1222,1797,1763,1543,7487,0.795613499015,train
co_0000080,52530,37660,331,9070,4211,4859,20466,9722,10744,264,143,121,1385,680,705,4271,2650,1621,1873,2814,12056,0.716923662669,train
mi_0000173,40757,28130,579,4158,2007,2151,17798,8446,9352,898,253,645,607,415,192,2376,1449,927,1714,3277,9350,0.690188188532,train
il_0000218,56248,50917,274,10113,4561,5552,26190,10081,16109,1421,952,469,2358,357,2001,4978,2965,2013,5583,671,4660,0.905223296828,train
id_0000034,36340,27116,698,8758,4199,4559,9575,4238,5337,376,149,227,1766,869,897,2580,1016,1564,3363,1276,7948,0.746175013759,train
mn_0000074,47328,37764,425,10109,3966,6143,19308,9629,9679,437,209,228,998,371,627,3559,2152,1407,2928,1477,8087,0.797920892495,train
ok_0000051,55268,47098,255,7701,2763,4938,27837,13481,14356,1657,869,788,1059,480,579,6099,4006,2093,2490,2341,5829,0.85217485706,train
md_0000057,48815,40684,682,2358,880,1478,16561,7360,9201,12419,7037,5382,357,134,223,7309,4178,3131,998,1078,7053,0.833432346615,train
fl_0000170,62131,46003,481,7524,2092,5432,28706,8254,20452,524,104,420,1462,420,1042,5344,1928,3416,1962,3828,12300,0.740419436352,train
ar_0000050,67415,49023,708,14013,6874,7139,20303,11128,9175,1701,868,833,2378,1538,840,5591,2573,3018,4329,3126,15266,0.727182377809,train
ca_0000433,60580,52919,292,13555,6640,6915,22452,12241,10211,4509,3046,1463,1615,749,866,6455,3513,2942,4041,1100,6561,0.873539121822,train
ak_0000019,45404,36418,145,5108,2546,2562,21409,11052,10357,293,79,214,982,476,506,6360,4627,1733,2121,691,8295,0.802087921769,train
in_0000120,54935,38521,564,9283,2364,6919,20594,5205,15389,3249,738,2511,488,77,411,2226,923,1303,2117,1715,14699,0.701210521525,train
ia_0000048,55807,47088,274,11443,5280,6163,26130,12077,14053,2671,1733,938,567,416,151,3746,1907,1839,2257,2455,6264,0.843765119071,train
ma_0000101,54426,46474,340,3017,801,2216,25357,12122,13235,10624,6284,4340,303,0,303,5511,3575,1936,1322,1446,6506,0.853893359791,train
ca_0000564,43753,26684,434,7418,3020,4398,7082,2722,4360,414,308,106,1430,483,947,2616,1505,1111,7290,1219,15850,0.609878179782,train
ny_0000254,63297,48158,597,5668,1501,4167,26871,6533,20338,5527,1659,3868,177,68,109,8317,5286,3031,1001,1984,13155,0.760825947517,train
tn_0000087,44197,33638,697,6847,1130,5717,16027,5943,10084,1812,868,944,1139,424,715,3572,2398,1174,3544,1763,8796,0.761092381836,train
la_0000051,50428,32109,666,9191,3612,5579,12034,4513,7521,409,170,239,933,517,416,3043,2196,847,5833,1962,16357,0.63672959467,train
ga_0000115,47841,35929,128,6663,2290,4373,19506,9761,9745,1631,658,973,1068,507,561,5246,3401,1845,1687,4705,7207,0.751008549152,train
oh_0000145,48353,30834,671,4092,1039,3053,19025,4377,14648,454,117,337,1950,312,1638,2040,856,1184,2602,1767,15752,0.637685355614,train
fl_0000259,44756,32014,331,8898,4452,4446,16763,7920,8843,552,298,254,1056,817,239,2696,1410,1286,1718,1176,11566,0.7153007418,train
tx_0000215,47461,43415,27,5144,1778,3366,12300,5733,6567,14158,6287,7871,323,254,69,10719,2493,8226,744,1307,2739,0.914751058764,train
ma_0000100,42865,38121,205,1179,514,665,15616,5955,9661,15063,7599,7464,198,136,62,5562,2937,2625,298,884,3860,0.889326956725,train
ok_0000062,57777,34726,697,9678,4339,5339,7204,3349,3855,357,262,95,4994,1441,3553,3584,1512,2072,8212,2645,20406,0.601035013933,train
va_0000129,43198,40893,72,2119,941,1178,15860,9225,6635,17993,12494,5499,74,0,74,4325,3548,777,450,445,1860,0.946641048197,train
fl_0000193,43887,29820,235,1723,613,1110,15222,3929,11293,6349,2115,4234,279,195,84,4408,2655,1753,1604,1740,12327,0.679472281086,train
in_0000109,40685,35635,283,7169,3645,3524,21270,8856,12414,2507,1262,1245,384,117,267,2075,1449,626,1947,1071,3979,0.875875629839,train
nj_0000147,52177,45119,228,2830,1260,1570,19878,11508,8370,15385,9245,6140,0,0,0,4412,2295,2117,2386,2165,4893,0.864729670161,train
ca_0000475,40194,35555,332,9700,4670,5030,17319,9376,7943,2067,1329,738,585,421,164,3610,2029,1581,1942,711,3928,0.884584763895,train
wi_0000103,54061,35741,1090,14481,4641,9840,8423,2939,5484,1255,540,715,1936,767,1169,4747,2281,2466,3809,2453,15867,0.661123545624,train
ma_0000124,49101,42965,479,2200,866,1334,20225,7972,12253,10181,4565,5616,152,0,152,8715,4026,4689,1013,932,5204,0.875033095049,train
ca_0000541,50020,46671,326,11005,4948,6057,27387,14896,12491,2432,1251,1181,408,168,240,4410,2873,1537,703,1142,2207,0.933046781287,train
fl_0000168,42438,30519,442,7865,1532,6333,14586,3494,11092,453,262,191,685,333,352,4397,2209,2188,2091,3477,8442,0.719143220698,train
fl_0000190,53662,45876,396,1827,853,974,24066,8607,15459,13436,5747,7689,128,128,0,4297,2488,1809,1726,1603,6183,0.854906637844,train
oh_0000175,38628,33479,48,3678,839,2839,21401,6712,14689,2499,821,1678,709,124,585,4361,2114,2247,783,806,4343,0.866702909806,train
al_0000068,38327,16905,289,5523,1934,3589,5659,1933,3726,1034,292,742,178,30,148,2975,1346,1629,1247,3488,17934,0.441072872909,train
ca_0000503,59581,50978,318,6245,3960,2285,33254,17366,15888,1637,1382,255,398,160,238,6375,3783,2592,2751,749,7854,0.855608331515,train
tx_0000216,39822,34824,137,3824,1481,2343,9483,3496,5987,11150,5210,5940,485,197,288,8950,1381,7569,795,1169,3829,0.874491487118,train
ia_0000046,67314,49124,1062,11903,4062,7841,26832,10331,16501,827,118,709,979,330,649,3962,2090,1872,3559,2392,15798,0.729773895475,train
az_0000059,40748,27848,164,4496,1315,3181,17897,5950,11947,0,0,0,1048,371,677,2039,758,1281,2204,2491,10409,0.683420045156,train
wi_0000085,70571,54969,879,11213,2852,8361,30361,10001,20360,1339,819,520,2262,589,1673,5894,2454,3440,3021,2350,13252,0.778917685735,train
wa_0000099,41108,35079,379,4641,1749,2892,23731,12188,11543,375,220,155,856,364,492,3104,1811,1293,1993,1038,4991,0.853337549869,train
co_0000083,48175,45235,223,12715,6884,5831,22480,12224,10256,1020,671,349,708,496,212,6820,4804,2016,1269,1139,1801,0.938972496108,train
mt_0000025,81462,59678,1671,19555,3905,15650,19509,4980,14529,1044,358,686,4205,1365,2840,6407,2594,3813,7287,3768,18016,0.732586973067,train
md_0000082,35031,23261,592,1156,295,861,9491,2368,7123,5150,1985,3165,441,45,396,4821,2237,2584,1610,1719,10051,0.664011875196,train
ca_0000399,35820,17295,326,6227,1143,5084,6079,1168,4911,279,0,279,359,41,318,2097,815,1282,1928,3558,14967,0.482830820771,train
wa_0000082,35778,25726,981,5315,1985,3330,11196,5049,6147,789,483,306,2456,698,1758,2390,1048,1342,2599,2453,7599,0.719045223322,train
id_0000026,53512,42401,482,6297,1968,4329,23491,9473,14018,240,240,0,3619,1268,2351,3080,1436,1644,5192,2759,8352,0.792364329496,train
ca_0000497,37284,30965,252,2225,954,1271,20244,7237,13007,2034,1274,760,1173,311,862,3533,1796,1737,1504,1596,4723,0.830517111898,train
ca_0000486,54768,48476,113,13190,8191,4999,24427,14384,10043,2329,1509,820,1038,388,650,4625,3346,1279,2754,739,5553,0.885115395852,train
nv_0000042,55853,47913,306,6025,2628,3397,29876,13461,16415,641,89,552,1584,698,886,6697,4337,2360,2784,1903,6037,0.857841118651,train
fl_0000291,36014,29630,415,4619,1414,3205,20206,6868,13338,686,380,306,42,0,42,2031,1174,857,1631,725,5659,0.822735602821,train
tx_0000319,31189,19668,336,4688,1804,2884,7102,2527,4575,1905,152,1753,570,320,250,2612,982,1630,2455,1723,9798,0.630606944756,train
ga_0000105,54331,32981,571,7436,2945,4491,18234,5285,12949,66,66,0,326,118,208,3580,1776,1804,2768,2417,18933,0.60703833907,train
nc_0000116,59131,39497,500,8731,2153,6578,21301,6674,14627,576,170,406,957,266,691,3258,1467,1791,4174,2554,17080,0.6679575857,train
sd_0000025,52461,38414,499,5237,1589,3648,14522,5003,9519,5611,1380,4231,2794,888,1906,5435,2395,3040,4316,2786,11261,0.732239187206,train
oh_0000140,56795,39739,487,7680,3345,4335,22380,10679,11701,1645,1120,525,636,183,453,3568,1498,2070,3343,1825,15231,0.699691874285,train
oh_0000176,38335,32761,180,5819,2496,3323,18506,7330,11176,2550,681,1869,895,112,783,3145,1557,1588,1666,2166,3408,0.85459762619,train
mi_0000158,57640,42048,483,4519,1817,2702,31157,11362,19795,831,477,354,592,333,259,2724,1014,1710,1742,2380,13212,0.729493407356,train
wv_0000025,89677,58376,1506,21407,6685,14722,25187,10710,14477,149,38,111,1789,863,926,3585,1937,1648,4753,3455,27846,0.650958439734,train
nc_0000098,40777,23804,471,8287,3103,5184,5994,2007,3987,383,260,123,2039,727,1312,2394,905,1489,4236,1167,15806,0.583760453197,train
il_0000136,51531,36372,432,13153,4013,9140,9669,3324,6345,700,163,537,4565,1382,3183,4791,1968,2823,3062,1121,14038,0.705827560109,train
il_0000157,37526,30275,240,4361,2307,2054,20069,11836,8233,92,50,42,1541,537,1004,1708,753,955,2264,1091,6160,0.806773970047,train
pa_0000157,56202,40343,633,6153,2168,3985,21334,6474,14860,5871,2692,3179,382,176,206,4166,1739,2427,1804,2731,13128,0.717821429842,train
ar_0000044,70826,45504,672,9348,3702,5646,23162,11325,11837,558,241,317,1772,576,1196,5458,2134,3324,4534,4072,21250,0.642475926919,train
az_0000099,52095,26817,614,7676,3040,4636,6055,2492,3563,225,152,73,1598,480,1118,4617,1850,2767,6032,1294,23984,0.514771091276,train
ar_0000057,40470,21297,770,8513,2391,6122,2801,1298,1503,758,325,433,1807,542,1265,2531,936,1595,4117,2836,16337,0.526241660489,train
ca_0000413,55072,49292,187,4195,1614,2581,14507,7499,7008,21115,13034,8081,425,307,118,6112,3939,2173,2751,1229,4551,0.895046484602,train
ca_0000374,37352,34162,89,7897,3398,4499,15918,7844,8074,3101,1509,1592,782,196,586,5517,3329,2188,858,898,2292,0.914596273292,train
nc_0000159,46132,35510,192,4983,2514,2469,24587,12154,12433,102,0,102,840,566,274,2581,1240,1341,2225,1532,9090,0.769747680569,train
ks_0000051,42470,35491,149,6901,3136,3765,20332,11973,8359,1370,620,750,999,361,638,3216,2300,916,2524,1680,5299,0.835672239228,train
mo_0000107,53069,34909,589,10594,2384,8210,16057,5591,10466,2071,934,1137,573,0,573,2578,965,1613,2447,3885,14275,0.657803991031,train
ny_0000136,45321,33321,487,4305,1201,3104,15239,4934,10305,3342,1281,2061,2033,947,1086,4483,2310,2173,3432,1834,10166,0.735222082478,train
tx_0000300,39187,31073,1180,10327,3540,6787,11168,5127,6041,2507,679,1828,639,182,457,2437,1516,921,2815,2004,6110,0.792941536734,train
fl_0000201,52384,41440,617,8735,2817,5918,20940,7579,13361,996,280,716,1787,1100,687,6229,3052,3177,2136,2478,8466,0.791081246182,train
in_0000108,47020,43548,511,11341,4862,6479,20882,9893,10989,5175,2047,3128,574,116,458,3369,2130,1239,1696,1399,2073,0.926159081242,train
wi_0000089,64088,47350,952,8498,3452,5046,27012,11325,15687,1314,597,717,2390,1065,1325,3066,1663,1403,4118,4255,12483,0.73882786169,train
tx_0000282,62454,42830,479,10414,4400,6014,12521,5237,7284,1077,220,857,6191,2666,3525,6405,3134,3271,5743,3494,16130,0.685784737567,train
ms_0000034,54029,30705,1057,11651,4480,7171,6404,1980,4424,1008,320,688,3088,696,2392,3436,1770,1666,4061,4113,19211,0.568305909789,train
va_0000097,49960,32216,1154,9346,2843,6503,8237,2715,5522,404,162,242,4219,1272,2947,3635,2059,1576,5221,3024,14720,0.644835868695,train
ma_0000099,48443,38741,853,4682,1378,3304,26546,11802,14744,271,137,134,493,198,295,4287,2107,2180,1609,1081,8621,0.799723386248,train
ct_0000055,70124,59672,129,3576,1268,2308,46205,26402,19803,2798,1497,1301,754,405,349,4759,3410,1349,1451,1246,9206,0.850949746164,train
mi_0000157,65202,47949,870,6298,2084,4214,32585,11073,21512,780,431,349,724,453,271,3634,1879,1755,3058,2530,14723,0.735391552406,train
nc_0000158,52983,36228,1103,7101,2209,4892,19565,8082,11483,327,98,229,1311,98,1213,3846,1792,2054,2975,2659,14096,0.683766491139,train
fl_0000283,65748,55499,155,14480,4733,9747,29382,13158,16224,1001,724,277,791,253,538,8350,5292,3058,1340,2749,7500,0.844116931314,train
tx_0000222,40348,36192,288,3003,1532,1471,11965,6310,5655,12475,6009,6466,230,62,168,4047,2297,1750,4184,822,3334,0.896996133637,train
nj_0000093,56722,46703,200,3501,1300,2201,22225,8332,13893,15707,6836,8871,383,328,55,2780,1535,1245,1907,1207,8812,0.823366594972,train
nm_0000048,41677,30104,484,9250,5524,3726,13994,5930,8064,439,325,114,1498,1100,398,2845,1774,1071,1594,2360,9213,0.722316865417,train
md_0000074,46949,42670,415,4714,1689,3025,15872,6466,9406,13258,5448,7810,362,227,135,6079,3087,2992,1970,949,3330,0.908858548638,train
sc_0000070,49982,37311,878,7436,1915,5521,18321,7846,10475,495,259,236,618,96,522,6428,3572,2856,3135,2341,10330,0.746488735945,train
tx_0000390,31854,14950,706,2329,653,1676,7223,1649,5574,307,215,92,1845,450,1395,1447,861,586,1093,2871,14033,0.469328812708,train
va_0000122,65595,56207,403,7555,3701,3854,37308,20286,17022,1057,271,786,534,448,86,5772,3426,2346,3578,2048,7340,0.856879335315,train
oh_0000142,40274,27595,1176,7382,2811,4571,12200,4172,8028,377,97,280,1807,873,934,2248,1057,1191,2405,1171,11508,0.685181506679,train
mn_0000078,52038,43021,1009,10847,4750,6097,22819,11370,11449,869,436,433,852,528,324,3482,1951,1531,3143,1839,7178,0.826722779507,train
fl_0000247,50763,36258,414,4677,941,3736,24724,8272,16452,1288,715,573,347,232,115,3080,1583,1497,1728,4141,10364,0.714260386502,train
tx_0000335,35899,31406,28,8085,4720,3365,10336,6191,4145,1746,505,1241,397,166,231,4612,3039,1573,6202,1531,2962,0.874843310399,train
az_0000061,41802,33713,140,5119,2051,3068,23747,9748,13999,324,133,191,508,165,343,2865,1644,1221,1010,2263,5826,0.80649251232,train
oh_0000165,50507,36408,306,5685,1839,3846,19910,7740,12170,1603,619,984,372,171,201,5348,3146,2202,3184,3627,10472,0.720850575168,train
tx_0000323,35918,24220,289,5315,2160,3155,12099,5458,6641,28,0,28,864,475,389,2958,1631,1327,2667,2388,9310,0.674313714572,train
co_0000085,41570,38066,294,9809,4621,5188,16313,8355,7958,556,246,310,2375,889,1486,7668,5175,2493,1051,329,3175,0.915708443589,train
pa_0000123,42229,30643,799,7791,1865,5926,16225,5592,10633,354,81,273,288,155,133,3355,1356,1999,1831,1226,10360,0.725638779038,train
ny_0000177,40404,32837,158,2821,643,2178,12523,4324,8199,6533,3686,2847,206,63,143,9268,6421,2847,1328,1299,6268,0.812716562717,train
mt_0000029,55363,40496,781,14880,4327,10553,14027,3802,10225,1267,311,956,3130,385,2745,4751,1682,3069,1660,1999,12868,0.73146325163,train
fl_0000242,30682,18117,344,8756,2579,6177,3722,1361,2361,510,221,289,1328,635,693,2099,439,1660,1358,984,11581,0.59047650088,train
nv_0000048,53730,45277,238,8089,3076,5013,24579,10405,14174,937,325,612,1554,525,1029,7780,4426,3354,2100,2252,6201,0.842676344686,train
co_0000063,42941,37917,332,14894,7290,7604,10862,5177,5685,406,78,328,4070,1766,2304,5184,2977,2207,2169,1619,3405,0.883002258913,train
md_0000053,43487,37120,368,5897,2129,3768,21606,9093,12513,626,154,472,1708,278,1430,3791,1635,2156,3124,967,5400,0.853588428726,train
nc_0000100,42013,25030,1068,7622,1930,5692,9474,2367,7107,365,86,279,868,482,386,3002,1055,1947,2631,1786,15197,0.595767976579,train
ca_0000390,31087,17345,82,6363,2268,4095,4568,1234,3334,687,43,644,509,128,381,2447,1001,1446,2689,1354,12388,0.557950268601,train
tx_0000343,37321,25036,242,6839,2356,4483,8173,4155,4018,626,435,191,2097,203,1894,4815,2790,2025,2244,2848,9437,0.670828755928,train
fl_0000272,43646,31874,62,3396,1074,2322,21786,6312,15474,2351,954,1397,193,80,113,2926,1706,1220,1160,979,10793,0.730284562159,train
pa_0000110,42984,29498,918,4899,1205,3694,19195,4581,14614,360,0,360,627,175,452,2262,768,1494,1237,1328,12158,0.686255350828,train
tx_0000313,56809,48056,226,12801,7285,5516,21428,13365,8063,2056,1096,960,410,340,70,6296,4732,1564,4839,3690,5063,0.845922301044,train
sd_0000026,47374,36083,811,6024,2299,3725,15840,6830,9010,3029,1387,1642,2029,880,1149,5103,2363,2740,3247,2349,8942,0.761662515304,train
ma_0000097,55448,37565,373,6243,2598,3645,22158,11104,11054,512,329,183,232,130,102,3547,2135,1412,4500,909,16974,0.677481604386,train
nj_0000151,43568,32538,598,3867,1427,2440,22739,8405,14334,498,217,281,464,158,306,3239,2042,1197,1133,1885,9145,0.746832537642,train
ky_0000067,59118,41158,693,9155,3125,6030,18070,7624,10446,2200,992,1208,3099,1041,2058,4036,1521,2515,3905,2384,15576,0.696200818702,train
tx_0000214,50520,43857,202,7311,2437,4874,17984,7874,10110,9305,3776,5529,661,470,191,5719,1950,3769,2675,1347,5316,0.868111638955,train
va_0000096,47961,36534,359,13674,3553,10121,16053,6335,9718,896,349,547,1141,300,841,3334,1397,1937,1077,2649,8778,0.761743916933,train
ga_0000114,55504,45703,84,11137,6981,4156,21578,12937,8641,1805,1285,520,718,596,122,6386,4842,1544,3995,2551,7250,0.823418132027,train
mi_0000117,54534,43182,484,8892,4047,4845,23686,10127,13559,1891,527,1364,540,250,290,4845,3304,1541,2844,2823,8529,0.79183628562,train
il_0000148,58497,40787,1563,13562,3749,9813,13776,6073,7703,481,51,430,2972,739,2233,3678,2204,1474,4755,2428,15282,0.697249431595,train
ga_0000122,65486,44443,900,18252,5868,12384,13265,5157,8108,656,152,504,2412,989,1423,6282,3251,3031,2676,1762,19281,0.678664141954,train
il_0000161,44102,32785,638,7753,3681,4072,15241,9644,5597,485,343,142,192,100,92,2655,1635,1020,5821,800,10517,0.743390322434,train
ky_0000065,61930,48230,354,7482,3100,4382,25283,11601,13682,4192,1601,2591,956,276,680,6555,3557,2998,3408,1939,11761,0.778782496367,train
ca_0000405,37812,23710,914,6559,946,5613,8649,2250,6399,648,87,561,1221,125,1096,3661,2321,1340,2058,1666,12436,0.627049613879,train
co_0000095,38532,35166,122,12909,4922,7987,15474,7828,7646,794,301,493,387,75,312,3988,2630,1358,1492,835,2531,0.912644036126,train
fl_0000221,30265,20859,757,3361,763,2598,10102,1359,8743,379,46,333,292,0,292,2304,1040,1264,3664,223,9183,0.689211961011,train
nm_0000042,42560,29484,193,7037,2114,4923,11625,5790,5835,433,288,145,551,73,478,4235,2519,1716,5410,1670,11406,0.692763157895,train
oh_0000116,42479,34015,322,10958,3170,7788,14301,5131,9170,811,449,362,595,340,255,4946,2942,2004,2082,1305,7159,0.800748605193,train
tx_0000295,46867,31886,328,9759,2238,7521,14433,4428,10005,568,248,320,879,339,540,2621,1362,1259,3298,933,14048,0.680350779866,train
fl_0000243,41890,32541,426,5662,1105,4557,16381,6211,10170,512,325,187,1584,1212,372,6083,1878,4205,1893,1136,8213,0.776820243495,train
ar_0000058,40534,22873,627,5766,1469,4297,5946,1669,4277,336,0,336,2006,384,1622,5849,1270,4579,2343,3237,14424,0.564291705729,train
nj_0000141,47553,35505,256,2563,977,1586,20700,8101,12599,7044,2535,4509,274,27,247,3940,2170,1770,728,1809,10239,0.746640590499,train
oh_0000147,54886,43572,927,7806,2908,4898,22226,10931,11295,1395,599,796,1596,917,679,2777,1309,1468,6845,1608,9706,0.793863644645,train
az_0000068,42432,37907,82,4814,1787,3027,26241,11520,14721,375,78,297,677,92,585,3985,2026,1959,1733,1646,2879,0.893358785822,train
ne_0000025,45357,30179,628,6428,2131,4297,10384,2702,7682,1228,346,882,3900,1041,2859,5014,2047,2967,2597,2593,12585,0.665365875168,train
il_0000139,53678,32875,1463,11806,2653,9153,6270,2282,3988,774,288,486,3243,679,2564,2308,1087,1221,7011,2448,18355,0.612448302843,train
tx_0000398,30215,12387,397,1460,204,1256,4667,1454,3213,330,68,262,993,482,511,1017,539,478,3523,3917,13911,0.409961939434,train
or_0000071,38901,30474,630,11318,4768,6550,10014,4612,5402,1893,1061,832,691,292,399,2998,1436,1562,2930,2294,6133,0.783373178067,train
ga_0000151,45193,23606,518,6286,2724,3562,9896,4082,5814,21,21,0,625,103,522,4703,2607,2096,1557,3428,18159,0.522337530148,train
oh_0000098,58716,40102,270,4716,1273,3443,27187,10739,16448,1014,352,662,463,145,318,4185,1958,2227,2267,2386,16228,0.682982491995,train
tn_0000068,45542,23999,601,8346,2658,5688,8128,2142,5986,1079,499,580,1316,365,951,1339,524,815,3190,1617,19926,0.526964121031,train
vt_0000013,84400,69843,1340,20375,7212,13163,37261,18348,18913,2257,1210,1047,1171,433,738,5708,2383,3325,1731,2400,12157,0.827523696682,train
il_0000134,44926,30102,1014,10733,1996,8737,9409,3116,6293,714,128,586,2310,759,1551,3582,1467,2115,2340,1561,13263,0.670035168944,train
il_0000188,41716,31753,362,8108,2145,5963,15873,5001,10872,503,223,280,817,130,687,4692,2606,2086,1398,1196,8767,0.761170773804,train
pa_0000178,47326,36011,1162,10871,3571,7300,18114,7407,10707,282,224,58,1213,374,839,2566,892,1674,1803,1111,10204,0.76091366268,train
md_0000064,44469,34945,752,2792,1004,1788,18901,6908,11993,7606,2586,5020,313,219,94,3402,1981,1421,1179,2667,6857,0.785828329848,train
oh_0000123,46374,35685,696,7238,2073,5165,19020,8644,10376,1406,673,733,375,102,273,6070,1859,4211,880,1557,9132,0.769504463708,train
tx_0000337,50418,40696,202,11117,5602,5515,13950,8014,5936,1263,700,563,270,202,68,5215,3762,1453,8679,2790,6932,0.807172041731,train
mn_0000079,43545,33482,577,8969,3130,5839,16662,7105,9557,601,291,310,719,266,453,3692,2182,1510,2262,847,9216,0.768905729705,train
tx_0000287,57415,32916,997,11346,4273,7073,3712,1438,2274,729,285,444,4833,1660,3173,4054,1835,2219,7245,4184,20315,0.573299660367,train
tx_0000359,42920,39949,52,6918,3264,3654,23932,12916,11016,3525,1918,1607,375,265,110,3346,2328,1018,1801,1258,1713,0.930778191985,train
sd_0000022,72148,54502,1093,9680,4531,5149,29730,12091,17639,1843,754,1089,1668,589,1079,6290,3017,3273,4198,3167,14479,0.755419415646,train
tx_0000356,46433,34540,160,6250,1455,4795,21390,7781,13609,1389,772,617,716,360,356,2695,1465,1230,1940,1896,9997,0.743867508022,train
fl_0000238,29818,18754,43,4908,1166,3742,9447,2579,6868,823,508,315,306,0,306,2087,725,1362,1140,1816,9248,0.628948957006,train
ma_0000123,36447,31675,314,1859,776,1083,18379,8371,10008,4768,2234,2534,228,24,204,4918,2591,2327,1209,958,3814,0.869070156666,train
fl_0000212,41169,28290,716,6050,1274,4776,14465,4279,10186,889,326,563,683,323,360,4084,1139,2945,1403,879,12000,0.687167528966,train
nc_0000153,43864,23802,450,10537,3604,6933,4738,1483,3255,197,59,138,1856,263,1593,2623,1633,990,3401,2294,17768,0.542631770928,train
la_0000078,43091,30092,456,5117,2658,2459,17211,5587,11624,1195,913,282,544,291,253,4595,2187,2408,974,2035,10964,0.69833607946,train
sc_0000060,47011,30738,207,4066,1761,2305,18886,6538,12348,867,382,485,843,345,498,3148,1374,1774,2721,4788,11485,0.653846971985,train
ny_0000205,38383,33889,139,1751,663,1088,27273,8554,18719,1822,903,919,253,0,253,2475,1350,1125,176,834,3660,0.882916916343,train
mn_0000067,41165,29466,386,7019,1884,5135,15833,5745,10088,419,245,174,818,398,420,2153,1254,899,2838,2164,9535,0.715802259201,train
al_0000084,76743,49072,2217,9794,2838,6956,24459,6339,18120,421,98,323,1396,373,1023,6141,2099,4042,4644,3088,24583,0.639432912448,train
ca_0000444,39291,28453,544,5174,1340,3834,14301,3077,11224,1660,704,956,605,45,560,3983,2117,1866,2186,1139,9699,0.724160749281,train
ca_0000372,59455,48400,485,10868,4075,6793,28038,11363,16675,1996,934,1062,326,212,114,5432,2422,3010,1255,1557,9498,0.814061054579,train
nc_0000164,48230,34850,329,3705,1765,1940,23127,11352,11775,205,205,0,616,383,233,2911,1427,1484,3957,2747,10633,0.722579307485,train
tx_0000393,40658,23308,90,1763,642,1121,13437,5255,8182,470,54,416,1132,126,1006,2374,1139,1235,4042,3240,14110,0.573269713218,train
ar_0000040,82644,47787,344,8127,3467,4660,27294,11131,16163,1848,1211,637,2104,381,1723,4897,2407,2490,3173,19440,15417,0.578227094526,train
fl_0000154,48853,39313,559,6708,1555,5153,22270,6708,15562,2374,703,1671,592,59,533,4108,2035,2073,2702,1691,7849,0.804720283299,train
ny_0000125,41299,27624,337,3655,967,2688,16774,5027,11747,1733,615,1118,1559,423,1136,2139,786,1353,1427,1460,12215,0.66887818107,train
nj_0000081,43458,34630,535,2848,605,2243,22316,5706,16610,4237,2098,2139,190,0,190,3086,1556,1530,1418,1148,7680,0.796861337383,train
ma_0000120,54227,45253,592,5788,1681,4107,30131,10980,19151,856,433,423,671,149,522,6201,2227,3974,1014,1963,7011,0.834510483707,train
oh_0000183,48600,33869,366,6274,2260,4014,18526,8830,9696,3036,1241,1795,597,214,383,3208,1557,1651,1862,3290,11441,0.696893004115,train
fl_0000270,52874,40899,197,4095,1360,2735,21007,7375,13632,8026,3713,4313,194,43,151,6478,3001,3477,902,2641,9334,0.773518175285,train
ny_0000170,41853,28160,739,4620,756,3864,12884,3562,9322,363,142,221,2856,715,2141,4556,2447,2109,2142,1959,11734,0.672831099324,train
ga_0000116,36580,22539,512,5747,2438,3309,7862,3359,4503,730,266,464,1221,545,676,2131,1168,963,4336,1085,12956,0.616156369601,train
nc_0000105,58263,45356,186,6244,1782,4462,26231,12584,13647,2752,1488,1264,646,43,603,5425,3150,2275,3872,3005,9902,0.778470041021,train
ma_0000075,67065,50103,679,6972,1684,5288,36652,8021,28631,336,36,300,839,182,657,3493,1770,1723,1132,3442,13520,0.74708118989,train
nh_0000028,49855,37586,1060,9834,1907,7927,20880,6250,14630,338,101,237,1384,292,1092,2256,1169,1087,1834,2480,9789,0.753906328352,train
co_0000093,38991,35963,303,10649,5493,5156,17901,9597,8304,556,323,233,1085,283,802,3128,2018,1110,2341,797,2231,0.922341053064,train
mo_0000086,39272,33920,135,12237,3671,8566,13664,5403,8261,2303,1002,1301,796,393,403,3432,1843,1589,1353,1222,4130,0.863719698513,train
ca_0000510,42013,37403,71,5410,2869,2541,18610,11185,7425,1192,903,289,494,0,494,10581,2781,7800,1045,1766,2844,0.890272058649,train
ar_0000049,73334,51607,591,20057,5928,14129,17655,7929,9726,3703,1842,1861,1059,558,501,5760,2868,2892,2782,4175,17552,0.703725420678,train
ca_0000488,47718,34811,327,7410,1509,5901,10949,3653,7296,9813,4220,5593,409,235,174,4088,2283,1805,1815,1009,11898,0.729515067689,train
pa_0000160,69436,56691,447,5342,2965,2377,37093,22157,14936,3897,2195,1702,918,505,413,6619,4580,2039,2375,3243,9502,0.816449680281,train
ar_0000045,39213,21789,141,5345,1572,3773,8182,2947,5235,319,79,240,1486,378,1108,2078,1164,914,4238,2971,14453,0.555657562543,train
pa_0000131,46625,37089,384,5381,1376,4005,19996,8125,11871,5456,2226,3230,284,23,261,3642,1610,2032,1946,1127,8409,0.795474530831,train
ca_0000417,38421,28487,435,4404,2168,2236,8683,5220,3463,7622,5183,2439,887,442,445,2998,1444,1554,3458,2521,7413,0.741443481429,train
ct_0000075,52638,42385,326,12782,3437,9345,21696,8678,13018,711,228,483,708,272,436,3746,1440,2306,2416,1121,9132,0.805216763555,train
sc_0000071,64121,49730,525,5050,2004,3046,32657,15842,16815,821,429,392,526,324,202,6604,4030,2574,3547,3753,10638,0.775564947521,train
ks_0000046,57141,35077,553,4344,1961,2383,17469,6274,11195,3513,1464,2049,447,100,347,3865,2124,1741,4886,3495,18569,0.613867450692,train
az_0000065,54102,46082,352,6108,2247,3861,30838,13275,17563,803,288,515,784,478,306,5113,2842,2271,2084,2079,5941,0.851761487561,train
nc_0000129,44155,25946,349,10079,2695,7384,7766,2167,5599,366,0,366,1792,552,1240,1921,956,965,3673,1924,16285,0.587611821991,train
ny_0000135,66226,52829,432,2665,740,1925,30525,11934,18591,9492,3473,6019,484,117,367,7876,5285,2591,1355,1872,11525,0.797707848881,train
co_0000077,80264,64502,1116,11735,4933,6802,39247,16989,22258,872,361,511,1389,827,562,6129,2982,3147,4014,3027,12735,0.803623043955,train
ma_0000118,46418,37470,137,2717,891,1826,22739,8552,14187,4630,2343,2287,146,70,76,6166,2962,3204,935,776,8172,0.807229953897,train
il_0000199,78560,58359,562,14093,4415,9678,33430,14646,18784,1800,516,1284,878,434,444,4238,2314,1924,3358,3406,16795,0.742858961303,train
wa_0000111,50380,40128,139,5366,1864,3502,25390,14311,11079,1046,864,182,1007,886,121,3420,1925,1495,3760,2728,7524,0.796506550218,train
co_0000066,58861,52227,526,13711,6668,7043,29995,16352,13643,852,441,411,762,201,561,4404,2762,1642,1977,1338,5296,0.887293793853,train
md_0000081,49275,41142,383,3439,1222,2217,14476,4789,9687,13976,6129,7847,725,0,725,6069,3455,2614,2074,2051,6082,0.834946727549,train
nc_0000135,47814,36476,305,10812,4056,6756,17130,7345,9785,1235,554,681,870,291,579,4046,1659,2387,2078,1495,9843,0.762872798762,train
tx_0000379,52222,45804,294,8104,2558,5546,23485,10253,13232,4338,2556,1782,944,688,256,4966,2811,2155,3673,1832,4586,0.877101604688,train
in_0000129,46171,35613,831,7884,1790,6094,13959,5020,8939,545,394,151,2940,469,2471,5639,2229,3410,3815,1238,9320,0.771328322973,train
la_0000065,66062,42644,950,8026,1775,6251,20334,6530,13804,1199,279,920,1320,583,737,6299,3024,3275,4516,2963,20455,0.645514819412,train
va_0000080,39614,31175,190,1675,361,1314,14607,4063,10544,9790,4654,5136,393,280,113,3552,1450,2102,968,1138,7301,0.786969253294,train
ny_0000249,45918,35548,215,3050,923,2127,22547,7299,15248,827,272,555,876,568,308,6319,4290,2029,1714,2198,8172,0.774162637746,train
nm_0000046,39738,21923,959,7637,1281,6356,4068,1437,2631,331,44,287,3038,879,2159,3752,1274,2478,2138,2200,15615,0.551688560068,train
oh_0000146,63267,51177,961,10748,3618,7130,29984,13395,16589,304,166,138,968,278,690,3024,1724,1300,5188,1606,10484,0.808905116411,train
mi_0000143,47099,40166,503,7916,3546,4370,25049,13406,11643,1487,797,690,849,88,761,3106,1628,1478,1256,2654,4279,0.852799422493,train
fl_0000204,36452,24576,712,4395,727,3668,13262,5385,7877,801,196,605,658,289,369,2475,1347,1128,2273,1091,10785,0.674201689894,train
tx_0000266,54672,40775,242,13139,3605,9534,12049,4253,7796,6377,1966,4411,1055,334,721,4146,1832,2314,3767,1609,12288,0.745811384255,train
mo_0000097,56197,28947,183,7884,2249,5635,12312,5037,7275,1025,463,562,461,238,223,3512,1506,2006,3570,4330,22920,0.515098670748,train
ms_0000050,75258,53510,441,9553,3953,5600,25838,9240,16598,1990,805,1185,1709,886,823,4328,2559,1769,9651,2667,19081,0.711020755269,train
ga_0000096,41741,26213,128,6952,2038,4914,11256,2291,8965,359,44,315,522,198,324,5394,2547,2847,1602,2139,13389,0.627991662873,train
nc_0000103,61412,45983,626,10106,3949,6157,21551,7530,14021,1171,117,1054,2263,803,1460,7767,2699,5068,2499,2498,12931,0.748762456849,train
nj_0000118,46935,34126,458,4046,1055,2991,25502,7566,17936,533,75,458,129,0,129,3193,1537,1656,265,775,12034,0.727090657292,train
ca_0000412,50214,39975,76,5871,1878,3993,12071,3769,8302,11249,4205,7044,376,93,283,9267,4585,4682,1065,2361,7878,0.796092723145,train
tn_0000070,41823,29288,312,5183,1777,3406,14387,4565,9822,4678,1309,3369,233,0,233,3545,1208,2337,950,1477,11058,0.700284532434,train
ny_0000202,34883,30736,137,525,226,299,18010,7340,10670,5846,2871,2975,121,74,47,5538,2910,2628,559,1379,2768,0.881116876415,train
co_0000073,45887,42053,422,10428,5860,4568,23022,11818,11204,542,319,223,555,456,99,5490,3526,1964,1594,1224,2610,0.916446923965,train
ky_0000045,43209,25333,685,11579,2365,9214,4915,680,4235,874,17,857,1737,397,1340,4481,1540,2941,1062,1361,16515,0.586289893309,train
tx_0000241,43209,33748,0,8273,4240,4033,11632,5269,6363,5039,2066,2973,670,221,449,5911,4036,1875,2223,1711,7750,0.781040986831,train
az_0000057,49580,37197,463,6100,1979,4121,23745,7860,15885,589,80,509,1062,257,805,3371,1926,1445,1867,1116,11267,0.750242033078,train
id_0000036,41835,30956,950,10186,4059,6127,8349,3874,4475,876,60,816,4353,1375,2978,2591,1239,1352,3651,2237,8642,0.739954583483,train
ca_0000542,50304,45230,177,11551,4546,7005,24574,9133,15441,1584,910,674,617,217,400,4157,2102,2055,2570,879,4195,0.89913326972,train
ga_0000152,37316,28402,194,7217,3313,3904,12165,7141,5024,1574,1218,356,1145,413,732,4450,2626,1824,1657,1511,7403,0.761121234859,train
tn_0000060,56059,35295,705,10279,4034,6245,13031,3239,9792,764,318,446,2963,1002,1961,2952,1534,1418,4601,2069,18695,0.629604523805,train
ne_0000036,55239,47120,382,4504,1633,2871,33025,13391,19634,1573,753,820,372,103,269,4472,2222,2250,2792,1429,6690,0.853020510871,train
nm_0000047,33221,19727,243,6723,3906,2817,5111,2680,2431,198,198,0,1893,1322,571,2477,1514,963,3082,848,12646,0.593811143554,train
fl_0000260,65327,52570,1036,11600,3858,7742,27021,8395,18626,2505,801,1704,332,66,266,7829,3096,4733,2247,2344,10413,0.804720865798,train
nc_0000160,39130,30012,762,5669,1885,3784,18675,7709,10966,219,81,138,479,121,358,2870,1706,1164,1338,1421,7697,0.766981855354,train
fl_0000180,50415,41490,242,7894,2732,5162,24945,15004,9941,1615,843,772,146,75,71,4193,2866,1327,2455,1559,7366,0.822969354359,train
dc_0000011,46286,35394,128,6373,3089,3284,18074,10286,7788,3628,1909,1719,196,155,41,4524,2905,1619,2471,1555,9337,0.764680464935,train
fl_0000264,39854,36376,268,8487,2559,5928,18749,8231,10518,2982,743,2239,529,33,496,4333,2641,1692,1028,915,2563,0.912731469865,train
ok_0000052,45258,30694,481,4701,1886,2815,18435,7176,11259,255,48,207,1022,283,739,3419,1889,1530,2381,2294,12270,0.678200539131,train
tx_0000224,42241,39320,280,9131,3802,5329,16466,6600,9866,5102,1954,3148,890,219,671,3986,2304,1682,3465,566,2355,0.930849174972,train
ca_0000317,74256,66151,122,10446,4559,5887,42040,18960,23080,2533,1394,1139,808,339,469,8569,3473,5096,1633,1453,6652,0.890850570998,train
la_0000061,43343,23762,682,8251,2354,5897,6769,1604,5165,137,0,137,2178,299,1879,2975,1476,1499,2770,598,18983,0.548231548347,train
ny_0000129,61887,44497,419,4899,1632,3267,31845,8808,23037,505,334,171,244,148,96,4350,1680,2670,2235,2360,15030,0.719003991145,train
tx_0000206,40644,26397,1334,6831,3679,3152,5752,1372,4380,749,293,456,3655,1205,2450,3367,996,2371,4709,1410,12837,0.649468556244,train
tx_0000348,55612,49370,514,9424,5769,3655,21018,10560,10458,4323,1829,2494,2674,1784,890,6952,5025,1927,4465,863,5379,0.887758037834,train
ca_0000342,47965,29565,907,7783,2999,4784,11817,4970,6847,294,136,158,1272,429,843,3853,1922,1931,3639,1183,17217,0.616386948817,train
nc_0000169,41890,28643,577,6919,2873,4046,13529,7267,6262,73,0,73,1029,531,498,4482,2413,2069,2034,2692,10555,0.683767008833,train
tx_0000304,66878,60129,238,14294,6091,8203,24848,13776,11072,4541,2341,2200,1142,575,567,12062,8526,3536,3004,1940,4809,0.899084900864,train
ca_0000393,26409,14018,164,7314,1152,6162,2989,896,2093,457,72,385,302,27,275,1888,310,1578,904,747,11644,0.530803892612,train
in_0000112,43531,31144,1018,8155,2914,5241,5953,2935,3018,4594,1065,3529,3140,1446,1694,3867,1938,1929,4417,2928,9459,0.715444166226,train
il_0000190,62220,43548,274,9372,3406,5966,19132,5860,13272,1321,613,708,1423,540,883,10623,4773,5850,1403,2006,16666,0.699903567985,train
la_0000074,42719,28024,291,5448,2925,2523,14540,4912,9628,1299,719,580,279,0,279,4053,1570,2483,2114,1523,13172,0.656007865353,train
fl_0000214,61546,48690,187,13495,6135,7360,25702,11902,13800,637,402,235,360,36,324,6309,3399,2910,2000,2233,10623,0.79111558834,train
ny_0000172,54551,37066,583,12328,3401,8927,16629,4864,11765,282,141,141,730,253,477,3757,1522,2235,2757,2597,14888,0.679474253451,train
mo_0000090,48252,34727,373,11876,5194,6682,11188,6383,4805,2467,1426,1041,1142,742,400,4569,2489,2080,3112,2372,11153,0.719700737793,train
ma_0000073,54963,41502,1046,12328,4493,7835,21222,8889,12333,621,348,273,808,226,582,3405,1554,1851,2072,2209,11252,0.755089787675,train
nc_0000117,59723,44967,413,7339,2528,4811,27048,11009,16039,2207,1261,946,290,41,249,4441,3053,1388,3229,3664,11092,0.752926008405,train
tx_0000259,45628,36273,1892,9480,4296,5184,12282,4863,7419,3983,2055,1928,973,272,701,4365,2230,2135,3298,1844,7511,0.794972385377,train
oh_0000099,55884,32804,703,4480,1689,2791,16887,6390,10497,1056,110,946,627,213,414,5779,2681,3098,3272,4861,18219,0.587001646267,train
ks_0000052,43574,28393,740,6739,1692,5047,15072,4917,10155,598,193,405,411,69,342,2474,1176,1298,2359,2547,12634,0.651604167623,train
oh_0000167,54689,44957,921,8962,3202,5760,24490,9818,14672,2408,863,1545,577,311,266,5432,3321,2111,2167,2041,7691,0.822048309532,train
ca_0000378,73093,62743,380,16559,6606,9953,33615,12334,21281,2707,1495,1212,592,166,426,6604,3423,3181,2286,928,9422,0.858399573147,train
oh_0000112,64036,45682,504,14783,4469,10314,18741,5878,12863,1882,662,1220,1052,97,955,5446,2422,3024,3274,2754,15600,0.713379973765,train
pa_0000109,45590,30843,747,8371,2629,5742,16753,7305,9448,354,66,288,717,141,576,2286,989,1297,1615,1254,13493,0.676529940776,train
mo_0000105,48434,27181,1452,14820,3015,11805,2004,622,1382,247,58,189,1835,258,1577,2961,999,1962,3862,4001,17252,0.561196680018,train
tx_0000229,49063,34736,489,8966,3790,5176,10460,3306,7154,924,255,669,3781,1499,2282,7430,2270,5160,2686,2528,11799,0.707987689297,train
ca_0000533,33883,25915,407,8870,2426,6444,9276,2211,7065,8,8,0,1386,195,1191,4338,1168,3170,1630,1735,6233,0.764837824278,train
il_0000147,44965,31326,678,3571,1514,2057,19230,9151,10079,358,118,240,1581,957,624,2346,1041,1305,3562,1929,11710,0.696675191816,train
ca_0000416,42402,37258,178,6979,3425,3554,16785,8188,8597,4329,2057,2272,339,219,120,7495,5382,2113,1153,1398,3746,0.87868496769,train
ga_0000131,52717,36379,286,23165,6872,16293,4242,1307,2935,1129,448,681,1035,326,709,5116,1873,3243,1406,1916,14422,0.690080998539,train
nj_0000104,43350,34614,331,4153,1327,2826,25075,8589,16486,1828,718,1110,345,133,212,1913,1067,846,969,1536,7200,0.798477508651,train
ga_0000117,40898,30312,489,11545,5870,5675,8621,4164,4457,966,533,433,978,129,849,4049,2114,1935,3664,1543,9043,0.741160936965,train
fl_0000184,42695,34171,180,8581,1565,7016,19208,4723,14485,1088,540,548,1073,128,945,2910,1307,1603,1131,661,7863,0.800351329195,train
mn_0000084,39279,31921,401,5983,2104,3879,20411,7817,12594,464,70,394,591,88,503,2672,1684,988,1399,1386,5972,0.812673438733,train
ma_0000115,44104,37144,379,3110,1843,1267,25838,10981,14857,2945,1452,1493,470,0,470,3116,1395,1721,1286,746,6214,0.842191184473,train
ca_0000441,73928,63395,418,8077,2489,5588,28734,8950,19784,15426,6511,8915,794,260,534,8099,4568,3531,1847,2328,8205,0.857523536414,train
tx_0000244,34653,20310,420,5661,3134,2527,5565,2633,2932,497,313,184,683,294,389,3221,1040,2181,4263,811,13532,0.586096441867,train
fl_0000175,61754,36225,1105,16041,3558,12483,7325,3197,4128,557,119,438,3725,845,2880,2730,1079,1651,4742,3984,21545,0.586601677624,train
ca_0000334,66232,53237,719,12362,5367,6995,22892,11128,11764,3556,2529,1027,1327,879,448,7926,5549,2377,4455,3476,9519,0.803795748279,train
nh_0000034,56222,49338,258,4607,1295,3312,36359,14371,21988,2685,1244,1441,235,146,89,4329,2300,2029,865,1324,5560,0.877556828288,train
ca_0000471,45370,27065,444,6866,1834,5032,12438,4811,7627,507,180,327,859,174,685,3410,1506,1904,2541,4475,13830,0.596539563588,train
fl_0000275,48122,34126,176,3644,930,2714,23144,6323,16821,1621,921,700,457,201,256,3596,1359,2237,1488,1790,12206,0.709155895432,train
ny_0000194,37506,31920,278,547,149,398,18870,8852,10018,8370,4908,3462,0,0,0,2989,1522,1467,866,988,4598,0.851063829787,train
mn_0000064,45578,30716,953,10292,2640,7652,6950,2166,4784,3155,1076,2079,1410,287,1123,5770,2406,3364,2186,2763,12099,0.673921628856,train
ca_0000323,42704,36392,571,8196,3996,4200,18835,11411,7424,1041,780,261,542,473,69,4009,2642,1367,3198,876,5436,0.852191832147,train
ct_0000067,65304,52098,781,13149,4309,8840,28846,10848,17998,1812,790,1022,548,163,385,5391,2488,2903,1571,1345,11861,0.797776552738,train
ut_0000056,49394,40289,441,11924,4283,7641,13594,5571,8023,587,123,464,4311,1804,2507,4381,2262,2119,5051,1822,7283,0.815665870349,train
fl_0000148,56855,42745,87,6647,2858,3789,29153,14334,14819,418,170,248,301,127,174,3618,1272,2346,2521,4304,9806,0.751824817518,train
mn_0000095,40924,34766,370,11213,3810,7403,17059,5852,11207,718,379,339,704,239,465,3403,1992,1411,1299,1480,4678,0.849525950542,train
tx_0000294,44564,28507,576,7648,1791,5857,14510,2901,11609,282,106,176,553,91,462,2667,1321,1346,2271,666,15391,0.639686742662,train
fl_0000167,43200,33797,348,8139,2522,5617,15185,7059,8126,2422,1807,615,266,222,44,4991,2374,2617,2446,1460,7943,0.782337962963,train
va_0000091,62124,39637,1210,10825,2465,8360,15219,4665,10554,2040,865,1175,2394,495,1899,3354,1498,1856,4595,1784,20703,0.638030390831,train
al_0000082,47753,28352,574,7189,2253,4936,12970,3780,9190,402,0,402,2137,295,1842,2500,1140,1360,2580,2011,17390,0.593721860407,train
me_0000031,69766,56728,772,9646,1841,7805,38852,14266,24586,1093,273,820,614,144,470,3272,1648,1624,2479,2269,10769,0.813118137775,train
il_0000171,44474,37553,473,7080,3583,3497,22843,13312,9531,909,435,474,123,42,81,4250,3093,1157,1875,1589,5332,0.844380986644,train
al_0000085,70259,48222,1194,23660,7087,16573,10824,3641,7183,1366,430,936,1192,233,959,5741,3087,2654,4245,4623,17414,0.686346233223,train
in_0000133,42192,30821,583,4928,1658,3270,17953,5680,12273,754,488,266,892,388,504,3202,1648,1554,2509,2062,9309,0.730493932499,train
ok_0000064,54541,37204,600,10586,4634,5952,9825,5529,4296,951,343,608,5056,1590,3466,4505,2876,1629,5681,2101,15236,0.682129040538,train
nh_0000035,45632,34607,468,3013,941,2072,25632,10767,14865,537,38,499,282,169,113,2843,1809,1034,1832,1335,9690,0.758393232819,train
fl_0000297,60834,44104,174,6071,2042,4029,25287,8575,16712,1752,896,856,451,37,414,8425,3124,5301,1944,3385,13345,0.724989315186,train
ky_0000057,54224,37427,419,5794,1865,3929,20837,10068,10769,1604,810,794,609,376,233,6183,3195,2988,1981,1537,15260,0.690229418708,train
ga_0000112,51043,38353,58,8747,3272,5475,18888,8741,10147,1885,1167,718,620,510,110,5356,2328,3028,2799,3025,9665,0.751386086241,train
wv_0000031,85585,61229,542,10438,4087,6351,35602,15326,20276,1165,912,253,1768,610,1158,6802,2706,4096,4912,4286,20070,0.715417421277,train
oh_0000168,62236,48965,1020,11964,5656,6308,25139,12343,12796,1541,913,628,1021,519,502,4008,2519,1489,4272,2682,10589,0.786763288129,train
mi_0000113,65559,46477,959,8896,2131,6765,25839,6437,19402,770,126,644,1735,786,949,4533,1819,2714,3745,2840,16242,0.708933937369,train
nj_0000144,48689,39880,377,3819,2186,1633,23553,10763,12790,6240,4389,1851,364,364,0,5034,3198,1836,493,1537,7272,0.819076177371,train
in_0000114,41218,29575,148,5938,2157,3781,14818,6874,7944,2432,1293,1139,302,85,217,3364,1840,1524,2573,3248,8395,0.717526323451,train
mi_0000140,54665,38092,1168,10188,3462,6726,15193,5180,10013,353,88,265,3201,920,2281,5176,2109,3067,2813,3115,13458,0.696826122748,train
ga_0000098,58637,50794,82,11726,6125,5601,25913,13069,12844,3499,1741,1758,1002,328,674,6498,4577,1921,2074,1903,5940,0.866244862459,train
ca_0000435,60838,49562,381,12554,4435,8119,22950,8003,14947,4532,2053,2479,1365,700,665,5880,3115,2765,1900,1922,9354,0.814655314113,train
ny_0000162,45582,32435,657,4386,446,3940,24373,6932,17441,821,114,707,151,0,151,1206,302,904,841,2881,10266,0.711574744417,train
ga_0000113,63548,51554,492,12578,5896,6682,20571,11257,9314,2454,1595,859,868,598,270,8708,3822,4886,5883,2240,9754,0.811260779253,train
oh_0000136,59835,41712,769,9774,2900,6874,19848,7678,12170,297,96,201,1686,687,999,2506,1300,1206,6832,2091,16032,0.697117071948,train
mi_0000136,48720,37412,408,4503,1918,2585,22416,12502,9914,1338,866,472,664,475,189,4204,2481,1723,3879,2766,8542,0.76789819376,train
ma_0000084,55192,46499,355,1256,424,832,20933,10319,10614,16651,7162,9489,0,0,0,4966,2834,2132,2338,1215,7478,0.842495289172,train
va_0000132,41447,37929,145,1710,766,944,12682,6638,6044,15547,9917,5630,383,244,139,6237,3025,3212,1225,1153,2365,0.915120515357,train
ny_0000245,53034,36455,398,1150,115,1035,25006,4167,20839,3471,1168,2303,388,135,253,3914,1205,2709,2128,2484,14095,0.687389222009,train
al_0000063,52536,34939,679,17031,5451,11580,7282,1815,5467,665,193,472,1475,478,997,3759,1884,1875,4048,3850,13747,0.665048728491,train
pa_0000126,57407,39455,1413,9784,2758,7026,20836,8471,12365,301,86,215,973,271,702,2801,1473,1328,3347,1648,16304,0.687285522671,train
ca_0000420,59161,52587,302,9930,5818,4112,33234,20593,12641,1410,916,494,672,417,255,4979,3243,1736,2060,1116,5458,0.888879498318,train
md_0000055,60362,48844,1116,8833,3546,5287,27797,11218,16579,511,210,301,2966,733,2233,3610,2045,1565,4011,1722,9796,0.809184586329,train
tx_0000276,39093,26790,577,5347,2360,2987,9203,3229,5974,1092,381,711,1300,780,520,3267,2192,1075,6004,1942,10361,0.685288926406,train
sc_0000056,46305,31635,284,5378,1991,3387,13433,6401,7032,1837,1086,751,405,263,142,4887,2524,2363,5411,2332,12338,0.683187560739,train
il_0000195,46942,37858,227,5972,2333,3639,25467,9239,16228,1084,293,791,741,336,405,3271,1732,1539,1096,580,8504,0.806484598015,train
az_0000062,37893,33895,338,7153,2781,4372,19087,8865,10222,904,528,376,332,67,265,4231,2466,1765,1850,1344,2654,0.894492386457,train
oh_0000157,40597,31171,438,4986,2146,2840,16350,6316,10034,399,119,280,411,256,155,6750,1705,5045,1837,1616,7810,0.767815355814,train
la_0000082,51085,26443,414,5613,1722,3891,14915,6155,8760,269,12,257,302,91,211,3126,1462,1664,1804,3249,21393,0.517627483606,train
az_0000081,45891,34602,73,5702,1522,4180,22377,9690,12687,822,579,243,520,105,415,3109,1608,1501,1999,1129,10160,0.754004053082,train
tx_0000247,37528,29139,217,7766,3356,4410,7782,3703,4079,1935,680,1255,1091,248,843,7098,5064,2034,3250,2115,6274,0.776460243019,train
il_0000152,78521,63225,295,12653,3037,9616,36205,12327,23878,1704,626,1078,2347,606,1741,3492,2024,1468,6529,2928,12368,0.805198609289,train
ca_0000448,43263,35003,504,11972,4791,7181,10572,5009,5563,933,626,307,2914,989,1925,4803,3014,1789,3305,1030,7230,0.809074728983,train
tx_0000277,51089,39551,244,6082,2078,4004,16677,5800,10877,2654,1141,1513,927,217,710,4664,2452,2212,8303,1518,10020,0.774158820881,train
mt_0000028,54389,43404,774,10791,2944,7847,16144,4989,11155,1620,621,999,3891,831,3060,7097,3310,3787,3087,1958,9027,0.79802901322,train
ky_0000055,53803,44514,443,7744,3929,3815,22033,10439,11594,1535,825,710,627,252,375,8848,5233,3615,3284,1204,8085,0.827351634667,train
in_0000126,47119,34133,746,7196,1949,5247,13798,5001,8797,2215,909,1306,1095,264,831,6369,1527,4842,2714,856,12130,0.724399923598,train
ok_0000054,48842,33951,173,5345,2674,2671,19230,9693,9537,1354,832,522,417,192,225,2992,1624,1368,4440,2771,12120,0.695118954998,train
wy_0000016,40784,30457,326,7080,1505,5575,12739,3458,9281,621,166,455,3946,823,3123,2861,1392,1469,2884,1642,8685,0.746787956061,train
ma_0000110,45176,40710,115,3297,1553,1744,18186,8394,9792,11802,6253,5549,81,0,81,6462,3316,3146,767,624,3842,0.901142199398,train
md_0000079,43215,35900,159,4497,1415,3082,13546,6489,7057,10503,5533,4970,200,0,200,5718,2743,2975,1277,1865,5450,0.830730070577,train
nc_0000140,41936,31304,315,6187,1387,4800,15841,5179,10662,959,550,409,914,596,318,3155,1757,1398,3933,1237,9395,0.746470812667,train
pa_0000156,56388,30401,338,4007,1186,2821,13380,4450,8930,2394,674,1720,1106,208,898,5751,3358,2393,3425,4674,21313,0.539139533234,train
ia_0000055,45298,30142,969,8583,2682,5901,7527,1962,5565,1848,604,1244,3224,773,2451,2981,1484,1497,5010,1652,13504,0.665415691642,train
ca_0000397,37860,26766,306,8803,3075,5728,11330,5682,5648,1267,888,379,523,215,308,2168,1286,882,2369,1470,9624,0.706973058637,train
ca_0000308,53853,46384,290,14636,7588,7048,23702,14859,8843,1402,777,625,246,132,114,3781,2175,1606,2327,2688,4781,0.861307633744,train
fl_0000213,53427,41341,771,10985,2235,8750,19511,5156,14355,1883,505,1378,904,493,411,5741,1986,3755,1546,1972,10114,0.773784790462,train
or_0000073,45033,37630,173,7065,3092,3973,21071,11190,9881,3210,1774,1436,887,519,368,3226,1947,1279,1998,1976,5427,0.835609441965,train
al_0000077,50283,30024,652,6106,1536,4570,12281,4734,7547,351,112,239,2378,413,1965,2814,1641,1173,5442,3235,17024,0.59710041167,train
fl_0000229,36136,23618,934,5951,1451,4500,11154,3779,7375,1510,525,985,468,72,396,2705,1208,1497,896,1285,11233,0.653586451184,train
pr_0000061,44353,18119,822,5595,2033,3562,6036,2442,3594,206,0,206,1351,1037,314,806,423,383,3303,1275,24959,0.408518025838,train
ca_0000396,78918,69477,297,13629,7858,5771,35220,17450,17770,2589,1901,688,1466,700,766,13287,9918,3369,2989,1960,7481,0.880369497453,train
fl_0000231,33702,25221,261,7301,2494,4807,10279,3923,6356,3315,2571,744,747,374,373,2547,1420,1127,771,980,7501,0.748353213459,train
ok_0000060,63089,43147,623,9908,4411,5497,18529,8348,10181,1827,801,1026,2691,659,2032,5776,3269,2507,3793,3846,16096,0.683906861735,train
il_0000194,42243,36305,348,7162,3178,3984,21916,11486,10430,1752,910,842,402,193,209,3441,2048,1393,1284,302,5636,0.859432331984,train
fl_0000165,42175,40225,583,10153,4903,5250,20044,9310,10734,1446,732,714,257,0,257,5887,3329,2558,1855,425,1525,0.953764078245,train
pr_0000079,49543,29825,151,7165,3455,3710,9867,5753,4114,0,0,0,965,287,678,1343,653,690,10334,1244,18474,0.602002301031,train
mt_0000027,59128,41042,1445,11122,2083,9039,14386,4977,9409,2009,424,1585,2413,424,1989,5187,1844,3343,4480,2132,15954,0.694121228521,train
pa_0000138,59981,46515,744,7382,2559,4823,31704,11151,20553,583,375,208,652,403,249,3548,2174,1374,1902,2070,11396,0.775495573598,train
tx_0000338,33277,24118,410,5909,2299,3610,6246,3114,3132,116,42,74,889,285,604,4860,3061,1799,5688,2196,6963,0.724764852601,train
ct_0000062,63339,53723,539,9374,3247,6127,33670,14616,19054,1582,806,776,177,90,87,5811,3087,2724,2570,1888,7728,0.848182004768,train
nm_0000039,34515,21420,635,8047,2519,5528,5471,1383,4088,284,90,194,1027,520,507,3959,1826,2133,1997,871,12224,0.620599739244,train
fl_0000209,46079,32256,205,2692,598,2094,18307,6118,12189,5639,1766,3873,146,40,106,4341,2027,2314,926,2542,11281,0.700015191302,train
pa_0000179,49061,34440,1107,8872,1823,7049,18351,4749,13602,595,8,587,1087,0,1087,2781,942,1839,1647,1041,13580,0.701983245348,train
ny_0000156,45460,33887,779,6501,1816,4685,19263,8280,10983,280,98,182,1043,327,716,3644,1317,2327,2377,1477,10096,0.745424549054,train
tn_0000081,65891,41329,1480,5446,2676,2770,19677,8267,11410,1942,732,1210,2848,661,2187,4496,2283,2213,5440,2694,21868,0.627232854259,train
ca_0000337,30239,16106,692,3217,894,2323,6597,2513,4084,415,163,252,402,57,345,2767,1524,1243,2016,1845,12288,0.532623433315,train
az_0000103,69744,46424,1753,14464,6750,7714,15992,4655,11337,188,153,35,4109,184,3925,6341,2408,3933,3577,2548,20772,0.665634319798,train
az_0000095,50439,35291,533,4551,2048,2503,22280,10078,12202,833,709,124,705,226,479,3832,2332,1500,2557,4329,10819,0.699676837368,train
md_0000066,50638,28059,537,6476,2054,4422,12944,4280,8664,1596,615,981,771,56,715,3543,1871,1672,2192,3027,19552,0.554109561989,train
wi_0000076,81101,55212,1300,22526,7686,14840,14066,3890,10176,1957,663,1294,3660,1006,2654,6774,2243,4531,4929,2960,22929,0.680780754861,train
tx_0000238,43193,34575,369,7328,2238,5090,12596,4444,8152,5945,1324,4621,280,83,197,5740,2549,3191,2317,1222,7396,0.800476929132,train
nc_0000136,39561,26437,533,4905,1532,3373,13167,2970,10197,652,140,512,498,36,462,2202,1042,1160,4480,820,12304,0.668259144107,train
la_0000076,47235,37960,209,12786,4738,8048,13720,7099,6621,2192,1273,919,935,272,663,6284,3276,3008,1834,2217,7058,0.80364136763,train
ga_0000146,42147,35070,348,6480,1888,4592,21820,8750,13070,290,210,80,392,79,313,3977,1424,2553,1763,1630,5447,0.832087693074,train
ca_0000521,45649,25702,608,5341,1373,3968,10757,3616,7141,1663,414,1249,688,292,396,3512,2288,1224,3133,2391,17556,0.563035334838,train
nj_0000114,33879,30673,54,1500,1058,442,23193,10697,12496,3132,1656,1476,303,259,44,2446,1237,1209,45,1193,2013,0.905369107707,train
ri_0000031,52855,43367,488,5759,1780,3979,31203,9898,21305,611,187,424,186,106,80,4107,2355,1752,1013,1325,8163,0.820490019866,train
tx_0000249,32805,20896,448,2545,360,2185,4449,1435,3014,3589,1536,2053,396,0,396,8750,3351,5399,719,1170,10739,0.636976070721,train
wa_0000080,37889,26647,346,4488,1714,2774,12873,4551,8322,445,130,315,1609,479,1130,4473,2246,2227,2413,3079,8163,0.703291192694,train
fl_0000295,43217,30436,386,4627,1183,3444,18047,5193,12854,630,252,378,2050,652,1398,3200,1274,1926,1496,1077,11704,0.704259897725,train
pa_0000113,81028,58655,309,11250,3780,7470,26974,11276,15698,9097,4600,4497,1395,520,875,6869,4398,2471,2761,3411,18962,0.72388557042,train
tn_0000077,75730,52371,443,12015,1734,10281,27739,11469,16270,2269,1037,1232,790,334,456,3309,1163,2146,5806,2757,20602,0.691548923808,train
va_0000114,61536,51659,373,5259,1586,3673,33673,14543,19130,3634,1688,1946,343,0,343,6404,3281,3123,1973,1216,8661,0.839492329693,train
fl_0000239,35625,26385,155,6440,2031,4409,10320,3387,6933,1740,1094,646,670,154,516,5504,2030,3474,1556,2133,7107,0.740631578947,train
oh_0000137,42288,26894,368,6484,1327,5157,10146,2869,7277,601,394,207,2775,885,1890,1299,567,732,5221,1070,14324,0.635972379871,train
ca_0000411,43534,30518,213,4821,2389,2432,9480,3752,5728,7761,3653,4108,835,161,674,5221,4017,1204,2187,2396,10620,0.701015298387,train
ky_0000053,55669,43099,384,6058,2469,3589,26555,11680,14875,2342,1201,1141,600,415,185,4695,2629,2066,2465,2891,9679,0.774201081392,train
tx_0000340,52992,47183,242,6698,3113,3585,24464,11259,13205,2504,1283,1221,818,370,448,7923,4564,3359,4534,1273,4536,0.890379679952,train
pa_0000173,60581,38827,1038,10162,3148,7014,21660,5844,15816,771,122,649,681,199,482,3446,1542,1904,1069,1428,20326,0.640910516499,train
mi_0000138,49075,32323,870,7493,2246,5247,11168,3385,7783,974,235,739,3907,1296,2611,2940,1263,1677,4971,1606,15146,0.658644931228,train
pa_0000140,65060,46818,667,6974,1614,5360,29484,10306,19178,1953,721,1232,1170,550,620,4231,1717,2514,2339,3164,15078,0.719612665232,train
co_0000054,40727,27561,805,8886,3478,5408,5047,1519,3528,1520,546,974,4384,1266,3118,3080,1589,1491,3839,1605,11561,0.676725513787,train
ms_0000033,43738,20402,558,6429,2130,4299,5863,1702,4161,532,31,501,2234,658,1576,1228,735,493,3558,2561,20775,0.466459371713,train
ut_0000051,32546,26300,602,7828,3514,4314,11332,6154,5178,853,517,336,729,324,405,3692,2455,1237,1264,4099,2147,0.808087015301,train
la_0000057,43807,24230,505,8436,2425,6011,5297,1867,3430,476,66,410,2971,670,2301,3301,1914,1387,3244,786,18791,0.553107950784,train
tn_0000089,57978,41870,281,8015,2128,5887,26335,8036,18299,930,443,487,1308,418,890,2858,1267,1591,2143,4002,12106,0.722170478457,train
az_0000107,40764,28715,380,8869,2027,6842,12059,4220,7839,278,197,81,1893,481,1412,2269,1389,880,2967,901,11148,0.704420567167,train
ms_0000040,41397,28739,163,6952,2673,4279,11854,6228,5626,1475,836,639,772,548,224,6471,3524,2947,1052,1070,11588,0.694229050414,train
nj_0000146,41524,26868,493,1637,517,1120,11118,3540,7578,6229,2988,3241,195,133,62,5039,2692,2347,2157,1712,12944,0.647047490608,train
va_0000107,78704,56727,344,9180,3236,5944,33608,13572,20036,1210,772,438,606,475,131,4216,2006,2210,7563,3712,18265,0.720763874771,train
wa_0000120,44102,33640,446,3581,1185,2396,18147,8795,9352,3988,1802,2186,470,42,428,4706,2275,2431,2302,1733,8729,0.762777198313,train
md_0000068,44721,30923,527,7936,3117,4819,12497,4739,7758,807,354,453,931,462,469,4653,2552,2101,3572,2384,11414,0.691464859909,train
pa_0000127,68881,47454,1030,16031,4549,11482,21321,8633,12688,243,95,148,946,315,631,4143,1882,2261,3740,2605,18822,0.688927280382,train
mn_0000088,67463,54584,366,9700,4500,5200,30099,14895,15204,2518,1257,1261,821,384,437,4086,2802,1284,6994,2817,10062,0.809095355973,train
ny_0000256,75097,58290,700,9883,2058,7825,38688,13892,24796,1601,602,999,235,26,209,5478,2000,3478,1705,2086,14721,0.776196119685,train
pa_0000143,51647,43585,417,3525,1127,2398,19746,9026,10720,13786,6171,7615,499,254,245,4937,2406,2531,675,2114,5948,0.843901872326,train
md_0000067,46261,32083,463,8197,3062,5135,15945,7869,8076,583,382,201,516,213,303,3305,2118,1187,3074,1672,12506,0.693521540823,train
il_0000162,44662,36480,202,8946,4260,4686,19743,11647,8096,1709,731,978,720,449,271,3426,2264,1162,1734,1648,6534,0.816801755407,train
mn_0000086,53095,39485,575,8368,2762,5606,21295,9049,12246,407,157,250,1186,403,783,3623,1763,1860,4031,2986,10624,0.74366701196,train
ga_0000135,44541,31613,354,7243,2982,4261,18431,10092,8339,1134,580,554,640,480,160,2555,1584,971,1256,2293,10635,0.709750566893,train
ca_0000414,33205,21875,180,3105,1532,1573,8021,4064,3957,4014,2822,1192,615,476,139,2674,1414,1260,3266,2782,8548,0.65878632736,train
ca_0000436,40548,31233,309,7919,3419,4500,15042,8067,6975,1514,718,796,828,159,669,2833,1785,1048,2788,1165,8150,0.770272269902,train
ut_0000039,60174,53292,628,16325,4780,11545,23286,6862,16424,1269,279,990,2981,932,2049,4638,2643,1995,4165,1356,5526,0.885631668162,train
ok_0000063,44542,27872,396,8053,2681,5372,9145,3957,5188,1893,1362,531,2207,888,1319,2868,1347,1521,3310,4668,12002,0.625746486462,train
ok_0000065,39132,25838,495,10313,3824,6489,6824,3078,3746,728,418,310,2190,764,1426,2250,1308,942,3038,2289,11005,0.660278033323,train
ia_0000054,78192,56260,850,15689,6398,9291,26451,11934,14517,619,202,417,1031,560,471,4601,2531,2070,7019,3209,18723,0.719510947411,train
pa_0000167,43165,36451,0,3549,954,2595,16724,6461,10263,11008,5209,5799,251,66,185,4205,2463,1742,714,1126,5588,0.844457314954,train
fl_0000222,37074,31525,0,5933,1191,4742,20633,2955,17678,716,247,469,514,287,227,3209,1167,2042,520,548,5001,0.850326374278,train
ca_0000464,41539,31833,191,5743,2143,3600,18535,10348,8187,955,504,451,499,195,304,3041,1620,1421,2869,1765,7941,0.766340065962,train
fl_0000253,50047,29594,1500,3478,1462,2016,17539,4724,12815,514,326,188,644,176,468,4894,1530,3364,1025,2473,17980,0.591324155294,train
az_0000076,33559,21738,182,3368,1206,2162,13703,5863,7840,519,382,137,438,183,255,1868,1016,852,1660,1233,10588,0.647754700676,train
sc_0000058,57599,30011,1004,10669,2683,7986,6769,2298,4471,774,200,574,2864,632,2232,3641,1334,2307,4290,3727,23861,0.521033351273,train
mi_0000155,59656,50194,265,5075,1351,3724,37336,14713,22623,1764,1103,661,827,320,507,3664,2041,1623,1263,1613,7849,0.841390639667,train
pr_0000083,40626,16573,73,3250,718,2532,7700,2292,5408,0,0,0,1371,0,1371,885,202,683,3294,1276,22777,0.407940727613,train
ak_0000023,32606,21811,161,3566,1388,2178,8686,2917,5769,362,231,131,2401,559,1842,4017,2147,1870,2618,1366,9429,0.668925964546,train
fl_0000156,42860,32151,353,8832,3011,5821,13674,6428,7246,1742,867,875,127,0,127,5696,2048,3648,1727,2277,8432,0.750139990667,train
ca_0000469,37148,28120,131,7774,3400,4374,10653,4004,6649,1644,959,685,899,294,605,2833,1615,1218,4186,1560,7468,0.756972111554,train
tx_0000257,37605,34903,174,9644,4077,5567,10553,3791,6762,7234,2535,4699,1506,935,571,3984,2175,1809,1808,213,2489,0.928147852679,train
il_0000184,61154,44118,706,10046,3683,6363,23014,11047,11967,922,526,396,464,193,271,4485,2583,1902,4481,2425,14611,0.72142460019,train
tx_0000265,44408,32047,699,8279,3153,5126,9178,3184,5994,4703,1261,3442,1729,0,1729,3419,1657,1762,4040,1645,10716,0.721649252387,train
tx_0000268,39035,32714,147,11553,6836,4717,8998,4409,4589,4089,2698,1391,1575,810,765,3844,2124,1720,2508,2389,3932,0.838068400154,train
ct_0000063,45269,36385,235,8211,2354,5857,21808,7368,14440,1446,586,860,184,0,184,3303,2133,1170,1198,1061,7823,0.80375091122,train
il_0000186,64263,53663,896,11025,4096,6929,29514,12167,17347,1601,695,906,1607,811,796,6241,3285,2956,2779,1309,9291,0.835052829778,train
mo_0000075,73176,43704,388,8568,3030,5538,21043,7929,13114,1920,849,1071,2562,633,1929,5990,2545,3445,3233,4066,25406,0.59724499836,train
fl_0000258,46026,33007,385,9373,2993,6380,16073,3978,12095,1477,586,891,846,208,638,3411,1588,1823,1442,1986,11033,0.717138139313,train
az_0000055,36307,34363,124,6687,2116,4571,19481,7927,11554,1798,280,1518,902,307,595,3451,1967,1484,1920,486,1458,0.946456606164,train
co_0000087,43740,32520,682,12719,3310,9409,7298,2292,5006,461,225,236,2597,811,1786,4516,1643,2873,4247,2371,8849,0.743484224966,train
ca_0000487,41593,30403,131,8802,2125,6677,10953,3306,7647,5359,1678,3681,540,0,540,3419,2378,1041,1199,1469,9721,0.730964344962,train
ma_0000107,38824,29415,93,4273,1824,2449,19073,10602,8471,591,380,211,604,201,403,3040,1506,1534,1741,1114,8295,0.757649907274,train
mi_0000127,72099,54402,1686,7992,2649,5343,29948,9769,20179,1258,385,873,3841,815,3026,3506,1886,1620,6171,3194,14503,0.754545832813,train
mo_0000100,40633,30003,329,6032,1715,4317,10206,3603,6603,2029,434,1595,3802,882,2920,2964,1047,1917,4641,1490,9140,0.738389978589,train
wi_0000096,75820,57328,938,10527,4620,5907,33308,15163,18145,3027,1498,1529,574,43,531,5183,2558,2625,3771,2307,16185,0.756106568188,train
ca_0000569,45177,36795,289,10682,5639,5043,15808,7428,8380,856,729,127,789,428,361,6723,4051,2672,1648,1581,6801,0.81446311176,train
pr_0000057,55344,22402,621,4481,1233,3248,8591,1965,6626,726,642,84,1832,483,1349,2129,1152,977,4022,3472,29470,0.40477739231,train
in_0000089,42746,28558,608,5823,1320,4503,14102,3900,10202,173,19,154,1860,528,1332,4262,1910,2352,1730,1086,13102,0.668085902775,train
az_0000058,39854,26389,481,3649,1291,2358,17057,7011,10046,450,352,98,382,89,293,2254,864,1390,2116,1582,11883,0.662141817634,train
ga_0000136,41324,27608,401,12894,4033,8861,7249,2984,4265,702,292,410,2301,646,1655,3162,978,2184,899,1950,11766,0.668086342077,train
ca_0000476,48058,33083,456,8672,3197,5475,12736,4031,8705,2712,1497,1215,2338,970,1368,3145,1481,1664,3024,3790,11185,0.688397353198,train
nc_0000096,44914,29892,389,9901,3844,6057,10432,3285,7147,230,7,223,1056,430,626,3068,1776,1292,4816,1589,13433,0.665538584851,train
ca_0000443,35192,26449,714,5467,1634,3833,13729,3400,10329,829,423,406,937,123,814,3102,1484,1618,1671,1122,7621,0.751562855194,train
fl_0000261,56776,42739,451,7130,2692,4438,24631,7814,16817,1409,748,661,503,169,334,6324,3027,3297,2291,1874,12163,0.752765252924,train
oh_0000111,71614,34413,192,10072,2755,7317,11884,4374,7510,951,160,791,1093,256,837,6118,3227,2891,4103,5472,31729,0.480534532354,train
ny_0000152,48348,31597,144,4826,1169,3657,21749,7085,14664,997,201,796,438,39,399,1929,1007,922,1514,5572,11179,0.653532721105,train
az_0000093,45335,39888,553,6485,2792,3693,25155,11756,13399,95,44,51,1426,845,581,3980,2051,1929,2194,1899,3548,0.879850005515,train
sc_0000054,55197,38614,436,10951,4557,6394,15672,6228,9444,662,318,344,945,394,551,5824,3484,2340,4124,3138,13445,0.699567005453,train
ny_0000200,33285,28054,453,593,144,449,14903,6767,8136,7736,3721,4015,130,45,85,3519,2363,1156,720,910,4321,0.842842121076,train
pa_0000095,69389,45481,1339,16652,4552,12100,15384,4290,11094,826,438,388,1947,404,1543,6712,2735,3977,2621,3296,20612,0.655449711049,train
id_0000038,44347,32821,192,7821,2379,5442,12540,4257,8283,597,226,371,4487,1057,3430,3839,2179,1660,3345,2286,9240,0.740095158635,train
ca_0000451,39593,34901,327,3236,1416,1820,7948,2680,5268,15462,5738,9724,1491,113,1378,5514,3094,2420,923,942,3750,0.881494203521,train
il_0000212,81279,46611,321,12790,4651,8139,20506,8573,11933,1457,851,606,630,253,377,6891,3877,3014,4016,9139,25529,0.573469161776,train
ut_0000040,36306,31058,478,10055,4193,5862,12455,4586,7869,1717,776,941,1163,62,1101,3268,1578,1690,1922,709,4539,0.85545088966,train
mi_0000167,44842,30500,331,3119,989,2130,22193,6411,15782,596,199,397,428,138,290,2510,698,1812,1323,4150,10192,0.680165915882,train
va_0000085,36694,32969,325,3609,1413,2196,8736,4050,4686,11792,7588,4204,1343,752,591,4402,2967,1435,2762,947,2778,0.898484765902,train
ca_0000409,48519,43085,445,8616,3419,5197,16314,6511,9803,5755,2987,2768,372,113,259,10334,8858,1476,1249,752,4682,0.888002638142,train
nj_0000130,54765,45400,604,15307,7448,7859,23706,9558,14148,482,383,99,372,160,212,4156,2134,2022,773,1208,8157,0.82899662193,train
ks_0000042,46850,34969,259,8625,2031,6594,9136,2621,6515,7246,2436,4810,1716,454,1262,5758,2764,2994,2229,1905,9976,0.746403415155,train
wa_0000109,54561,48996,112,6802,3071,3731,33622,19838,13784,2131,1749,382,270,105,165,4566,2741,1825,1493,2178,3387,0.89800406884,train
va_0000094,62034,45660,1207,6301,1838,4463,18135,7445,10690,1018,369,649,6776,2562,4214,5145,2041,3104,7078,2847,13527,0.736047973692,train
tn_0000066,48776,27260,478,11512,3467,8045,9743,3972,5771,522,0,522,516,365,151,2558,712,1846,1931,1717,19799,0.55888141709,train
pa_0000153,47074,33045,531,6462,2241,4221,12502,5323,7179,5354,2898,2456,332,57,275,5017,2993,2024,2847,1219,12810,0.701979861495,train
il_0000187,65316,45376,461,9433,3060,6373,23218,8119,15099,1775,908,867,622,327,295,5649,3170,2479,4218,5923,14017,0.694714924368,train
pa_0000150,50108,43037,251,2405,677,1728,19601,8057,11544,13854,6585,7269,320,50,270,5873,2410,3463,733,1495,5576,0.858884808813,train
pr_0000073,33733,17084,481,4034,883,3151,4092,1734,2358,260,178,82,867,425,442,2586,2069,517,4764,863,15786,0.506447692171,train
pa_0000129,60110,47012,1110,5063,1277,3786,21269,9180,12089,12749,6072,6677,112,0,112,4303,2489,1814,2406,1796,11302,0.782099484279,train
il_0000172,55322,45209,601,9331,3803,5528,25001,12534,12467,1595,862,733,378,80,298,6318,4530,1788,1985,1306,8807,0.817197498283,train
nv_0000039,43906,33690,196,7324,3206,4118,13379,4759,8620,577,214,363,2103,1864,239,7941,5843,2098,2170,2434,7782,0.767321095067,train
wy_0000018,44050,33192,571,6901,2083,4818,14686,4588,10098,326,245,81,3082,484,2598,5767,3143,2624,1859,3062,7796,0.75350737798,train
pr_0000082,43670,20467,111,4259,956,3303,9358,2888,6470,31,0,31,480,63,417,487,223,264,5741,592,22611,0.468674147012,train
nj_0000110,37944,33072,226,1610,405,1205,20252,8780,11472,5848,3156,2692,160,24,136,4334,2521,1813,642,1368,3504,0.871600253004,train
pa_0000180,54844,37026,1082,13547,4011,9536,13268,4007,9261,255,36,219,2359,469,1890,3020,1339,1681,3495,2190,15628,0.675114871271,train
ca_0000558,32563,21743,319,8306,3650,4656,6823,3179,3644,753,125,628,814,416,398,2260,1376,884,2468,1325,9495,0.667721033074,train
tx_0000316,42000,28983,266,9266,2870,6396,10683,3567,7116,1255,572,683,512,28,484,3394,1145,2249,3607,2162,10855,0.690071428571,train
wv_0000023,58146,39205,685,8254,2770,5484,21310,8232,13078,679,138,541,2820,930,1890,3452,1324,2128,2005,2377,16564,0.674251023286,train
oh_0000110,42983,26537,575,7053,1762,5291,10660,3438,7222,161,12,149,824,406,418,5764,2182,3582,1500,3805,12641,0.617383616779,train
pr_0000078,61993,37846,174,7139,3720,3419,15477,7422,8055,146,52,94,1571,460,1111,2925,1567,1358,10414,3047,21100,0.610488280935,train
tx_0000278,38926,19268,581,3847,1097,2750,8576,2639,5937,430,327,103,441,47,394,2718,1494,1224,2675,3405,16253,0.494990494785,train
ri_0000026,54574,42559,78,2488,971,1517,23216,9093,14123,11593,4361,7232,223,0,223,4329,1470,2859,632,1243,10772,0.779840216953,train
or_0000078,45271,39041,249,4175,1555,2620,22597,12196,10401,5376,2716,2660,707,269,438,2981,1674,1307,2956,1339,4891,0.862384307835,train
fl_0000187,69373,51980,527,7704,1724,5980,36138,10203,25935,312,199,113,1250,416,834,4808,1790,3018,1241,1905,15488,0.749282862209,train
ca_0000547,31285,28036,436,8849,4166,4683,12210,6166,6044,1232,607,625,242,120,122,3249,1937,1312,1818,797,2452,0.896148313888,train
ma_0000091,86535,69223,650,8188,2678,5510,44625,23333,21292,6055,2888,3167,339,113,226,5738,3453,2285,3628,3267,14045,0.799942219911,train
nv_0000037,42766,37147,272,5468,2368,3100,22645,8085,14560,456,183,273,648,331,317,4639,2490,2149,3019,2053,3566,0.868610578497,train
wa_0000098,45891,33195,562,4595,1486,3109,21995,7772,14223,429,174,255,786,197,589,3400,1736,1664,1428,1689,11007,0.723344446624,train
la_0000058,65681,45592,821,8479,3686,4793,23404,10746,12658,308,99,209,3447,1479,1968,4733,2062,2671,4400,3232,16857,0.694142902818,train
md_0000072,61671,56403,76,2529,1182,1347,15246,7160,8086,25230,14648,10582,182,0,182,10745,8112,2633,2395,893,4375,0.914578975531,train
tx_0000394,42772,32977,118,3772,1345,2427,19845,10335,9510,1647,922,725,710,318,392,3386,2015,1371,3499,2647,7148,0.770995043486,train
la_0000054,64782,36847,1097,10866,4429,6437,9380,4613,4767,540,222,318,4862,1309,3553,3990,1901,2089,6112,3953,23982,0.568784538915,train
dc_0000010,45413,41606,271,5668,3100,2568,21995,12744,9251,5362,3633,1729,566,264,302,5577,3431,2146,2167,1274,2533,0.916169378812,train
ut_0000055,38875,34315,243,7538,3705,3833,17679,10457,7222,1631,1077,554,1952,792,1160,3666,2403,1263,1606,1367,3193,0.88270096463,train
ny_0000238,63081,44687,287,5724,1515,4209,28944,9741,19203,4335,2694,1641,241,76,165,3472,2249,1223,1684,1041,17353,0.708406651765,train
ny_0000218,42571,29478,113,1271,540,731,17646,4310,13336,4502,1357,3145,241,151,90,5236,2134,3102,469,1751,11342,0.692443212516,train
ok_0000044,42392,24384,592,8073,2637,5436,5442,2046,3396,849,359,490,3243,1018,2225,3054,1500,1554,3131,2591,15417,0.575202868466,train
nv_0000044,59197,36969,549,8184,2038,6146,19535,6415,13120,884,385,499,590,130,460,4271,1883,2388,2956,4501,17727,0.624507998716,train
ar_0000048,75360,52490,1114,19208,5435,13773,17244,6242,11002,3408,1860,1548,1740,1136,604,5073,2512,2561,4703,4536,18334,0.696523354565,train
mo_0000081,49774,30416,1393,10807,3917,6890,6165,1667,4498,606,221,385,2758,765,1993,3239,1740,1499,5448,2101,17257,0.611082091052,train
mo_0000067,51744,36573,1549,17277,5968,11309,5613,2937,2676,444,342,102,3076,752,2324,5467,3024,2443,3147,2494,12677,0.706806586271,train
mn_0000089,51254,41844,241,6996,3545,3451,27418,15643,11775,586,411,175,704,211,493,3257,1955,1302,2642,2560,6850,0.816404573302,train
tx_0000377,39448,29598,321,6367,1479,4888,13039,5589,7450,2014,1022,992,1062,324,738,3978,1918,2060,2817,2120,7730,0.750304197931,train
oh_0000159,39048,33271,220,5493,3086,2407,18798,10370,8428,1486,1104,382,299,166,133,4699,2520,2179,2276,1018,4759,0.852053882401,train
pa_0000105,46972,32063,789,10536,2760,7776,15896,3984,11912,534,291,243,1004,94,910,1743,793,950,1561,1570,13339,0.682598143575,train
ca_0000557,68373,56509,671,14966,6306,8660,19729,10942,8787,2277,1510,767,1624,420,1204,12704,9235,3469,4538,2681,9183,0.826481213344,train
ny_0000207,44804,38887,319,1051,241,810,33953,7986,25967,601,328,273,44,0,44,2738,1062,1676,181,1319,4598,0.86793589858,train
oh_0000108,41898,27877,513,7594,2150,5444,12213,3629,8584,522,339,183,646,245,401,3312,1850,1462,3077,2387,11634,0.665353954843,train
ny_0000240,49713,30690,225,3886,1449,2437,18915,8839,10076,866,201,665,164,0,164,3071,1868,1203,3563,2019,17004,0.617343551988,train
ga_0000138,41335,30381,347,12894,5675,7219,9963,4458,5505,444,223,221,1495,528,967,2760,1167,1593,2478,1654,9300,0.734994556671,train
co_0000060,39662,29025,749,7648,3008,4640,10162,2979,7183,789,314,475,3590,1239,2351,3385,1189,2196,2702,1613,9024,0.731808784227,train
fl_0000256,48517,35585,548,6675,2227,4448,20230,9382,10848,1287,579,708,162,119,43,5214,2867,2347,1469,2640,10292,0.733454253148,train
ny_0000268,36774,29587,208,2111,490,1621,14160,4490,9670,5258,1812,3446,400,31,369,6051,3080,2971,1399,767,6420,0.804563006472,train
ny_0000126,65270,46223,1005,8406,2166,6240,25534,8278,17256,637,218,419,3382,1073,2309,4800,1993,2807,2459,3106,15941,0.708181400337,train
sc_0000053,46272,33216,428,8278,3156,5122,15010,5451,9559,1560,665,895,928,85,843,5118,3037,2081,1894,1176,11880,0.717842323651,train
sc_0000076,71736,37235,1272,15913,4416,11497,7989,2722,5267,634,319,315,1941,489,1452,6002,2350,3652,3484,3405,31096,0.519055983049,train
co_0000072,43407,30057,1019,6636,1625,5011,16841,4956,11885,372,100,272,443,162,281,1930,1110,820,2816,3257,10093,0.692445918861,train
tx_0000382,36589,32703,314,7119,1548,5571,15375,6586,8789,2704,1414,1290,710,635,75,4597,2849,1748,1884,1357,2529,0.89379321654,train
mi_0000169,44255,22113,374,6130,1856,4274,8216,2854,5362,384,122,262,537,371,166,5222,2586,2636,1250,4389,17753,0.499672353406,train
tn_0000101,58431,28174,259,6032,2386,3646,13252,5468,7784,672,293,379,747,198,549,4165,1173,2992,3047,4716,25541,0.482175557495,train
la_0000059,52376,34347,835,8257,3054,5203,14042,4867,9175,1297,423,874,2285,383,1902,5080,2182,2898,2551,2490,15539,0.655777455323,train
ia_0000051,58924,43935,1122,16786,5471,11315,11129,4432,6697,1290,826,464,2966,1654,1312,4587,2431,2156,6055,2284,12705,0.745621478515,train
oh_0000187,40247,27624,827,6490,2332,4158,13433,5169,8264,452,75,377,1130,473,657,2250,1258,992,3042,2349,10274,0.686361716401,train
nc_0000156,67573,49288,785,9526,2647,6879,27636,8164,19472,721,105,616,2077,124,1953,3961,2466,1495,4582,3212,15073,0.729403755938,train
in_0000102,56251,39884,726,8500,1791,6709,18084,5240,12844,1261,623,638,2299,476,1823,3376,1334,2042,5638,2658,13709,0.709036283799,train
tx_0000230,34045,28974,146,2692,1313,1379,8226,3763,4463,11679,5494,6185,215,121,94,3391,1881,1510,2625,1146,3925,0.851050080775,train
ca_0000523,52914,36255,648,9502,2399,7103,14389,5155,9234,1166,674,492,2483,903,1580,2798,1763,1035,5269,2260,14399,0.685168386438,train
mi_0000137,38787,25514,655,4484,1545,2939,11644,5185,6459,197,102,95,2354,898,1456,2486,1176,1310,3694,1980,11293,0.657797715729,train
ga_0000125,45132,37920,95,7975,2741,5234,16086,5520,10566,1951,1230,721,1693,183,1510,8255,3858,4397,1865,1472,5740,0.840202073917,train
ne_0000038,43969,28027,206,1834,496,1338,20642,8074,12568,653,201,452,324,79,245,2421,1675,746,1947,2480,13462,0.637426368578,train
ny_0000226,45181,34575,89,4123,1924,2199,22594,9756,12838,1472,794,678,301,301,0,3316,1867,1449,2680,1737,8869,0.765255306434,train
ct_0000060,44104,34272,416,6959,2735,4224,20624,8524,12100,1008,392,616,338,93,245,2918,1382,1536,2009,1823,8009,0.777072374388,train
ny_0000213,34199,28262,289,653,192,461,19158,4949,14209,4572,1012,3560,55,7,48,2975,1394,1581,560,682,5255,0.826398432703,train
mo_0000092,46563,41060,444,10675,4887,5788,19237,8292,10945,3918,1667,2251,689,475,214,4919,3111,1808,1178,1331,4172,0.88181603419,train
ky_0000036,76011,51293,604,13592,5020,8572,19186,8011,11175,2771,1295,1476,2119,892,1227,6658,3344,3314,6363,3262,21456,0.674810224836,train
nc_0000157,39570,29858,143,5791,1956,3835,15820,6258,9562,636,400,236,383,226,157,3139,1974,1165,3946,1787,7925,0.754561536518,train
ut_0000050,36045,30539,693,9038,4127,4911,14816,6362,8454,663,287,376,1013,506,507,2583,2124,459,1733,1802,3704,0.847246497434,train
oh_0000097,59617,50021,232,5841,1924,3917,32482,12820,19662,1468,460,1008,717,245,472,6751,3666,3085,2530,1067,8529,0.839039200228,train
ca_0000355,33773,22088,165,3506,1047,2459,11287,2527,8760,2086,766,1320,508,47,461,3646,1626,2020,890,633,11052,0.654013561129,train
ca_0000375,70209,64356,214,17632,10059,7573,36253,23250,13003,1830,1291,539,419,341,78,6029,3797,2232,1979,1414,4439,0.916634619493,train
tx_0000234,38272,22664,192,4937,790,4147,7165,2429,4736,773,181,592,428,113,315,6179,2238,3941,2990,1604,14004,0.592182274247,train
ca_0000513,63223,50697,480,15131,5731,9400,26941,14918,12023,656,338,318,718,264,454,4201,2920,1281,2570,2316,10210,0.801875899594,train
in_0000125,53577,40184,355,9637,3699,5938,20937,7701,13236,3959,2069,1890,1012,258,754,2565,1469,1096,1719,4566,8827,0.750023330907,train
mi_0000161,72862,62934,219,8028,3221,4807,41028,18174,22854,2759,1082,1677,596,259,337,8175,4974,3201,2129,1993,7935,0.863742417172,train
mn_0000092,61889,50788,554,10198,3678,6520,31293,16364,14929,604,249,355,1651,569,1082,4341,2431,1910,2147,2459,8642,0.820630483608,train
ca_0000556,45497,38304,510,9034,2570,6464,19688,7945,11743,1255,713,542,888,501,387,5844,3905,1939,1085,1278,5915,0.841901663846,train
id_0000029,38392,27554,563,7044,2430,4614,10116,2812,7304,573,547,26,3109,1232,1877,3016,1917,1099,3133,2408,8430,0.717701604501,train
tx_0000297,46580,33938,501,10887,3808,7079,11594,4021,7573,592,228,364,1287,268,1019,4436,2003,2433,4641,2056,10586,0.728595963933,train
ny_0000183,33591,29207,252,1513,597,916,16463,8591,7872,6351,3212,3139,44,0,44,3503,1683,1820,1081,1218,3166,0.86948885118,train
az_0000083,38488,33173,211,7933,2794,5139,18798,7364,11434,232,90,142,612,119,493,3362,1309,2053,2025,864,4451,0.861905009354,train
nv_0000040,42216,21628,354,3320,1275,2045,9609,3667,5942,46,46,0,1704,857,847,3438,2629,809,3157,2016,18572,0.5123176047,train
ny_0000210,36365,32087,213,402,107,295,21603,5145,16458,6556,1883,4673,0,0,0,3158,1395,1763,155,670,3608,0.882359411522,train
in_0000103,52591,32214,940,8635,1710,6925,11528,3022,8506,1509,517,992,2765,639,2126,3364,1459,1905,3473,3548,16829,0.612538267004,train
fl_0000230,35494,31653,202,9706,4206,5500,12899,4568,8331,3311,2183,1128,537,146,391,3649,1790,1859,1349,672,3169,0.891784526962,train
ny_0000133,55060,35104,208,2177,546,1631,22232,7106,15126,2123,356,1767,415,299,116,5775,2903,2872,2174,2786,17170,0.637559026517,train
il_0000149,75671,52617,802,11470,3665,7805,29153,14088,15065,482,124,358,1752,543,1209,4364,2180,2184,4594,3622,19432,0.695339033447,train
in_0000091,61379,44626,768,9937,4333,5604,21849,8877,12972,1049,457,592,2100,566,1534,5897,1748,4149,3026,2641,14112,0.727056485117,train
wa_0000073,41368,27254,584,4223,1123,3100,8362,3185,5177,7017,2707,4310,643,244,399,4980,2149,2831,1445,1855,12259,0.658818410365,train
ny_0000198,33150,28602,37,549,139,410,15056,6092,8964,7756,3275,4481,55,0,55,4766,3198,1568,383,1437,3111,0.862805429864,train
de_0000018,62053,46349,655,5543,1775,3768,25108,9502,15606,5713,2696,3017,631,220,411,5630,2018,3612,3069,4066,11638,0.746926014858,train
fl_0000224,31627,16787,642,4551,1522,3029,6267,918,5349,616,352,264,342,104,238,3117,749,2368,1252,1212,13628,0.530780662093,train
or_0000070,58045,44172,220,6305,2774,3531,23066,11267,11799,5197,2280,2917,798,485,313,5274,2676,2598,3312,2691,11182,0.760995779137,train
la_0000071,51803,35753,446,7147,1598,5549,16686,5384,11302,2214,637,1577,1187,123,1064,7123,2714,4409,950,1533,14517,0.690172383839,train
nj_0000079,43077,31062,467,2906,716,2190,21268,6395,14873,978,224,754,394,99,295,3962,1865,2097,1087,1496,10519,0.721080855213,train
ar_0000054,38130,20573,818,9321,2468,6853,2216,889,1327,563,119,444,1999,616,1383,1760,783,977,3896,1301,16256,0.539548911618,train
oh_0000101,56828,38938,576,6941,1933,5008,22817,7978,14839,402,202,200,1253,315,938,4610,1249,3361,2339,3419,14471,0.685190399099,train
ca_0000499,60882,55757,335,9196,4114,5082,34979,16006,18973,1611,1245,366,808,201,607,7653,4719,2934,1175,658,4467,0.915820768043,train
oh_0000104,41961,34019,434,7103,2334,4769,19661,7548,12113,1237,666,571,378,288,90,3835,1889,1946,1371,945,6997,0.810729010271,train
tx_0000248,33987,24626,129,6860,3449,3411,6263,2775,3488,1968,871,1097,432,219,213,6166,3707,2459,2808,1331,8030,0.724571159561,train
ny_0000128,46432,31749,613,4830,1286,3544,19239,4538,14701,98,12,86,1778,285,1493,3494,1177,2317,1697,2193,12490,0.683774121296,train
mn_0000104,58203,49364,490,7014,3255,3759,31213,14310,16903,1612,526,1086,1193,188,1005,3996,2093,1903,3846,1853,6986,0.84813497586,train
az_0000070,41571,30240,177,4383,1436,2947,19628,7588,12040,319,252,67,673,175,498,3304,1754,1550,1756,1823,9508,0.727430179693,train
ny_0000149,42784,35055,437,6203,1663,4540,23510,9064,14446,1018,303,715,411,30,381,2374,1243,1131,1102,1003,6726,0.819348354525,train
tn_0000064,62785,48611,497,12276,4973,7303,23735,12065,11670,1142,515,627,993,605,388,4893,2624,2269,5075,2755,11419,0.77424544079,train
va_0000108,42792,30757,323,3324,1393,1931,15885,6788,9097,2910,1313,1597,272,174,98,3205,1435,1770,4838,1653,10382,0.718755842213,train
ca_0000507,58232,47421,352,7945,3767,4178,30070,18441,11629,933,278,655,655,216,439,3343,2241,1102,4123,1205,9606,0.81434606402,train
va_0000083,37271,34454,317,1542,799,743,10827,5507,5320,15451,7901,7550,507,201,306,4290,2750,1540,1520,1111,1706,0.92441844866,train
ma_0000089,65265,49345,810,12745,2056,10689,18711,7678,11033,5254,1624,3630,462,158,304,4162,2755,1407,7201,1314,14606,0.75607140121,train
mo_0000091,42753,27451,101,6060,1597,4463,13419,4590,8829,1797,891,906,417,155,262,2618,1003,1615,3039,1199,14103,0.642083596473,train
ga_0000153,51752,34747,423,8387,2970,5417,13621,6669,6952,2405,1401,1004,789,496,293,5913,4131,1782,3209,2632,14373,0.671413665172,train
tx_0000301,46067,30822,223,7684,3433,4251,13744,7381,6363,1574,723,851,617,446,171,3708,2716,992,3272,1907,13338,0.669068964769,train
ny_0000232,76952,68279,784,9046,3092,5954,37777,20278,17499,11153,7600,3553,303,117,186,6770,3518,3252,2446,1932,6741,0.88729337769,train
or_0000049,44276,33303,906,10900,3880,7020,7677,2633,5044,991,618,373,4466,1239,3227,5053,2356,2697,3310,1376,9597,0.752168217544,train
ca_0000338,34953,28399,904,6161,2642,3519,11022,4391,6631,1940,875,1065,872,520,352,4730,2568,2162,2770,1397,5157,0.812491059423,train
ky_0000050,41717,29460,437,10540,4854,5686,12079,6686,5393,88,32,56,1348,164,1184,2512,1470,1042,2456,612,11645,0.706186926193,train
md_0000061,40937,27987,248,2873,271,2602,11353,3319,8034,6887,2141,4746,746,599,147,4125,1735,2390,1755,2029,10921,0.683660258446,train
ca_0000539,28416,23916,41,7750,1995,5755,10552,3351,7201,688,375,313,375,139,236,2746,1655,1091,1764,694,3806,0.841638513514,train
nj_0000084,43766,35139,509,1304,471,833,18899,8341,10558,10885,5458,5427,37,0,37,3100,1402,1698,405,771,7856,0.802883516885,train
ma_0000078,45305,39395,325,4737,1162,3575,19738,7427,12311,10378,4039,6339,329,112,217,3205,2060,1145,683,1279,4631,0.869550822205,train
id_0000035,41267,28771,270,9754,2080,7674,9693,2544,7149,228,55,173,2751,390,2361,2210,1075,1135,3865,1486,11010,0.697191460489,train
ma_0000108,57628,51913,337,3824,1847,1977,29314,16167,13147,8527,4596,3931,241,0,241,7067,5633,1434,2603,1127,4588,0.900829457902,train
ca_0000427,40427,32258,1281,12043,3720,8323,8057,3419,4638,437,194,243,3347,953,2394,3800,1844,1956,3293,1665,6504,0.797932075098,train
md_0000083,40466,28270,641,2030,634,1396,12006,3555,8451,4779,1334,3445,325,68,257,7174,3019,4155,1315,1674,10522,0.698611179756,train
ca_0000377,87073,78521,450,15814,7658,8156,46693,20895,25798,3103,1204,1899,1219,231,988,8318,5133,3185,2924,2431,6121,0.90178356092,train
fl_0000199,69185,54697,873,9431,2871,6560,30248,8180,22068,2471,721,1750,1553,147,1406,7345,2836,4509,2776,3752,10736,0.790590445906,train
sc_0000052,60979,41820,455,10631,4126,6505,19984,7320,12664,1866,1053,813,461,44,417,6178,3919,2259,2245,2061,17098,0.685809868971,train
nc_0000120,51499,36520,524,7250,2247,5003,19442,7821,11621,1861,947,914,350,69,281,3865,2711,1154,3228,2734,12245,0.709139983301,train
ga_0000150,48447,38922,140,12668,4134,8534,16114,6789,9325,962,605,357,1039,743,296,4739,2972,1767,3260,1828,7697,0.803393398972,train
ca_0000384,42105,32974,338,7845,2211,5634,15307,4786,10521,4607,1530,3077,760,320,440,2519,1152,1367,1598,662,8469,0.783137394609,train
ny_0000244,43558,26554,188,1481,366,1115,18562,4868,13694,1678,757,921,91,43,48,3010,1288,1722,1544,1306,15698,0.609623949676,train
mi_0000149,65356,46109,514,7138,3025,4113,27695,11950,15745,1411,633,778,827,303,524,3359,2022,1337,5165,4055,15192,0.705505232878,train
ca_0000511,51598,34213,323,4934,1288,3646,15362,5763,9599,1404,422,982,670,439,231,9450,1630,7820,2070,2668,14717,0.663068335982,train
va_0000101,45285,32180,743,5482,1655,3827,17454,7555,9899,541,264,277,1482,1003,479,2487,1315,1172,3991,2698,10407,0.710610577454,train
ca_0000447,43127,38327,229,8383,3812,4571,13105,5997,7108,4963,2505,2458,1811,665,1146,6409,3973,2436,3427,1362,3438,0.888700813875,train
tx_0000237,37290,31884,147,2814,1125,1689,11241,7027,4214,9064,4324,4740,717,399,318,3217,1668,1549,4684,425,4981,0.855028157683,train
nj_0000099,44609,36580,533,3100,1051,2049,22025,10130,11895,6638,2602,4036,0,0,0,3806,2612,1194,478,931,7098,0.820013898541,train
tx_0000342,36451,26242,526,4399,2072,2327,7410,3034,4376,712,262,450,1470,826,644,8832,6246,2586,2893,2761,7448,0.719925379276,train
nj_0000143,43977,38201,211,2408,1313,1095,20305,10784,9521,10921,5805,5116,100,100,0,3535,2410,1125,721,952,4824,0.868658617004,train
fl_0000203,50530,37089,1157,16339,7247,9092,11998,4560,7438,406,185,221,1299,453,846,3819,1845,1974,2071,1616,11825,0.733999604196,train
ct_0000070,51360,39163,117,6977,2619,4358,23930,7273,16657,1474,516,958,560,117,443,4424,2111,2313,1681,1845,10352,0.762519470405,train
ga_0000092,40518,25787,103,9817,2731,7086,9944,4401,5543,45,0,45,901,278,623,2551,882,1669,2426,1102,13629,0.636433190187,train
or_0000050,41996,28084,781,9692,3028,6664,8864,3308,5556,263,96,167,2002,484,1518,3569,1688,1881,2913,1828,12084,0.668730355272,train
il_0000140,74908,46771,991,19681,5780,13901,12923,5407,7516,492,230,262,3010,584,2426,4238,2073,2165,5436,2971,25166,0.624379238533,train
tn_0000102,49370,31113,298,8690,3310,5380,14034,6110,7924,1290,899,391,358,0,358,3705,1626,2079,2738,2671,15586,0.630200526636,train
mi_0000153,83453,65137,560,9082,2379,6703,44084,17523,26561,1347,436,911,435,110,325,6733,3060,3673,2896,3556,14760,0.78052316873,train
ca_0000357,40165,36194,771,9882,3109,6773,15713,6374,9339,1481,884,597,528,185,343,6036,3248,2788,1783,1115,2856,0.901132827088,train
nv_0000047,56704,47033,547,8228,2564,5664,26397,8743,17654,1729,83,1646,1141,346,795,4450,2582,1868,4541,1751,7920,0.829447658014,train
ga_0000139,70968,46175,464,7069,2744,4325,28162,8421,19741,614,56,558,640,289,351,7462,3614,3848,1764,3747,21046,0.65064536129,train
ny_0000144,39198,27618,292,3129,511,2618,19051,5064,13987,134,111,23,1096,401,695,1999,934,1065,1917,1673,9907,0.704576764121,train
ut_0000048,30033,23778,392,6767,3502,3265,10052,5026,5026,597,174,423,1110,634,476,3257,1764,1493,1603,3953,2302,0.791729097992,train
ky_0000062,44700,31035,272,13850,5612,8238,8692,3407,5285,383,274,109,2390,1344,1046,3640,1805,1835,1808,1929,11736,0.694295302013,train
ma_0000081,42773,38228,181,2920,1038,1882,23517,11818,11699,7197,3713,3484,216,79,137,3602,1918,1684,595,531,4014,0.893741378907,train
pa_0000176,46168,35207,879,5616,1701,3915,20443,7723,12720,1185,564,621,1708,286,1422,2724,1489,1235,2652,1692,9269,0.762584474095,train
fl_0000185,70384,51839,379,9022,2393,6629,32590,8805,23785,2471,1147,1324,751,150,601,3527,1525,2002,3099,2494,16051,0.736516822005,train
tx_0000236,48823,30605,409,7045,2220,4825,10262,3329,6933,1990,856,1134,447,93,354,4801,2447,2354,5651,2563,15655,0.626856194826,train
in_0000128,45403,31468,886,9580,2399,7181,9456,1989,7467,1363,574,789,2061,1061,1000,4506,1828,2678,3616,2302,11633,0.693081954937,train
fl_0000197,66254,39628,1106,17468,4372,13096,10785,2632,8153,726,323,403,2138,512,1626,4621,1868,2753,2784,3863,22763,0.598122377517,train
ky_0000059,49042,34454,379,3281,1266,2015,21572,12076,9496,335,45,290,398,121,277,4655,2870,1785,3834,2616,11972,0.702540679418,train
ma_0000076,45568,34499,202,5136,1051,4085,17757,3847,13910,6571,2256,4315,420,144,276,3785,2155,1630,628,1474,9595,0.757088307584,train
fl_0000263,41190,34168,443,6093,1666,4427,19546,6614,12932,2125,1131,994,239,204,35,4709,2835,1874,1013,1030,5992,0.829521728575,train
ca_0000351,54242,38653,140,17679,2343,15336,13216,4104,9112,771,276,495,849,369,480,4054,1701,2353,1944,1566,14023,0.712602780133,train
pa_0000154,43863,29703,340,8016,2603,5413,11761,4503,7258,3989,1124,2865,621,201,420,3964,1913,2051,1012,1934,12226,0.677176663703,train
nc_0000093,53786,34780,654,12656,3931,8725,11488,3953,7535,1626,762,864,1298,254,1044,4564,2221,2343,2494,2364,16642,0.646636671253,train
ks_0000053,46055,35311,578,8782,3381,5401,14137,4364,9773,1551,753,798,2677,1234,1443,4288,1689,2599,3298,1586,9158,0.766713711866,train
ca_0000473,48189,41307,222,10485,4561,5924,15241,7232,8009,4408,2944,1464,726,341,385,8468,5062,3406,1757,2339,4543,0.857187324908,train
ga_0000087,59784,41819,275,6656,2813,3843,24138,11680,12458,208,29,179,883,594,289,3953,1807,2146,5706,2858,15107,0.699501538873,train
ky_0000068,52753,32647,1194,12811,4165,8646,9088,3073,6015,1253,693,560,1878,550,1328,4074,2039,2035,2349,2184,17922,0.618865277804,train
wa_0000089,37706,32097,318,4283,1691,2592,20184,11701,8483,1619,832,787,753,252,501,3886,2496,1390,1054,1149,4460,0.851243833873,train
oh_0000181,47006,26854,401,5477,1322,4155,11069,3187,7882,2906,909,1997,381,81,300,3302,1607,1695,3318,4900,15252,0.571288771646,train
ca_0000398,51083,28956,948,12634,3042,9592,7257,2230,5027,444,212,232,626,140,486,3974,1564,2410,3073,3135,18992,0.566842197992,train
pa_0000165,53517,37809,364,3232,1096,2136,20766,4768,15998,6487,1779,4708,468,47,421,4152,2094,2058,2340,2242,13466,0.706485789562,train
hi_0000024,56619,42628,412,6029,2270,3759,29083,11131,17952,314,207,107,586,465,121,3678,2102,1576,2526,1972,12019,0.752892138681,train
oh_0000155,43291,25881,396,3277,1333,1944,16230,5334,10896,377,69,308,352,60,292,2784,1458,1326,2465,2715,14695,0.597837887783,train
tx_0000286,72072,51023,25,9537,4703,4834,28759,14745,14014,230,116,114,1798,1193,605,4775,2534,2241,5899,9155,11894,0.707944832945,train
mi_0000142,39588,33480,419,6443,3296,3147,17371,7508,9863,1636,768,868,1921,527,1394,2311,1266,1045,3379,1638,4470,0.845710821461,train
tx_0000202,72307,49096,1110,10822,4505,6317,18241,8484,9757,1461,556,905,5086,1456,3630,4785,2377,2408,7591,5303,17908,0.678993735046,train
mn_0000076,48297,40625,394,13046,4404,8642,18701,7141,11560,434,259,175,950,505,445,5461,2807,2654,1639,1314,6358,0.841149553803,train
tx_0000283,51208,36816,317,3748,866,2882,24902,8446,16456,990,37,953,1324,90,1234,3683,1751,1932,1852,5434,8958,0.718950164037,train
tn_0000071,65592,39459,1978,10064,2902,7162,19604,6086,13518,354,0,354,1306,130,1176,2774,1212,1562,3379,1839,24294,0.601582510062,train
co_0000068,47916,39291,425,10926,4979,5947,20351,9299,11052,226,144,82,727,210,517,3929,2687,1242,2707,2290,6335,0.819997495617,train
md_0000094,52683,44620,377,4444,1081,3363,18656,5374,13282,14016,4456,9560,931,394,537,3985,2231,1754,2211,1148,6915,0.846952527381,train
ca_0000343,65680,54623,606,13386,5724,7662,23380,11235,12145,3155,2138,1017,828,567,261,7908,4462,3446,5360,1521,9536,0.831653471376,train
pa_0000159,49007,26018,383,7645,1570,6075,9242,2981,6261,2005,496,1509,1120,367,753,4542,2497,2045,1081,2080,20909,0.530903748444,train
az_0000072,42404,31398,190,5664,2187,3477,20153,7283,12870,171,135,36,415,181,234,2779,1401,1378,2026,1593,9413,0.740449014244,train
nj_0000134,39376,32138,296,1265,412,853,12713,5936,6777,13005,6857,6148,49,0,49,3972,2248,1724,838,1454,5784,0.81618244616,train
ca_0000332,66751,52515,880,14625,6927,7698,19308,8060,11248,896,647,249,4281,2059,2222,7994,5268,2726,4531,3729,10507,0.78672978682,train
fl_0000211,38502,25792,599,8295,1657,6638,8950,2860,6090,907,440,467,1732,1074,658,3266,1635,1631,2043,2456,10254,0.669887278583,train
mo_0000084,41222,28142,1086,12173,2720,9453,8139,2155,5984,337,93,244,2346,526,1820,2649,1182,1467,1412,1891,11189,0.682693707244,train
az_0000086,43022,38748,361,6120,1432,4688,23565,7720,15845,419,216,203,1341,310,1031,5727,2757,2970,1215,1200,3074,0.900655478592,train
ca_0000534,70751,58938,596,7741,3414,4327,41100,22589,18511,363,86,277,824,35,789,6108,3435,2673,2206,2508,9305,0.833034162061,train
ny_0000265,62888,45413,714,4928,884,4044,27260,5399,21861,7456,1970,5486,419,126,293,3538,1428,2110,1098,1650,15825,0.722125047704,train
wi_0000072,85072,71529,1411,20569,7583,12986,34206,16012,18194,3218,1286,1932,949,534,415,7504,4229,3275,3672,2917,10626,0.840805435396,train
ca_0000559,38753,25830,633,7534,3177,4357,10020,3979,6041,944,143,801,801,323,478,3876,1837,2039,2022,1432,11491,0.666529042913,train
tx_0000235,49490,35957,271,10007,4899,5108,11773,5755,6018,3248,1220,2028,280,63,217,5848,2836,3012,4530,1657,11876,0.726550818347,train
nc_0000155,41126,26933,336,7385,2780,4605,11271,4203,7068,126,31,95,1311,543,768,2312,1219,1093,4192,1039,13154,0.654889850703,train
az_0000101,91064,67587,1397,14830,3976,10854,29013,9487,19526,3048,1279,1769,6219,1458,4761,7941,4868,3073,5139,4753,18724,0.742192304313,train
pa_0000144,63594,54933,313,2448,777,1671,21207,8496,12711,17785,9308,8477,272,132,140,11551,3957,7594,1357,1517,7144,0.863807906406,train
tn_0000067,41837,25345,844,11294,3758,7536,5152,1602,3550,692,391,301,1081,576,505,4023,1185,2838,2259,1680,14812,0.605803475393,train
ct_0000066,75029,59837,642,11901,3197,8704,36410,13089,23321,1803,963,840,298,13,285,6705,3404,3301,2078,2553,12639,0.797518292927,train
co_0000078,42526,28730,447,4654,1738,2916,11883,4899,6984,374,268,106,1617,353,1264,6692,3201,3491,3063,2972,10824,0.675586699901,train
nc_0000101,58462,33350,977,12282,4303,7979,10481,3695,6786,236,111,125,1088,398,690,5328,2693,2635,2958,3701,21411,0.570456022716,train
wa_0000078,37822,31065,1329,8240,2617,5623,8430,3883,4547,405,238,167,4406,1486,2920,3218,1926,1292,5037,1429,5328,0.821347363968,train
mi_0000145,68221,55702,637,9317,4461,4856,32562,14543,18019,1562,876,686,1903,660,1243,5815,2618,3197,3906,2483,10036,0.816493455094,train
mi_0000124,78776,55471,1329,9026,3270,5756,32560,13870,18690,1353,732,621,2553,1154,1399,3560,1309,2251,5090,4128,19177,0.704161165837,train
co_0000076,56814,46787,327,9558,3654,5904,29162,15522,13640,529,182,347,273,132,141,4568,2830,1738,2370,2863,7164,0.823511810469,train
oh_0000169,39651,25933,446,5187,2075,3112,13634,4191,9443,467,21,446,1042,370,672,3051,1465,1586,2106,3502,10216,0.654031424176,train
ma_0000109,37649,34078,151,1347,677,670,14747,7567,7180,12264,7541,4723,143,0,143,4511,3157,1354,915,826,2745,0.905150203193,train
nj_0000092,38353,33697,106,872,247,625,29270,14001,15269,733,176,557,48,48,0,2100,985,1115,568,476,4180,0.878601413188,train
va_0000100,67955,37575,3513,13552,4311,9241,4989,1559,3430,727,288,439,5179,1443,3736,3224,1617,1607,6391,3565,26815,0.552939445221,train
az_0000056,57020,45489,786,10339,2993,7346,23002,7500,15502,1850,699,1151,1422,623,799,3899,1741,2158,4191,2221,9310,0.797772711329,train
nj_0000142,52257,42314,223,2803,1396,1407,26285,13687,12598,4838,2513,2325,256,85,171,5460,2799,2661,2449,1604,8339,0.809728840155,train
va_0000128,34781,32634,318,2539,1262,1277,12157,6057,6100,11926,7086,4840,280,202,78,4471,2552,1919,943,782,1365,0.938270895029,train
id_0000028,39914,30331,1290,11904,3225,8679,7594,2555,5039,794,84,710,2946,841,2105,3563,1749,1814,2240,2049,7534,0.759908803928,train
ca_0000431,76844,70921,273,11161,5678,5483,47996,24258,23738,1727,971,756,535,445,90,7960,5654,2306,1269,1965,3958,0.922921763573,train
fl_0000182,46053,37675,622,7172,2764,4408,21834,8923,12911,2250,996,1254,429,0,429,3896,1825,2071,1472,876,7502,0.818079169652,train
fl_0000254,37154,24919,25,4411,1529,2882,15532,5352,10180,127,127,0,332,129,203,3661,1607,2054,831,2100,10135,0.670694945363,train
fl_0000268,54841,37437,436,3358,592,2766,19632,4722,14910,8314,1687,6627,455,209,246,4217,1777,2440,1025,1416,15988,0.682646195365,train
fl_0000232,30280,23872,342,6860,1647,5213,12175,3250,8925,1935,682,1253,86,47,39,2326,1240,1086,148,963,5445,0.788375165125,train
co_0000065,49679,43774,151,8841,3736,5105,25773,14357,11416,851,482,369,527,268,259,5959,3746,2213,1672,2469,3436,0.881136898891,train
tx_0000329,42753,36204,56,9016,2544,6472,14847,5832,9015,2567,1060,1507,369,171,198,8291,2949,5342,1058,2291,4258,0.846817767174,train
md_0000056,45229,39166,778,3496,1243,2253,19658,7720,11938,7506,3702,3804,873,511,362,4847,3227,1620,2008,637,5426,0.865948838135,train
ok_0000058,72782,57268,222,8700,3676,5024,36674,18122,18552,1071,646,425,1247,631,616,4920,2635,2285,4434,3611,11903,0.786842900717,train
tx_0000200,57088,36777,922,13614,4338,9276,5111,1777,3334,952,623,329,6018,2211,3807,6241,3174,3067,3919,3585,16726,0.644215947309,train
co_0000084,35521,32336,247,10476,5198,5278,14004,6930,7074,485,250,235,1170,696,474,5256,4234,1022,698,872,2313,0.910334731567,train
il_0000209,49178,30857,271,8226,3713,4513,12767,6164,6603,367,199,168,1062,452,610,2916,1631,1285,5248,3168,15153,0.627455366221,train
ms_0000032,58820,29435,1210,10135,2950,7185,6301,1775,4526,333,82,251,2897,1093,1804,2953,1552,1401,5606,2749,26636,0.500425025502,train
ny_0000178,41884,32010,475,4857,1951,2906,15141,6198,8943,1259,441,818,308,168,140,9158,4374,4784,812,2008,7866,0.764253652946,train
tx_0000306,34450,21906,305,4887,1604,3283,9396,3060,6336,510,131,379,360,269,91,2618,997,1621,3830,2606,9938,0.63587808418,train
pa_0000119,50249,31594,495,4300,949,3351,19599,3912,15687,2735,616,2119,680,144,536,2216,1458,758,1569,3134,15521,0.628748830823,train
de_0000015,57215,46179,263,3299,875,2424,22341,8396,13945,13276,6388,6888,215,123,92,5523,2921,2602,1262,4068,6968,0.807113519182,train
ca_0000479,38815,29928,727,10761,2057,8704,9835,3191,6644,2218,428,1790,1151,312,839,2222,772,1450,3014,1934,6953,0.771042122891,train
ca_0000470,54816,40635,319,10346,4036,6310,18646,9091,9555,4020,2554,1466,480,296,184,4481,2546,1935,2343,3508,10673,0.741298161121,train
nj_0000150,36892,25805,796,2805,889,1916,16171,5086,11085,1795,569,1226,852,125,727,2252,912,1340,1134,1408,9679,0.699474140735,train
tx_0000252,43524,33302,641,8618,3523,5095,4288,1545,2743,2827,1489,1338,7287,2389,4898,4459,2759,1700,5182,1054,9168,0.765141071593,train
nc_0000121,41319,27862,198,4344,938,3406,17658,4962,12696,554,108,446,765,190,575,2876,1594,1282,1467,1276,12181,0.674314480021,train
pa_0000158,43864,17506,229,3464,619,2845,7410,1847,5563,1242,235,1007,654,0,654,3168,1169,1999,1339,2457,23901,0.399097209557,train
ne_0000030,55939,38695,1267,15655,4345,11310,9525,2902,6623,1306,483,823,3430,1078,2352,4239,2060,2179,3273,2227,15017,0.691735640609,train
va_0000086,80219,48752,2567,9353,2862,6491,21848,8105,13743,1761,705,1056,5226,1006,4220,4569,1885,2684,3428,3330,28137,0.607736321819,train
fl_0000226,46652,36123,355,8714,2531,6183,17609,7623,9986,1734,871,863,564,155,409,5447,3305,2142,1700,2367,8162,0.774307639544,train
mn_0000083,42055,37883,508,7668,2307,5361,23474,11963,11511,386,127,259,644,394,250,4116,2298,1818,1087,849,3323,0.900796575912,train
pr_0000069,42510,16103,893,3326,722,2604,3148,610,2538,106,64,42,1617,327,1290,760,44,716,6253,826,25581,0.378804987062,train
ut_0000041,45114,33165,478,16665,6210,10455,5572,2004,3568,1025,802,223,1551,586,965,5494,2483,3011,2380,1683,10266,0.735137651283,train
ny_0000263,51962,41072,493,9979,1541,8438,23109,7894,15215,2847,668,2179,510,211,299,2804,985,1819,1330,806,10084,0.790423771217,train
ca_0000346,67641,49521,942,17771,4992,12779,13073,5253,7820,1474,603,871,4578,672,3906,8205,2950,5255,3478,2864,15256,0.732115137269,train
tx_0000264,35646,25239,694,6400,3484,2916,8810,3912,4898,1102,473,629,533,104,429,3371,1351,2020,4329,1354,9053,0.708045783538,train
nj_0000097,47417,37051,267,2899,1002,1897,20386,5068,15318,8733,3387,5346,63,63,0,3303,1375,1928,1400,1036,9330,0.781386422591,train
ok_0000055,38496,26748,670,9316,3502,5814,4420,2476,1944,1030,653,377,3879,1480,2399,2008,1439,569,5425,1690,10058,0.694825436409,train
ca_0000561,37735,26895,463,7939,3894,4045,10839,5980,4859,2028,1686,342,494,128,366,3506,2027,1479,1626,686,10154,0.712733536505,train
nc_0000108,40515,33972,176,6041,2454,3587,22664,9536,13128,780,188,592,432,339,93,2630,1366,1264,1249,2092,4451,0.838504257682,train
il_0000208,86070,71667,260,13586,6566,7020,42733,24399,18334,2800,1965,835,1627,713,914,6395,3846,2549,4266,4673,9730,0.832659463228,train
tx_0000330,39011,32228,435,6535,2291,4244,11479,4957,6522,4027,2101,1926,1111,67,1044,6439,2547,3892,2202,1118,5665,0.826125964472,train
pa_0000139,39767,26741,356,3545,1098,2447,15764,4470,11294,2606,703,1903,41,0,41,2361,731,1630,2068,1673,11353,0.672441974501,train
ny_0000191,37507,31493,187,470,300,170,20104,5985,14119,6127,2420,3707,131,15,116,3709,2123,1586,765,996,5018,0.839656597435,train
ne_0000037,41752,25961,256,3352,851,2501,16601,5478,11123,780,233,547,827,39,788,2313,1203,1110,1832,2275,13516,0.621790572907,train
pa_0000174,50196,40240,517,8456,2216,6240,26397,9468,16929,154,75,79,850,558,292,2619,988,1631,1247,1328,8628,0.80165750259,train
tx_0000242,58296,48324,90,11164,6784,4380,19597,11066,8531,5157,3053,2104,1219,810,409,5568,4450,1118,5529,2941,7031,0.82894195142,train
ga_0000130,39083,35110,254,13950,6465,7485,14131,6872,7259,969,733,236,552,316,236,3822,1957,1865,1432,707,3266,0.898344548781,train
nj_0000107,36694,32569,220,3239,1293,1946,22709,8705,14004,2137,925,1212,78,78,0,3379,1930,1449,807,792,3333,0.887583801166,train
ut_0000045,29099,23961,339,5867,1682,4185,11813,3879,7934,177,61,116,1065,98,967,1539,859,680,3161,1705,3433,0.823430358432,train
tx_0000403,31216,19897,754,4889,411,4478,7959,1833,6126,581,127,454,973,141,832,3509,784,2725,1232,287,11032,0.637397488467,train
ms_0000045,44963,23387,834,7815,2349,5466,8074,2259,5815,110,97,13,1899,376,1523,2626,1065,1561,2029,4911,16665,0.520138780775,train
ky_0000069,53445,37728,884,17109,3210,13899,13807,3557,10250,799,448,351,1058,242,816,3133,1848,1285,938,1918,13799,0.705921975863,train
nc_0000133,48286,33261,322,9000,2727,6273,16113,4154,11959,761,432,329,730,282,448,4205,2397,1808,2130,2121,12904,0.68883320217,train
oh_0000178,45944,32292,516,5966,2214,3752,19469,6313,13156,441,216,225,1052,246,806,2878,1047,1831,1970,2368,11284,0.702855650357,train
fl_0000294,36425,23104,969,13201,4246,8955,2452,1324,1128,106,0,106,685,314,371,3851,1769,2082,1840,2635,10686,0.634289636239,train
nj_0000080,53286,41308,792,6277,1217,5060,27528,8267,19261,1461,591,870,666,379,287,3705,1770,1935,879,1676,10302,0.775213001539,train
wa_0000077,49163,39005,334,5989,2014,3975,22786,11914,10872,127,0,127,794,314,480,5474,2756,2718,3501,1349,8809,0.79338120131,train
va_0000105,62167,37923,1268,7360,2462,4898,14073,4557,9516,776,230,546,2606,1194,1412,3978,2328,1650,7862,4638,19606,0.610018176846,train
wi_0000082,41524,29331,791,11699,2831,8868,8872,2858,6014,28,15,13,2295,674,1621,2636,1157,1479,3010,1015,11178,0.706362585493,train
ca_0000426,47482,40225,676,8898,4765,4133,16957,8979,7978,3508,2533,975,2004,957,1047,5756,3423,2333,2426,1337,5920,0.847163135504,train
oh_0000106,45886,37493,261,8121,3225,4896,20549,8374,12175,1724,738,986,231,63,168,4643,2094,2549,1964,1410,6983,0.817090180011,train
va_0000127,50634,47558,271,3185,1346,1839,15899,8196,7703,20686,12565,8121,444,363,81,5664,3669,1995,1409,273,2803,0.939250306118,train
ca_0000512,37947,29899,165,3735,920,2815,17670,6896,10774,455,243,212,182,137,45,1935,1009,926,5757,1382,6666,0.787914723167,train
md_0000058,46450,37349,182,2311,763,1548,16882,7102,9780,10413,4322,6091,117,0,117,6163,3999,2164,1281,1131,7970,0.804068891281,train
wa_0000081,40832,30060,231,5718,2016,3702,15098,5889,9209,206,74,132,991,413,578,5807,2772,3035,2009,2870,7902,0.736187304075,train
ca_0000467,47851,36729,822,10245,3680,6565,14243,4480,9763,2509,1096,1413,897,75,822,3564,1768,1796,4449,2482,8640,0.767570165723,train
az_0000098,45258,35069,780,4003,1546,2457,22037,10417,11620,942,866,76,882,379,503,3811,1900,1911,2614,1991,8198,0.77486853153,train
tx_0000298,42961,35353,728,13708,3589,10119,11915,4757,7158,1952,176,1776,1136,737,399,3025,1349,1676,2889,1006,6602,0.822909150159,train
ca_0000331,48888,33901,1605,12807,3634,9173,9302,3297,6005,355,0,355,3837,763,3074,3062,929,2133,2933,1920,13067,0.693442153494,train
tx_0000353,41275,36804,243,4898,2146,2752,19419,8619,10800,2498,1217,1281,560,332,228,4264,2683,1581,4922,1295,3176,0.891677771048,train
pa_0000100,53251,39061,896,14815,3644,11171,18103,5775,12328,419,107,312,542,202,340,3469,1482,1987,817,1248,12942,0.733526130965,train
al_0000087,41552,28888,398,7742,2936,4806,12213,4267,7946,1592,1036,556,454,232,222,4465,2024,2441,2024,2311,10353,0.695225259915,train
ca_0000388,39713,25967,258,8062,2910,5152,8826,3507,5319,2074,504,1570,1997,428,1569,3374,1691,1683,1376,1158,12588,0.653866492081,train
tx_0000363,39830,33682,181,5785,2528,3257,18869,8194,10675,1403,551,852,1847,474,1373,3721,2512,1209,1876,1158,4990,0.845643986945,train
md_0000090,54154,46923,454,3348,1234,2114,20516,10284,10232,14076,7096,6980,520,172,348,6204,3632,2572,1805,1691,5540,0.866473390701,train
sc_0000064,76763,54069,303,8043,2842,5201,21454,8774,12680,3171,719,2452,234,40,194,16810,8976,7834,4054,3073,19621,0.704362778943,train
ar_0000051,41004,27955,686,10089,3774,6315,4626,1428,3198,2298,602,1696,2463,937,1526,3572,2034,1538,4221,2929,10120,0.681762754853,train
oh_0000102,53753,37616,643,9707,3701,6006,18288,7373,10915,435,0,435,1232,732,500,2720,1392,1328,4591,1840,14297,0.699793499898,train
tx_0000299,41338,35839,293,7985,2538,5447,20395,11423,8972,2999,1559,1440,399,271,128,2567,1687,880,1201,1423,4076,0.866974696405,train
al_0000081,52007,22885,1116,10781,1994,8787,3651,907,2744,77,0,77,2114,725,1389,1885,754,1131,3261,2056,27066,0.440036918107,train
mo_0000089,47704,30600,114,9003,4102,4901,8746,4551,4195,1641,670,971,547,270,277,5397,3985,1412,5152,4180,12924,0.641455643133,train
ca_0000452,41299,36788,287,2818,792,2026,8865,3191,5674,17982,6818,11164,842,262,580,4904,2669,2235,1090,693,3818,0.89077217366,train
ca_0000356,40128,29482,367,6161,1840,4321,16619,5331,11288,1062,470,592,585,229,356,3246,1254,1992,1442,1166,9480,0.734698963317,train
wa_0000085,35586,21940,719,7747,1726,6021,5465,2298,3167,234,234,0,2956,750,2206,2319,903,1416,2500,1056,12590,0.616534592255,train
mo_0000096,53469,45257,422,13861,5611,8250,18529,8993,9536,3950,1813,2137,1028,592,436,5177,3098,2079,2290,1342,6870,0.846415680114,train
fl_0000195,69654,57097,810,2691,940,1751,24296,6714,17582,16242,5849,10393,713,213,500,11373,4553,6820,972,2148,10409,0.819723203262,train
ca_0000423,63797,52086,602,15603,7271,8332,19998,9939,10059,990,674,316,3312,922,2390,7076,3543,3533,4505,1916,9795,0.81643337461,train
ri_0000030,68798,55044,239,1651,732,919,24512,10824,13688,17959,8656,9303,268,180,88,8455,4544,3911,1960,2501,11253,0.800081397715,train
wa_0000084,44156,31592,371,7860,3034,4826,15390,5758,9632,434,67,367,1105,178,927,2845,1420,1425,3587,2657,9907,0.715463357188,train
tn_0000073,47334,27739,446,4153,1104,3049,10993,3302,7691,2429,1523,906,2760,428,2332,2582,939,1643,4376,1759,17836,0.586026957367,train
ri_0000032,49115,40965,101,1206,533,673,21912,8157,13755,9111,5060,4051,221,91,130,6837,3292,3545,1577,878,7272,0.83406291357,train
ca_0000555,75217,62162,1075,13865,5346,8519,27896,11759,16137,1006,522,484,5211,2192,3019,9126,4192,4934,3983,2640,10415,0.826435513248,train
ca_0000552,53836,42913,94,6959,1873,5086,17425,6196,11229,5948,1513,4435,2474,677,1797,5687,2912,2775,4326,1557,9366,0.797106025708,train
pa_0000130,63590,47861,611,5979,2145,3834,24121,10172,13949,8096,3092,5004,441,365,76,5030,2808,2222,3583,2580,13149,0.752649787702,train
tx_0000349,59857,36519,1122,10671,3688,6983,8730,2269,6461,1142,602,540,5139,2331,2808,4041,2511,1530,5674,4296,19042,0.610104081394,train
tx_0000250,42132,32452,267,3638,1523,2115,12839,5251,7588,6678,2722,3956,647,346,301,5605,2596,3009,2778,1857,7823,0.770245893857,train
wa_0000104,73942,60340,322,9066,4479,4587,39187,19972,19215,1518,915,603,919,547,372,5359,3650,1709,3969,3927,9675,0.81604500825,train
ks_0000058,58144,45478,629,7850,3059,4791,21807,9597,12210,3070,1025,2045,1556,521,1035,8399,5064,3335,2167,2040,10626,0.782161529994,train
tx_0000210,42181,31967,155,7550,4192,3358,14872,8289,6583,320,178,142,1554,662,892,2924,1480,1444,4592,1987,8227,0.757853061805,train
md_0000085,41972,35788,236,2755,1111,1644,9538,2784,6754,13256,4503,8753,639,232,407,8520,5160,3360,844,1362,4822,0.852663680549,train
wv_0000022,55253,36211,498,6753,2253,4500,20862,8347,12515,430,251,179,1758,76,1682,3508,1541,1967,2402,2308,16734,0.655367129387,train
ks_0000045,44091,33522,656,6645,3083,3562,14357,5674,8683,1713,742,971,3145,1668,1477,2425,1185,1240,4581,1666,8903,0.760291215894,train
ca_0000504,58399,50847,423,7180,2710,4470,34291,17174,17117,1847,689,1158,1220,223,997,4318,2290,2028,1568,765,6787,0.87068271717,train
fl_0000251,42500,34211,99,5720,2553,3167,20647,8746,11901,1129,690,439,28,0,28,5967,1554,4413,621,1135,7154,0.804964705882,train
ma_0000122,41044,34741,164,3815,2458,1357,19804,8691,11113,5322,2310,3012,126,0,126,4335,2562,1773,1175,1303,5000,0.846433096189,train
fl_0000205,40393,34601,612,5247,2150,3097,21495,8764,12731,1085,593,492,565,242,323,3818,1990,1828,1779,1437,4355,0.85660881836,train
il_0000174,42798,32598,410,7524,2166,5358,17561,8171,9390,1802,1103,699,357,115,242,3268,1967,1301,1676,1074,9126,0.761671106126,train
ky_0000044,47939,27260,608,11433,1901,9532,10395,2583,7812,203,54,149,904,123,781,2059,467,1592,1658,2611,18068,0.56863931246,train
ga_0000137,45641,35012,433,15145,4663,10482,9370,2495,6875,423,119,304,1348,408,940,6597,2796,3801,1696,1845,8784,0.767117284897,train
ga_0000106,57062,41214,222,14414,2033,12381,18940,8050,10890,546,140,406,515,145,370,3317,1417,1900,3260,2232,13616,0.722267007816,train
az_0000097,33796,20390,204,2481,620,1861,11405,5132,6273,281,86,195,678,186,492,2464,1210,1254,2877,2605,10801,0.603325837377,train
oh_0000180,61735,45726,962,8323,2687,5636,20374,7008,13366,6254,1727,4527,833,260,573,5860,2742,3118,3120,3212,12797,0.740681947032,train
az_0000108,65005,47348,606,10736,2384,8352,17585,5223,12362,417,125,292,3994,517,3477,10817,2012,8805,3193,3432,14225,0.728374740405,train
mi_0000112,44862,28066,1736,4775,1510,3265,8381,2427,5954,510,155,355,4682,763,3919,2993,1456,1537,4989,2669,14127,0.625607418305,train
tx_0000373,31698,15562,156,2691,553,2138,7887,1591,6296,663,60,603,352,125,227,1521,822,699,2292,1005,15131,0.490945800997,train
ga_0000120,65336,45717,1417,12348,2546,9802,20097,4921,15176,3917,1194,2723,980,660,320,4767,2221,2546,2191,2067,17552,0.699721439941,train
pa_0000111,64235,46428,619,8716,2731,5985,28300,9919,18381,621,239,382,1122,169,953,3405,1976,1429,3645,1495,16312,0.722783529229,train
tx_0000285,55100,35031,1319,11450,5587,5863,3538,1576,1962,531,16,515,5755,2341,3414,3637,1301,2336,8801,3054,17015,0.635771324864,train
ca_0000380,77281,58574,819,15075,6418,8657,32266,11775,20491,2018,1081,937,612,122,490,5047,2366,2681,2737,2567,16140,0.757935326924,train
nv_0000043,77577,60763,338,7046,2685,4361,36797,14700,22097,1856,240,1616,1456,326,1130,6799,3276,3523,6471,3465,13349,0.783260502469,train
ia_0000052,72312,62974,626,22033,9092,12941,30012,15298,14714,793,453,340,1149,643,506,4920,3132,1788,3441,2153,7185,0.870865139949,train
ma_0000111,46018,38153,213,2794,1172,1622,18873,7279,11594,8024,3781,4243,369,216,153,6454,3797,2657,1426,2116,5749,0.829088617498,train
ms_0000048,62010,41159,1352,11326,3170,8156,15036,4338,10698,159,93,66,2114,473,1641,3542,1875,1667,7630,5526,15325,0.663747782616,train
tx_0000324,39565,34600,270,6592,4083,2509,19734,12531,7203,733,381,352,781,469,312,3912,2715,1197,2578,896,4069,0.874510299507,train
ca_0000463,62424,49276,920,6588,1806,4782,25169,7748,17421,5748,1726,4022,924,300,624,5383,3173,2210,4544,3229,9919,0.789375881071,train
ky_0000041,42619,25544,788,12838,3116,9722,3987,2144,1843,1664,272,1392,558,122,436,4378,1814,2564,1331,1057,16018,0.599357094254,train
il_0000169,40970,32529,401,8386,2845,5541,15579,5135,10444,424,130,294,2097,422,1675,3656,1931,1725,1986,1118,7323,0.793971198438,train
mi_0000115,43776,34845,285,7377,2649,4728,18386,6837,11549,1301,339,962,937,490,447,3425,1691,1734,3134,2157,6774,0.795984100877,train
oh_0000129,42174,29892,927,5846,1497,4349,14264,5189,9075,396,82,314,2046,1121,925,2841,792,2049,3572,1649,10633,0.708777920046,train
oh_0000124,41029,26747,299,6444,2818,3626,13412,6154,7258,697,398,299,544,254,290,2859,416,2443,2492,2599,11683,0.651904750299,train
md_0000073,43162,39422,213,2945,994,1951,10999,5251,5748,19757,10405,9352,540,355,185,4216,2644,1572,752,927,2813,0.91334970576,train
ny_0000201,37792,32281,70,739,316,423,20116,9526,10590,7822,3437,4385,125,125,0,2829,1967,862,580,903,4608,0.854175486876,train
tx_0000400,32456,16835,504,2437,591,1846,8402,2715,5687,862,0,862,579,52,527,2026,927,1099,2025,880,14741,0.518702243037,train
va_0000092,44918,32220,1087,4644,1586,3058,16933,6336,10597,815,150,665,2613,701,1912,3348,2063,1285,2780,3448,9250,0.717307092925,train
wi_0000086,68985,49858,600,9821,2942,6879,28837,7781,21056,1169,384,785,1422,319,1103,3956,1746,2210,4053,2889,16238,0.722736826846,train
fl_0000281,48467,28114,885,6444,1534,4910,11821,3817,8004,1521,875,646,912,145,767,3872,1921,1951,2659,5789,14564,0.580064786349,train
me_0000032,52675,43025,317,4846,1089,3757,31215,11791,19424,213,103,110,577,199,378,4387,2302,2085,1470,1375,8275,0.81680113906,train
tx_0000405,33044,17838,598,3988,1116,2872,5728,1447,4281,595,13,582,1345,279,1066,2798,1539,1259,2786,1563,13643,0.539825686963,train
il_0000173,49046,39071,509,6732,3254,3478,23552,10937,12615,823,531,292,543,209,334,5311,3348,1963,1601,1667,8308,0.796619500061,train
sc_0000051,39326,27637,459,6176,2263,3913,10924,4212,6712,1418,662,756,503,89,414,6457,4008,2449,1700,1778,9911,0.702766617505,train
tx_0000358,46935,31082,108,4885,1569,3316,16202,8312,7890,1455,678,777,1197,509,688,2506,1587,919,4729,4169,11684,0.662235005859,train
tn_0000082,45499,27944,264,3615,768,2847,11368,2732,8636,8951,3322,5629,76,0,76,2478,1187,1291,1192,1948,15607,0.614167344337,train
ca_0000442,34199,31994,0,4570,3004,1566,22633,13302,9331,812,708,104,200,49,151,3057,2033,1024,722,1258,947,0.935524430539,train
va_0000123,44159,32243,188,3300,1219,2081,14902,4891,10011,5380,1334,4046,302,125,177,7003,1867,5136,1168,1898,10018,0.730156932902,train
oh_0000158,35152,24652,108,2626,994,1632,12130,4111,8019,414,44,370,118,0,118,8050,1140,6910,1206,1006,9494,0.701297223487,train
in_0000084,41125,24545,490,8387,1123,7264,10131,2617,7514,652,188,464,478,99,379,3308,1323,1985,1099,3971,12609,0.596838905775,train
wi_0000102,40292,31617,688,6718,1878,4840,16832,7694,9138,445,108,337,2015,509,1506,1906,904,1002,3013,1611,7064,0.784696713988,train
mo_0000099,41378,34652,757,9107,3304,5803,14944,4779,10165,3141,671,2470,1320,198,1122,3391,1556,1835,1992,1011,5715,0.837449852579,train
nc_0000110,53674,48832,142,6677,3517,3160,32785,18311,14474,3625,1869,1756,78,31,47,3752,2199,1553,1773,1503,3339,0.909788724522,train
tx_0000383,40182,38288,124,5918,2123,3795,21004,7419,13585,3690,1814,1876,545,237,308,5243,3283,1960,1764,554,1340,0.952864466677,train
or_0000076,38694,31815,71,2865,1099,1766,17079,6708,10371,7151,3805,3346,533,278,255,1845,891,954,2271,1408,5471,0.822220499302,train
sd_0000023,36384,21253,274,6642,2363,4279,5938,1624,4314,1478,340,1138,923,229,694,3977,864,3113,2021,1763,13368,0.584130386983,train
de_0000016,51591,41015,247,3164,659,2505,20529,7591,12938,10566,3978,6588,340,252,88,4714,2545,2169,1455,2478,8098,0.7950030044,train
nj_0000115,45579,38237,180,6017,2660,3357,26407,12970,13437,400,152,248,647,0,647,2969,2150,819,1617,1683,5659,0.83891704513,train
ks_0000049,53797,46555,352,8978,4150,4828,23597,13654,9943,4233,2076,2157,430,176,254,5154,3244,1910,3811,1649,5593,0.865382828039,train
mo_0000103,45047,25265,472,7932,3060,4872,6873,2244,4629,1568,493,1075,2470,989,1481,2112,490,1622,3838,2649,17133,0.560858658734,train
tn_0000108,37221,20831,198,4974,1827,3147,6823,2499,4324,491,225,266,295,140,155,6454,3470,2984,1596,3347,13043,0.559657182773,train
ca_0000439,50111,39090,198,6947,1586,5361,19644,4136,15508,6001,2040,3961,458,187,271,4083,2285,1798,1759,1828,9193,0.780068248488,train
fl_0000153,49800,40419,350,5094,1498,3596,27411,8511,18900,724,117,607,474,378,96,4029,2382,1647,2337,2058,7323,0.811626506024,train
ca_0000459,49068,38069,265,9722,5332,4390,15248,7807,7441,3305,1976,1329,1327,574,753,4028,1896,2132,4174,1761,9238,0.775841689085,train
md_0000077,49008,41505,361,4608,949,3659,12037,3854,8183,16675,6244,10431,93,0,93,6500,2027,4473,1231,1405,6098,0.846902546523,train
ne_0000029,45852,33168,614,9061,3175,5886,13790,4764,9026,1109,192,917,2533,755,1778,3070,1492,1578,2991,1965,10719,0.723370845328,train
oh_0000166,71283,44259,488,9668,3179,6489,22401,9985,12416,921,469,452,660,166,494,3764,1567,2197,6357,4497,22527,0.620891376626,train
in_0000123,46572,26680,741,6374,2604,3770,11487,2803,8684,846,275,571,2045,725,1320,2615,1121,1494,2572,3198,16694,0.572876406424,train
pa_0000181,52557,30113,714,7526,1518,6008,16431,3725,12706,597,68,529,1389,552,837,1827,748,1079,1629,2041,20403,0.572958882737,train
ct_0000059,57722,48061,296,8285,2285,6000,30420,10209,20211,1302,389,913,275,143,132,6100,3778,2322,1383,1782,7879,0.832628807041,train
oh_0000141,47966,33981,682,7505,2857,4648,18939,8564,10375,279,27,252,1010,591,419,2789,1013,1776,2777,1613,12372,0.708439311179,train
va_0000093,41663,28857,639,13459,4475,8984,7918,3391,4527,205,78,127,1175,449,726,2404,1258,1146,3057,1640,11166,0.692628951348,train
oh_0000172,53739,33659,993,7330,1011,6319,18191,3701,14490,959,198,761,2071,765,1306,2565,1355,1210,1550,2589,17491,0.626342135135,train
wv_0000030,40256,27946,390,7719,1858,5861,15112,3926,11186,679,275,404,982,273,709,2521,656,1865,543,1072,11238,0.694207074722,train
wi_0000087,54422,40269,1067,11954,4496,7458,15644,6677,8967,386,116,270,2959,898,2061,3874,2020,1854,4385,1600,12553,0.739939730256,train
ia_0000044,61048,44230,738,11430,3729,7701,15807,5840,9967,1579,475,1104,4276,1529,2747,7246,4085,3161,3154,2344,14474,0.72451185952,train
ms_0000036,65089,34441,730,11505,2533,8972,11387,3666,7721,114,45,69,2061,355,1706,3456,987,2469,5188,5998,24650,0.529137027762,train
il_0000178,48088,31895,133,5242,1568,3674,18475,8174,10301,853,318,535,779,93,686,3329,1022,2307,3084,3149,13044,0.663263184162,train
or_0000074,42939,37170,70,3753,1883,1870,19739,7567,12172,7748,3895,3853,585,118,467,3862,2195,1667,1413,905,4864,0.865646614965,train
oh_0000162,40970,30809,536,6437,2166,4271,18012,6774,11238,188,45,143,1227,273,954,1852,892,960,2557,1788,8373,0.751989260434,train
ny_0000143,69312,58244,368,7511,2406,5105,42946,19317,23629,728,448,280,938,523,415,4653,2513,2140,1100,2065,9003,0.840316251154,train
pa_0000115,45783,35732,248,3150,1082,2068,16504,6946,9558,8679,4124,4555,662,93,569,4060,1807,2253,2429,1083,8968,0.780464364502,train
tx_0000267,37919,27728,441,7364,3363,4001,7869,3189,4680,3373,1103,2270,913,426,487,3148,1519,1629,4620,1661,8530,0.731242912524,train
fl_0000267,42512,31815,484,2796,719,2077,17288,4068,13220,6388,1802,4586,312,71,241,3407,1748,1659,1140,1105,9592,0.748376928867,train
pr_0000077,39857,23688,861,5237,2316,2921,7045,3895,3150,1265,269,996,1135,356,779,3299,834,2465,4846,1704,14465,0.594324710841,train
pa_0000183,40468,28165,625,8028,1923,6105,13158,4445,8713,128,86,42,827,234,593,2641,1371,1270,2758,1473,10830,0.695982010477,train
ny_0000175,47459,39355,589,7267,2831,4436,25763,9661,16102,759,229,530,338,162,176,3758,2098,1660,881,1149,6955,0.82924208264,train
tx_0000201,49809,36490,377,11320,3352,7968,11784,4488,7296,1246,523,723,1760,646,1114,4894,2973,1921,5109,2745,10574,0.732598526371,train
il_0000159,78736,55757,980,9905,2896,7009,30163,13515,16648,158,0,158,2221,448,1773,6724,2911,3813,5606,3148,19831,0.708151290388,train
nv_0000041,44819,28154,253,3908,2082,1826,14549,5971,8578,79,40,39,712,453,259,5450,3050,2400,3203,3308,13357,0.628171088155,train
tx_0000291,52790,34815,1896,13236,5403,7833,11689,4244,7445,307,0,307,2367,632,1735,3270,1027,2243,2050,2156,15819,0.659499905285,train
md_0000065,36759,27717,334,4151,1468,2683,16464,5253,11211,507,249,258,1747,495,1252,2369,1027,1342,2145,1772,7270,0.754019423815,train
wi_0000095,46984,37391,314,5569,1642,3927,22608,10427,12181,3464,2099,1365,285,68,217,3847,1916,1931,1304,1111,8482,0.795824110335,train
me_0000029,43736,31855,549,4678,1433,3245,20025,8230,11795,513,196,317,255,23,232,3053,1439,1614,2782,1638,10243,0.728347356868,train
nh_0000031,42307,34758,902,7886,1291,6595,21273,8155,13118,308,144,164,758,325,433,2575,1255,1320,1056,1447,6102,0.821566171083,train
pa_0000097,57668,44362,700,13548,3649,9899,20835,6354,14481,490,236,254,636,130,506,7199,1597,5602,954,1487,11819,0.76926545051,train
in_0000085,48694,29114,269,8994,2013,6981,11666,4848,6818,1009,573,436,736,158,578,3454,1876,1578,2986,2736,16844,0.597897071508,train
ga_0000121,33892,24066,597,7106,1493,5613,5299,1204,4095,3935,946,2989,158,78,80,5847,1360,4487,1124,360,9466,0.710079074708,train
al_0000056,67746,49714,297,12252,5035,7217,24970,8642,16328,1346,272,1074,1260,543,717,5458,3586,1872,4131,2475,15557,0.733829303575,train
il_0000164,40953,36551,819,9396,4307,5089,17045,8281,8764,1676,1204,472,1562,651,911,3964,2745,1219,2089,542,3860,0.89251092716,train
pa_0000114,51067,36790,614,4705,1300,3405,18115,5117,12998,8405,3162,5243,439,68,371,3193,1937,1256,1319,3150,11127,0.720426106879,train
nj_0000139,57671,48166,479,5003,1907,3096,30095,9331,20764,5935,1691,4244,503,173,330,4217,2245,1972,1934,1281,8224,0.835185795287,train
ok_0000041,41068,26581,297,9522,3427,6095,6627,2889,3738,1423,268,1155,3198,786,2412,3092,1610,1482,2422,2629,11858,0.647243595987,train
ny_0000247,46096,33247,299,2157,350,1807,22385,6227,16158,2081,891,1190,821,391,430,4515,2063,2452,989,1730,11119,0.721255640403,train
fl_0000286,59584,48889,521,15000,7822,7178,19326,8962,10364,2939,1269,1670,1897,577,1320,4857,2089,2768,4349,1830,8865,0.820505504834,train
ia_0000041,48025,33423,717,10005,3554,6451,9291,3680,5611,1215,170,1045,2927,981,1946,4215,1661,2554,5053,1825,12777,0.695950026028,train
il_0000133,71176,47751,1320,17576,5917,11659,16405,7203,9202,1135,287,848,1738,556,1182,4521,1892,2629,5056,3813,19612,0.670886253793,train
mi_0000135,52015,41253,727,9500,5493,4007,21096,10773,10323,1879,1167,712,1396,942,454,2861,1367,1494,3794,1697,9065,0.793098144766,train
ut_0000046,39434,30076,562,5887,1615,4272,14672,4990,9682,1715,974,741,1181,267,914,3019,1509,1510,3040,2521,6837,0.762692093118,train
ca_0000359,55168,46787,560,9504,3279,6225,16158,5556,10602,10765,3787,6978,475,204,271,7692,4121,3571,1633,1279,7102,0.848082221578,train
co_0000064,60158,49927,753,13958,4999,8959,24816,10833,13983,799,294,505,2575,673,1902,4004,2449,1555,3022,2144,8087,0.829931181223,train
fl_0000192,57977,42578,224,3012,467,2545,20188,5765,14423,11015,4817,6198,557,260,297,6554,3782,2772,1028,5320,10079,0.73439467375,train
ny_0000138,53015,40929,421,5329,1767,3562,30863,11697,19166,206,206,0,237,156,81,2625,1228,1397,1248,2537,9549,0.772026784872,train
wi_0000081,47489,34062,969,11443,3333,8110,9285,3336,5949,727,291,436,3048,929,2119,2990,1501,1489,5600,1040,12387,0.717260839352,train
ar_0000046,42509,19655,243,4951,1781,3170,6726,2146,4580,292,110,182,1855,955,900,1917,669,1248,3671,2879,19975,0.462372674022,train
nm_0000037,60405,43070,929,13329,4538,8791,14254,5425,8829,886,315,571,2259,667,1592,7443,2751,4692,3970,3169,14166,0.713020445327,train
fl_0000250,36554,30041,213,3447,785,2662,21915,8242,13673,439,205,234,502,211,291,2070,507,1563,1455,1037,5476,0.821825244843,train
tx_0000195,43194,27226,131,6549,1212,5337,13233,3675,9558,572,198,374,1570,622,948,2185,1302,883,2986,1529,14439,0.630319025791,train
tx_0000381,36308,25344,198,5542,2263,3279,12642,5168,7474,786,492,294,467,0,467,3457,2013,1444,2252,1982,8982,0.698027982814,train
va_0000098,52360,34684,1284,9527,3102,6425,15370,6026,9344,470,128,342,1248,200,1048,4139,1418,2721,2646,4353,13323,0.662414056532,train
in_0000100,47036,33198,596,12838,3051,9787,8964,2205,6759,1516,488,1028,2883,1127,1756,2646,1029,1617,3755,1953,11885,0.705799812909,train
mn_0000096,39931,33022,229,10087,4605,5482,14243,7180,7063,816,441,375,985,325,660,3783,1910,1873,2879,1596,5313,0.826976534522,train
pa_0000121,46872,37272,187,2387,645,1742,17906,6489,11417,10595,5014,5581,307,0,307,4032,2163,1869,1858,1542,8058,0.795186891961,train
tx_0000360,61612,53175,509,7320,3170,4150,33974,20469,13505,2599,1680,919,793,436,357,2974,1700,1274,5006,2254,6183,0.863062390443,train
ca_0000408,58594,53332,542,6233,2743,3490,15172,8519,6653,16235,10045,6190,494,172,322,13224,10819,2405,1432,787,4475,0.910195583166,train
ny_0000215,41585,32828,641,2313,1176,1137,20758,8739,12019,482,129,353,511,216,295,7137,1870,5267,986,1433,7324,0.789419261753,train
tx_0000208,34532,23922,140,8932,3625,5307,4158,1632,2526,2264,1344,920,2901,1625,1276,3062,1365,1697,2465,2586,8024,0.692748754778,train
il_0000181,48604,43709,277,5715,2608,3107,28827,17415,11412,1779,915,864,712,314,398,4117,2672,1445,2282,1270,3625,0.899288124434,train
mi_0000170,42470,19261,233,3396,655,2741,8233,1576,6657,1234,120,1114,896,166,730,4041,852,3189,1228,5613,17596,0.453520131858,train
tx_0000391,43434,29007,912,3662,1034,2628,11293,2937,8356,138,0,138,3479,1046,2433,4324,2010,2314,5199,1866,12561,0.667840861998,train
fl_0000151,70166,55170,293,9425,2890,6535,36899,12896,24003,852,384,468,502,330,172,5637,2537,3100,1562,2099,12897,0.786278254425,train
ca_0000472,45623,32228,424,11443,2905,8538,11772,4261,7511,1163,494,669,771,109,662,4633,2352,2281,2022,3830,9565,0.706398088683,train
ny_0000182,26655,16519,121,1022,199,823,9592,3299,6293,3183,1466,1717,92,92,0,2210,1082,1128,299,2065,8071,0.619733633465,train
mo_0000064,45640,30070,723,10364,3344,7020,5568,2222,3346,1871,827,1044,2760,1323,1437,4636,1980,2656,4148,1791,13779,0.658851884312,train
tx_0000355,45166,39826,0,7937,2968,4969,18647,7734,10913,2860,1359,1501,896,367,529,6306,3423,2883,3180,1459,3881,0.881769472612,train
pa_0000134,45694,35413,563,6679,2161,4518,22942,8577,14365,189,81,108,592,184,408,2688,1227,1461,1760,948,9333,0.775003282707,train
il_0000155,43647,30929,455,8516,1966,6550,13447,4834,8613,456,238,218,2649,941,1708,2944,1381,1563,2462,899,11819,0.708616857974,valid
ga_0000126,43401,36819,456,9559,3930,5629,14301,6463,7838,2505,1401,1104,367,155,212,7649,5330,2319,1982,1751,4831,0.848344508191,valid
oh_0000154,51842,31443,466,4262,1728,2534,19322,6015,13307,963,431,532,267,183,84,4230,2325,1905,1933,3957,16442,0.606515952317,valid
il_0000197,64626,53162,793,11792,4458,7334,30605,15520,15085,1491,651,840,700,458,242,5263,3020,2243,2518,1552,9912,0.822610095008,valid
la_0000052,48142,32681,230,8845,2987,5858,15080,5718,9362,363,100,263,1088,555,533,3146,1804,1342,3929,1844,13617,0.678845914171,valid
pa_0000177,54986,42176,1444,8052,2152,5900,25610,9036,16574,183,108,75,1507,558,949,2600,1293,1307,2780,1820,10990,0.767031608046,valid
ny_0000203,33473,30135,0,600,353,247,17786,7944,9842,6038,2856,3182,129,0,129,5238,3372,1866,344,389,2949,0.900277835868,valid
ga_0000101,41242,29697,394,8970,4035,4935,9685,3715,5970,993,188,805,460,127,333,6391,2463,3928,2804,2893,8652,0.72006692207,valid
mi_0000174,58479,42141,1061,6015,1937,4078,27673,9424,18249,396,208,188,1340,763,577,2927,1631,1296,2729,2067,14271,0.720617657621,valid
ga_0000124,61083,46742,765,11345,4902,6443,20189,7721,12468,2336,706,1630,1853,1205,648,7297,3852,3445,2957,1922,12419,0.765221092612,valid
nj_0000103,38594,30378,338,5579,2223,3356,20058,8844,11214,939,0,939,872,31,841,2127,1357,770,465,469,7747,0.787117168472,valid
ny_0000199,35104,30742,83,538,87,451,18717,6383,12334,6669,2894,3775,179,0,179,3959,2050,1909,597,599,3763,0.875740656335,valid
ny_0000239,45803,30550,51,2611,876,1735,14773,5632,9141,675,306,369,1421,443,978,2780,1462,1318,8239,1549,13704,0.666986878589,valid
wa_0000090,36743,31411,462,11408,4257,7151,13201,6315,6886,306,92,214,1026,499,527,3298,1702,1596,1710,1104,4228,0.854883923468,valid
mi_0000150,48687,42746,699,7590,2292,5298,24706,9599,15107,1789,715,1074,884,292,592,4327,2315,2012,2751,735,5206,0.877975640315,valid
ca_0000527,38721,32998,298,9362,4014,5348,17225,7499,9726,729,309,420,305,0,305,3786,2229,1557,1293,1268,4455,0.852199065107,valid
ar_0000047,42262,23544,479,8549,3462,5087,5751,2870,2881,119,72,47,2275,1103,1172,2325,1238,1087,4046,1730,16988,0.557096209361,valid
ok_0000045,38817,24515,651,7225,2457,4768,7527,1915,5612,1038,199,839,2213,628,1585,2244,1173,1071,3617,1899,12403,0.63155318546,valid
ar_0000053,73710,47153,1193,8322,2179,6143,24443,7885,16558,1016,263,753,1709,534,1175,6140,2125,4015,4330,3358,23199,0.639709673043,valid
wa_0000126,42985,33408,1171,11308,2653,8655,12443,4345,8098,261,143,118,1406,423,983,4085,1956,2129,2734,2000,7577,0.777201349308,valid
ar_0000056,39941,22880,510,9513,1990,7523,4689,1829,2860,1082,283,799,996,191,805,1995,1079,916,4095,1895,15166,0.572844946296,valid
pa_0000117,55131,43253,665,4157,1647,2510,17204,7805,9399,12997,7338,5659,798,363,435,5646,2651,2995,1786,1581,10297,0.784549527489,valid
va_0000133,39763,36752,42,1263,744,519,15592,8621,6971,15292,9717,5575,140,0,140,3340,1940,1400,1083,573,2438,0.924276337298,valid
la_0000079,58999,42957,402,5834,2912,2922,24758,9757,15001,2562,1150,1412,617,257,360,6250,3243,3007,2534,2741,13301,0.728097086391,valid
az_0000060,48412,43760,159,7620,2327,5293,27544,10275,17269,1330,389,941,1296,322,974,4531,2810,1721,1280,1028,3624,0.903908121953,valid
tn_0000074,56036,36271,268,6001,1907,4094,12895,6436,6459,1433,210,1223,3261,995,2266,5939,2946,2993,6474,2766,16999,0.647280319794,valid
ca_0000538,39485,35552,562,11749,3625,8124,16095,5172,10923,1199,306,893,749,215,534,3407,2120,1287,1791,504,3429,0.900392554134,valid
oh_0000121,61623,47722,1412,10345,1683,8662,27360,8662,18698,768,419,349,765,307,458,4827,2187,2640,2245,2675,11226,0.77441864239,valid
ma_0000104,49218,36732,175,6190,2084,4106,24989,6012,18977,817,193,624,255,120,135,2788,1049,1739,1518,2725,9761,0.746312324759,valid
ny_0000227,55482,36936,360,4740,2034,2706,23807,9053,14754,2221,1387,834,75,75,0,3825,1684,2141,1908,2160,16386,0.66572942576,valid
ny_0000217,44637,34188,162,1724,693,1031,21986,6513,15473,3865,1118,2747,368,82,286,5574,2244,3330,509,2132,8317,0.765911687613,valid
fl_0000207,56890,42687,67,5999,2419,3580,32096,14560,17536,121,51,70,444,139,305,2376,1461,915,1584,4104,10099,0.750342766743,valid
ca_0000524,67081,55172,1026,14719,6750,7969,28463,12419,16044,1280,773,507,904,340,564,4815,2359,2456,3965,2387,9522,0.822468359148,valid
va_0000079,50448,44078,308,6347,1846,4501,16530,9063,7467,7830,5061,2769,207,181,26,10634,3379,7255,2222,1540,4830,0.873731366952,valid
ok_0000048,100126,80251,1193,13911,5510,8401,45216,19713,25503,3511,2036,1475,1616,1070,546,9514,6243,3271,5290,4480,15395,0.801500109862,valid
ks_0000059,61809,48158,780,7457,2622,4835,25837,8678,17159,2736,1253,1483,2447,657,1790,5499,3326,2173,3402,3260,10391,0.77914219612,valid
wi_0000098,46333,25770,348,5290,2178,3112,14605,6500,8105,513,271,242,538,50,488,2962,1232,1730,1514,4307,16256,0.556191051734,valid
tx_0000196,49024,39049,412,9217,3262,5955,21175,7769,13406,674,381,293,1898,784,1114,4211,2228,1983,1462,2991,6984,0.79652823107,valid
nc_0000168,48022,29147,551,6506,1823,4683,15047,5546,9501,110,0,110,2254,96,2158,3119,1474,1645,1560,1784,17091,0.6069509808,valid
oh_0000120,49014,29604,1246,6257,1590,4667,16887,4151,12736,312,89,223,573,173,400,3308,1740,1568,1021,2751,16659,0.603990696536,valid
ca_0000428,71660,64232,360,7207,2978,4229,42556,25242,17314,2740,1288,1452,991,766,225,6912,4796,2116,3466,1040,6388,0.896343845939,valid
mn_0000080,46449,34491,496,7168,2864,4304,19553,10660,8893,301,188,113,703,213,490,2743,1526,1217,3527,1719,10239,0.742556352128,valid
ny_0000208,44876,38288,254,1035,239,796,32942,6634,26308,483,313,170,239,106,133,3186,1758,1428,149,1025,5563,0.853195471967,valid
tx_0000311,35179,24435,251,7959,1725,6234,8770,2652,6118,1324,630,694,496,256,240,1998,960,1038,3637,1633,9111,0.694590522755,valid
nc_0000097,46007,28899,132,12660,3652,9008,9223,3241,5982,292,172,120,1606,513,1093,2627,1088,1539,2359,1682,15426,0.628143543374,valid
mi_0000144,51041,40009,387,7448,3651,3797,24608,11318,13290,1251,668,583,113,39,74,2622,1189,1433,3580,2549,8483,0.78386003409,valid
ca_0000402,39255,29208,387,6494,1636,4858,9115,2660,6455,6301,1859,4442,782,393,389,4532,1353,3179,1597,2795,7252,0.744058081773,valid
tx_0000205,44428,27190,1319,8100,1950,6150,6711,2016,4695,247,93,154,1071,439,632,7619,2094,5525,2123,2250,14988,0.612001440533,valid
nc_0000122,51218,37792,486,7441,2520,4921,22439,5742,16697,484,158,326,909,183,726,2991,1137,1854,3042,1884,11542,0.737865594127,valid
ny_0000151,61163,33608,961,4238,1408,2830,20280,5805,14475,1784,645,1139,192,74,118,3350,1440,1910,2803,3055,24500,0.549482530288,valid
tx_0000361,51648,42735,482,6840,3242,3598,24721,14346,10375,2156,1426,730,1230,1000,230,2650,1468,1182,4656,1663,7250,0.827427973978,valid
mo_0000068,53981,35535,1176,15578,4712,10866,8424,3229,5195,1175,92,1083,2118,433,1685,4232,1749,2483,2832,3197,15249,0.658287175117,valid
va_0000111,47020,40302,122,3441,1827,1614,27750,8761,18989,2977,1089,1888,174,0,174,3161,1889,1272,2677,2850,3868,0.857124627818,valid
wi_0000070,52758,41130,112,12069,5333,6736,19722,10267,9455,1946,692,1254,728,258,470,4727,2477,2250,1826,5005,6623,0.779597407028,valid
ok_0000040,68248,36890,829,12789,4074,8715,5078,1606,3472,962,234,728,4161,1448,2713,4314,1738,2576,8757,3455,27903,0.540528660181,valid
or_0000067,45202,36997,309,8238,4384,3854,20365,11824,8541,268,87,181,814,523,291,3283,2424,859,3720,1434,6771,0.81848148312,valid
nc_0000151,48553,32483,79,8251,2315,5936,14991,5262,9729,258,56,202,3821,383,3438,3843,1034,2809,1240,449,15621,0.66902148168,valid
il_0000142,58380,42255,305,8461,3406,5055,21828,9463,12365,3124,1000,2124,1118,375,743,4889,2713,2176,2530,1718,14407,0.723792394656,valid
mn_0000070,61242,43596,2550,12813,3652,9161,12021,3862,8159,2739,728,2011,3041,724,2317,6054,2577,3477,4378,2146,15500,0.71186440678,valid
mi_0000122,53048,35010,1466,6076,1505,4571,16025,4911,11114,268,107,161,3108,646,2462,2839,1447,1392,5228,4174,13864,0.659968330569,valid
il_0000131,53203,37233,155,8905,2486,6419,15395,5041,10354,329,154,175,4027,1695,2332,3658,1713,1945,4764,1721,14249,0.699828957014,valid
fl_0000266,43021,33313,601,4337,1942,2395,14143,5460,8683,7011,3114,3897,661,151,510,4234,2411,1823,2326,1820,7888,0.774342762837,valid
fl_0000166,43798,37825,63,8231,3470,4761,20547,6833,13714,1398,1083,315,838,244,594,5794,2419,3375,954,1300,4673,0.863623909768,valid
mo_0000094,43836,37929,43,10128,3994,6134,17037,6822,10215,4366,1916,2450,316,135,181,4481,2387,2094,1558,1240,4667,0.865247741582,valid
ca_0000362,36209,31853,520,6444,2254,4190,16526,5548,10978,3765,1341,2424,332,195,137,3080,1464,1616,1186,1175,3181,0.879698417521,valid
wi_0000091,62882,47180,737,8060,2085,5975,29556,10202,19354,1081,744,337,1315,237,1078,3614,1288,2326,2817,2334,13368,0.750294201838,valid
oh_0000118,53817,36128,981,7625,1417,6208,20186,5764,14422,806,408,398,857,158,699,3836,1962,1874,1837,3167,14522,0.671312038947,valid
nj_0000116,45543,33981,283,2336,933,1403,21241,7495,13746,5073,1331,3742,482,197,285,3942,1359,2583,624,1323,10239,0.74613003096,valid
ct_0000058,63153,49935,429,7872,2641,5231,31268,10850,20418,2655,1467,1188,424,160,264,6359,3276,3083,928,4216,9002,0.790698779155,valid
pr_0000072,37201,21446,176,5355,2095,3260,7049,3847,3202,384,267,117,848,516,332,2370,1767,603,5264,1009,14746,0.576489879304,valid
ca_0000535,77348,69042,288,16909,6670,10239,39488,19249,20239,5220,1978,3242,393,121,272,5207,3441,1766,1537,2311,5995,0.89261519367,valid
tx_0000362,46404,42892,66,8593,4281,4312,25297,14640,10657,2459,1884,575,806,513,293,3135,2033,1102,2536,510,3002,0.924316869235,valid
nc_0000112,64128,54054,423,7149,3224,3925,36568,21830,14738,639,473,166,460,192,268,4860,3201,1659,3955,1930,8144,0.842907934132,valid
ny_0000171,50720,32443,1003,7477,2377,5100,12879,3792,9087,473,193,280,3336,810,2526,2189,967,1222,5086,2491,15786,0.639649053628,valid
ms_0000039,35290,23986,995,6246,2808,3438,8645,5660,2985,881,390,491,1185,248,937,5054,3622,1432,980,1317,9987,0.67968262964,valid
tx_0000331,43178,37367,563,10007,2696,7311,14270,7786,6484,2447,1101,1346,709,461,248,6079,3415,2664,3292,841,4970,0.865417573764,valid
mi_0000110,61190,41949,1756,6641,2565,4076,19541,7710,11831,415,92,323,3996,1680,2316,3870,1964,1906,5730,4028,15213,0.685553194966,valid
nm_0000038,47593,33802,500,11809,3636,8173,10712,5000,5712,265,67,198,1989,829,1160,5957,3219,2738,2570,2004,11787,0.710230496081,valid
nd_0000025,52239,34494,683,9142,2727,6415,7000,2304,4696,7125,2631,4494,1064,460,604,7386,3395,3991,2094,2595,15150,0.660311261701,valid
co_0000055,48454,37160,431,9966,3491,6475,14468,4970,9498,293,120,173,2737,1123,1614,4981,2503,2478,4284,3841,7453,0.766912948363,valid
ga_0000154,35026,30283,214,11533,4638,6895,11683,3586,8097,635,226,409,804,128,676,2642,1028,1614,2772,937,3806,0.864586307315,valid
tx_0000325,36551,29683,160,6007,2741,3266,16944,9951,6993,523,417,106,808,451,357,2841,1972,869,2400,2164,4704,0.812098164209,valid
wv_0000034,41985,26316,515,8388,391,7997,11713,1803,9910,965,55,910,1876,7,1869,2553,1198,1355,306,598,15071,0.62679528403,valid
ut_0000054,31613,25024,159,3717,1403,2314,11341,5726,5615,5494,3509,1985,529,98,431,2130,1279,851,1654,2807,3782,0.791573087021,valid
ny_0000195,40924,32860,82,574,204,370,20611,6204,14407,7313,2568,4745,123,40,83,3027,1647,1380,1130,1507,6557,0.802951813117,valid
ca_0000333,39975,22579,667,7477,3085,4392,6902,2070,4832,622,246,376,718,220,498,2283,1214,1069,3910,1766,15630,0.564828017511,valid
il_0000156,59114,42168,871,10653,3474,7179,18455,6365,12090,996,718,278,2472,719,1753,4149,1607,2542,4572,1526,15420,0.713333558886,valid
in_0000094,38662,25207,781,8833,2543,6290,4926,1870,3056,1974,881,1093,1848,382,1466,2400,897,1503,4445,1465,11990,0.651983860121,valid
ia_0000056,50043,32698,645,11082,2858,8224,7835,2494,5341,1669,552,1117,2267,736,1531,6459,1878,4581,2741,1981,15364,0.653398077653,valid
nj_0000135,32049,23738,69,1105,324,781,8292,3404,4888,8685,3360,5325,167,86,81,4724,2306,2418,696,1580,6731,0.740678336298,valid
il_0000196,68429,53820,1227,11916,5058,6858,29133,13034,16099,2544,799,1745,572,74,498,5678,3254,2424,2750,1562,13047,0.786508643996,valid
ny_0000260,61014,48367,540,2785,717,2068,17700,6093,11607,18012,4284,13728,624,283,341,6605,3624,2981,2101,2021,10626,0.792719703675,valid
tx_0000281,45535,34089,265,10457,4895,5562,14860,7956,6904,1649,879,770,423,264,159,4642,2985,1657,1793,1301,10145,0.748632919732,valid
ny_0000241,55501,46566,474,5598,2175,3423,30866,13301,17565,3574,2360,1214,219,43,176,3647,1576,2071,2188,1813,7122,0.839011909695,valid
ma_0000096,58768,47200,365,7524,1630,5894,33315,11985,21330,537,134,403,710,205,505,3198,1858,1340,1551,1905,9663,0.803158181323,valid
ca_0000367,70397,54182,528,16989,4082,12907,26792,6239,20553,1435,539,896,539,156,383,5978,3435,2543,1921,1216,14999,0.769663479978,valid
oh_0000127,65961,54410,532,9449,3814,5635,32780,13199,19581,376,175,201,1255,616,639,6211,4316,1895,3807,1382,10169,0.824881369294,valid
mn_0000063,57944,39318,634,10833,2855,7978,16179,5227,10952,2064,672,1392,1323,354,969,4194,1987,2207,4091,3869,14757,0.678551705095,valid
mn_0000093,50354,44233,818,10273,3487,6786,25799,10215,15584,595,287,308,689,200,489,2940,1846,1094,3119,1712,4409,0.878440640267,valid
wa_0000103,49411,42744,117,6849,3491,3358,27302,15351,11951,1512,502,1010,980,562,418,3644,2685,959,2340,2412,4255,0.865070530853,valid
az_0000090,35188,22209,385,5164,1523,3641,10290,2687,7603,186,94,92,2107,295,1812,2116,1239,877,1961,1555,11424,0.631152665681,valid
ny_0000161,63981,50070,639,5759,1722,4037,34764,16100,18664,1200,426,774,696,360,336,2442,1167,1275,4570,3316,10595,0.782576077273,valid
al_0000072,41976,28256,518,7041,1799,5242,11445,4156,7289,1280,577,703,962,98,864,6124,3061,3063,886,1317,12403,0.673146559939,valid
ca_0000460,30883,26724,246,8824,3005,5819,11595,4614,6981,1897,1172,725,621,368,253,2700,1210,1490,841,923,3236,0.865330440696,valid
ma_0000080,40370,32841,236,6733,2220,4513,19210,5361,13849,2031,1214,817,488,66,422,3390,1460,1930,753,1395,6134,0.813500123854,valid
az_0000104,41624,27688,508,3498,813,2685,11447,4699,6748,330,228,102,3373,1351,2022,3022,1167,1855,5510,1757,12179,0.665193157794,valid
ma_0000095,45369,41012,161,2451,1122,1329,18529,10553,7976,14398,6609,7789,137,50,87,4209,2680,1529,1127,629,3728,0.903965262624,valid
fl_0000155,48750,42919,85,12582,6300,6282,13980,8111,5869,3637,2511,1126,1063,902,161,9660,6245,3415,1912,2137,3694,0.88038974359,valid
ny_0000130,44001,32511,1114,6163,972,5191,14097,5323,8774,371,208,163,3520,539,2981,3925,900,3025,3321,1613,9877,0.738869571146,valid
mn_0000065,51884,34744,715,10653,3384,7269,8438,3673,4765,2529,930,1599,3391,954,2437,4176,1867,2309,4842,2662,14478,0.669647675584,valid
nj_0000140,41987,27714,281,2218,383,1835,15420,3316,12104,4829,925,3904,294,133,161,2938,1387,1551,1734,1205,13068,0.660061447591,valid
fl_0000178,43399,20583,219,5196,1520,3676,8526,2271,6255,185,83,102,297,115,182,3197,1323,1874,2963,3634,19182,0.474273600774,valid
pr_0000081,53970,27521,1829,5615,1096,4519,10540,4686,5854,630,304,326,455,293,162,4083,2135,1948,4369,1377,25072,0.509931443394,valid
ky_0000052,50910,24210,233,2844,1626,1218,15052,8040,7012,370,241,129,225,106,119,3427,1573,1854,2059,7107,19593,0.475545079552,valid
fl_0000217,36497,24798,171,5620,1480,4140,13106,4040,9066,402,243,159,342,248,94,4323,1168,3155,834,1329,10370,0.679453105735,valid
il_0000154,41822,29356,745,9170,1867,7303,10573,4904,5669,942,263,679,1977,512,1465,3105,1857,1248,2844,1244,11222,0.701927215341,valid
mo_0000095,69094,54970,494,19244,7873,11371,20237,8785,11452,5434,2077,3357,808,559,249,5554,2436,3118,3199,1931,12193,0.795582829189,valid
pa_0000151,62763,51702,306,4751,1434,3317,24694,12435,12259,13114,7121,5993,381,140,241,7081,4459,2622,1375,1167,9894,0.823765594379,valid
va_0000078,48525,44288,490,4679,2270,2409,14906,7919,6987,14955,9773,5182,45,45,0,7852,3454,4398,1361,615,3622,0.912684183411,valid
ut_0000053,46768,38677,300,7975,3780,4195,18380,10788,7592,4225,2180,2045,1911,942,969,3417,1952,1465,2469,2515,5576,0.826997092029,valid
tx_0000327,40210,32544,274,7632,2528,5104,13315,7058,6257,2380,1341,1039,883,626,257,5109,1705,3404,2951,2282,5384,0.809350907734,valid
ga_0000145,66726,51743,287,12819,3989,8830,22885,7861,15024,1578,788,790,803,364,439,9237,3494,5743,4134,3054,11929,0.775454845188,valid
mi_0000141,61235,42770,821,9552,2275,7277,19193,6756,12437,766,423,343,1697,422,1275,5085,2727,2358,5656,3288,15177,0.698456764922,valid
mi_0000120,43238,32015,746,5084,1212,3872,17700,6539,11161,831,276,555,1738,1015,723,2326,1149,1177,3590,2998,8225,0.740436652944,valid
pa_0000108,58104,40331,1064,16508,4093,12415,14519,4003,10516,356,207,149,1503,403,1100,4247,1761,2486,2134,1559,16214,0.694117444582,valid
il_0000165,46124,32977,97,6033,1435,4598,17772,4890,12882,990,342,648,1852,311,1541,3481,1598,1883,2752,1646,11501,0.71496401006,valid
sc_0000073,85047,63185,819,10904,4794,6110,35205,16536,18669,2589,1115,1474,1364,1113,251,8046,3879,4167,4258,4560,17302,0.742942137877,valid
ny_0000158,57526,42033,204,3389,1110,2279,31687,11496,20191,2728,853,1875,292,193,99,2038,853,1185,1695,2233,13260,0.730678301985,valid
mo_0000083,50882,32878,799,9132,2846,6286,10384,3469,6915,546,102,444,5275,1431,3844,3387,1550,1837,3355,3441,14563,0.64616170748,valid
il_0000214,49424,28000,317,6300,2439,3861,10924,4133,6791,630,318,312,283,98,185,5116,2115,3001,4430,2863,18561,0.566526383943,valid
il_0000168,41476,35704,297,7744,2382,5362,21098,8276,12822,990,676,314,695,356,339,3542,1895,1647,1338,859,4913,0.860835181792,valid
fl_0000225,38031,17649,45,4753,1129,3624,7605,3097,4508,591,347,244,406,147,259,3192,1443,1749,1057,2018,18364,0.46406878599,valid
tx_0000386,42888,27287,821,7824,3078,4746,2346,561,1785,474,372,102,5061,2398,2663,3003,1668,1335,7758,2624,12977,0.636238574893,valid
al_0000055,75696,48102,1776,13506,4312,9194,15481,5279,10202,1199,359,840,2877,857,2020,4682,2162,2520,8581,3238,24356,0.635462904249,valid
oh_0000171,43152,28749,835,6899,2100,4799,11771,3701,8070,413,331,82,3077,1232,1845,3048,1931,1117,2706,2075,12328,0.666226362625,valid
co_0000067,46378,37368,531,9762,3781,5981,20745,10209,10536,405,111,294,298,137,161,4371,2819,1552,1256,1012,7998,0.805726853249,valid
ct_0000068,47921,39359,228,8541,3162,5379,22165,8327,13838,1818,954,864,502,93,409,5299,3539,1760,806,1416,7146,0.821330940506,valid
mi_0000168,59638,31822,510,7497,1591,5906,12138,2974,9164,1468,702,766,1205,427,778,7341,3573,3768,1663,6702,21114,0.533585968678,valid
ms_0000044,44631,18071,658,7848,2825,5023,755,206,549,806,566,240,1997,424,1573,1702,910,792,4305,5720,20840,0.404897940893,valid
ma_0000090,37611,32885,165,3236,808,2428,16938,9324,7614,7248,4199,3049,128,86,42,4233,2931,1302,937,1149,3577,0.87434527133,valid
fl_0000285,61975,52325,249,14472,4247,10225,24602,9724,14878,1818,1223,595,454,313,141,6493,2691,3802,4237,1234,8416,0.844292053247,valid
nj_0000129,43684,38631,155,1731,673,1058,19525,8487,11038,11680,5483,6197,117,74,43,4786,3100,1686,637,595,4458,0.884328358209,valid
va_0000103,61125,48511,831,6294,2522,3772,16451,7576,8875,7817,3520,4297,2369,1182,1187,10356,5289,5067,4393,2553,10061,0.79363599182,valid
tn_0000104,33867,25045,160,7432,2438,4994,9449,3684,5765,980,592,388,774,201,573,3242,1864,1378,3008,2751,6071,0.739510437889,valid
fl_0000186,37812,30453,756,4850,1093,3757,17954,4940,13014,1362,457,905,759,201,558,3650,1849,1801,1122,1540,5819,0.805379244684,valid
ga_0000111,44972,32387,222,7895,2492,5403,8640,3978,4662,1260,242,1018,996,401,595,10981,4374,6607,2393,3209,9376,0.720159210175,valid
mi_0000147,48443,41298,452,6522,2871,3651,26698,11230,15468,1315,770,545,751,261,490,3702,2272,1430,1858,1541,5604,0.852507070165,valid
ga_0000097,42001,31117,266,9183,3152,6031,11889,3594,8295,581,266,315,1860,365,1495,4875,2181,2694,2463,1927,8957,0.740863312778,valid
tx_0000263,37018,34364,170,6466,3099,3367,12431,7214,5217,10211,5473,4738,771,771,0,2831,1984,847,1484,1234,1420,0.928305148847,valid
ga_0000119,58126,37390,670,10288,4501,5787,12562,6361,6201,937,209,728,1645,961,684,4630,2739,1891,6658,2906,17830,0.643257750404,valid
va_0000117,66622,55013,413,4465,1531,2934,22867,8977,13890,19890,7386,12504,488,166,322,4729,2736,1993,2161,1054,10555,0.825748251328,valid
ma_0000092,39877,31329,77,2207,1493,714,13633,7240,6393,9428,5912,3516,448,180,268,2680,1335,1345,2856,1545,7003,0.7856408456,valid
ca_0000341,47430,30724,231,9539,1953,7586,11752,1218,10534,502,0,502,1853,340,1513,3676,1306,2370,3171,1892,14814,0.647775669408,valid
mo_0000102,48850,31757,525,7112,2477,4635,14107,5303,8804,370,46,324,2409,841,1568,2232,1128,1104,5002,1488,15605,0.650092118731,valid
ga_0000104,51668,27337,465,14672,2740,11932,4679,1014,3665,519,201,318,1371,370,1001,3245,1179,2066,2386,3164,21167,0.529089571882,valid
ny_0000154,39270,28668,713,6002,2203,3799,16325,4828,11497,198,29,169,999,185,814,1848,1252,596,2583,1648,8954,0.730022918258,valid
tx_0000368,43517,35650,188,6278,2507,3771,14930,5381,9549,3501,1743,1758,1198,233,965,5633,3089,2544,3922,1843,6024,0.819220074913,valid
nj_0000086,37427,33209,0,1120,469,651,18982,9061,9921,8670,5390,3280,26,26,0,3900,2352,1548,511,626,3592,0.887300611858,valid
ma_0000112,49692,39761,605,5388,1802,3586,27102,14212,12890,796,552,244,404,39,365,3325,2282,1043,2141,2158,7773,0.800148917331,valid
pa_0000161,53154,34609,316,6881,2393,4488,14232,5182,9050,2855,1233,1622,864,470,394,7771,3493,4278,1690,3793,14752,0.65110810099,valid
nc_0000109,41998,38049,456,4319,2107,2212,25870,13989,11881,1860,1114,746,470,40,430,3037,1933,1104,2037,892,3057,0.905971712939,valid
mo_0000080,44109,35269,801,11191,4166,7025,10660,4920,5740,1340,658,682,2764,1146,1618,4736,2470,2266,3777,1645,7195,0.799587385794,valid
pa_0000133,58467,38415,974,12664,2810,9854,17374,4520,12854,199,7,192,747,110,637,5294,2426,2868,1163,2380,17672,0.657037303094,valid
fl_0000223,31945,18299,128,2815,637,2178,9265,789,8476,505,83,422,855,48,807,2020,860,1160,2711,313,13333,0.572828298638,valid
la_0000064,44100,37898,42,7072,1808,5264,17501,6290,11211,4801,1703,3098,309,23,286,6934,2306,4628,1239,2235,3967,0.859365079365,valid
mt_0000024,48998,36188,1060,15640,3472,12168,11641,2926,8715,437,69,368,800,318,482,3711,1676,2035,2899,1410,11400,0.738560757582,valid
ny_0000163,77669,63709,818,5477,1902,3575,42757,15758,26999,6819,2589,4230,545,155,390,6288,2896,3392,1005,2781,11179,0.820262910556,valid
sc_0000079,41516,24336,599,9185,3039,6146,3915,1636,2279,1035,472,563,808,101,707,5544,3130,2414,3250,5192,11988,0.586183640042,valid
ga_0000084,53656,40347,338,12340,4534,7806,16040,8456,7584,1609,663,946,558,122,436,5051,1846,3205,4411,2322,10987,0.75195691069,valid
ca_0000493,37109,28674,469,5162,1113,4049,16390,3697,12693,475,205,270,1788,83,1705,3970,1544,2426,420,1209,7226,0.772696650408,valid
mi_0000116,41157,29397,1000,5503,1996,3507,12363,3850,8513,423,124,299,3939,895,3044,2783,1404,1379,3386,1475,10285,0.714264888111,valid
ca_0000403,31891,22087,374,2288,608,1680,7068,2344,4724,7340,1565,5775,445,173,272,3232,1811,1421,1340,1888,7916,0.692577843279,valid
tx_0000312,38311,28325,275,6204,2442,3762,11048,4817,6231,1901,1082,819,333,74,259,3698,2229,1469,4866,1741,8245,0.7393437916,valid
nj_0000136,36551,28974,106,5134,2256,2878,17516,7246,10270,2747,1179,1568,253,125,128,2544,1097,1447,674,647,6930,0.792700610106,valid
tx_0000198,40968,28158,414,5914,1420,4494,12898,3944,8954,1748,806,942,1503,203,1300,3453,1620,1833,2228,4270,8540,0.687316930287,valid
ny_0000148,47392,38507,327,2737,858,1879,19472,8718,10754,10835,4586,6249,481,111,370,3939,1668,2271,716,766,8119,0.812521100608,valid
il_0000217,61746,52781,259,11264,6997,4267,28764,16417,12347,2826,1333,1493,1346,538,808,5153,3287,1866,3169,1518,7447,0.854808408642,valid
mt_0000030,43746,33569,786,6118,1705,4413,19723,5416,14307,539,220,319,573,48,525,4155,2117,2038,1675,2331,7846,0.767361587345,valid
tn_0000094,60120,50413,170,6874,3555,3319,33832,19332,14500,1954,1097,857,667,322,345,4727,2818,1909,2189,1753,7954,0.838539587492,valid
nj_0000102,37728,31836,257,3223,1119,2104,23842,13095,10747,1206,262,944,143,48,95,1993,1039,954,1172,407,5485,0.843829516539,valid
fl_0000274,47197,37465,655,3179,959,2220,27072,7223,19849,1976,429,1547,198,41,157,3203,1366,1837,1182,1967,7765,0.793800453419,valid
wa_0000101,35183,27495,153,6737,2921,3816,14754,4781,9973,191,124,67,1313,658,655,2736,1375,1361,1611,1754,5934,0.78148537646,valid
pa_0000093,67159,51243,1180,12602,3484,9118,26627,10385,16242,1109,300,809,1179,362,817,3890,1280,2610,4656,2243,13673,0.763010169895,valid
pa_0000146,49909,41046,365,4139,1504,2635,20374,8858,11516,8630,4001,4629,559,150,409,5674,3013,2661,1305,1200,7663,0.822416798573,valid
me_0000025,61621,42083,1377,15909,2925,12984,14901,3303,11598,438,127,311,1915,474,1441,4154,1226,2928,3389,3392,16146,0.682932766427,valid
tx_0000371,37455,21290,317,4180,1542,2638,8898,3289,5609,168,0,168,604,208,396,2957,1885,1072,4166,3360,12805,0.568415431852,valid
nj_0000123,70242,46482,393,3535,1389,2146,24553,7149,17404,7354,4079,3275,981,356,625,6476,2326,4150,3190,6866,16894,0.661740838814,valid
pa_0000096,43652,30762,1352,15315,2160,13155,9034,1888,7146,389,162,227,1015,40,975,2785,957,1828,872,1406,11484,0.704709978924,valid
mi_0000114,51292,41441,351,7764,3099,4665,23926,9735,14191,1175,382,793,1445,390,1055,4139,1904,2235,2641,2237,7614,0.807942759105,valid
ia_0000059,49643,34054,433,9717,2507,7210,10001,3109,6892,4107,1461,2646,1885,584,1301,4102,2145,1957,3809,2878,12711,0.685977882078,valid
ny_0000221,44874,30595,117,1184,629,555,20414,7656,12758,686,229,457,287,182,105,6868,4098,2770,1039,2251,12028,0.681797923073,valid
ma_0000117,45659,29800,353,3478,598,2880,21338,6706,14632,380,0,380,350,224,126,2443,948,1495,1458,1489,14370,0.652664315907,valid
ca_0000492,38208,30038,323,5760,1801,3959,13424,4851,8573,769,100,669,3456,1286,2170,3276,1593,1683,3030,1431,6739,0.786170435511,valid
ia_0000040,49463,33371,646,8938,3047,5891,12111,4373,7738,2486,1113,1373,2375,559,1816,3918,2223,1695,2897,3202,12890,0.674665911894,valid
la_0000080,47348,30929,251,6457,2282,4175,13804,6604,7200,917,285,632,284,35,249,5678,2318,3360,3538,1953,14466,0.653227169046,valid
fl_0000234,33636,27308,410,9048,2324,6724,11608,3244,8364,2197,1053,1144,334,82,252,2925,1725,1200,786,566,5762,0.811868236413,valid
mt_0000026,63202,45406,527,10681,2679,8002,17179,6111,11068,1213,175,1038,5037,1255,3782,6568,2327,4241,4201,2419,15377,0.718426632069,valid
az_0000082,44298,33704,229,8434,1558,6876,19539,8530,11009,663,298,365,715,284,431,2896,1986,910,1228,1976,8618,0.760846990835,valid
ny_0000127,51414,38380,782,4691,1215,3476,23232,7051,16181,357,142,215,2839,861,1978,2444,1011,1433,4035,1610,11424,0.746489283075,valid
wi_0000104,48739,39122,666,13405,4365,9040,11955,5085,6870,2364,931,1433,1651,588,1063,4367,1909,2458,4714,1852,7765,0.802683682472,valid
wi_0000069,77714,52066,2247,24342,5775,18567,11386,3191,8195,1709,414,1295,2237,557,1680,6857,2041,4816,3288,3655,21993,0.669969374887,valid
pr_0000060,41918,18085,362,4556,1373,3183,8871,4108,4763,144,0,144,551,107,444,1475,933,542,2126,756,23077,0.431437568586,valid
az_0000094,45988,39424,307,8812,2249,6563,22641,8603,14038,1098,798,300,1370,536,834,3358,1826,1532,1838,1197,5367,0.85726711316,valid
pr_0000075,73775,32808,1421,8114,3490,4624,9971,4856,5115,2354,737,1617,853,250,603,3396,1183,2213,6699,4623,36344,0.444703490342,valid
ca_0000550,46885,40491,326,14549,6215,8334,15866,7612,8254,421,239,182,358,72,286,5078,2857,2221,3893,1314,5080,0.863623760264,valid
ma_0000077,44568,35851,293,6142,1875,4267,23041,6693,16348,2103,858,1245,564,47,517,2399,1160,1239,1309,1064,7653,0.804411236762,valid
md_0000086,44758,34662,498,2822,1126,1696,13351,4553,8798,8831,2884,5947,549,41,508,6092,2052,4040,2519,998,9098,0.774431386568,valid
nh_0000030,56347,45409,407,4479,1431,3048,33690,12019,21671,355,228,127,527,199,328,4200,1748,2452,1751,3059,7879,0.805881413385,valid
mi_0000133,72623,55206,1141,12868,4140,8728,24275,9354,14921,988,210,778,2636,811,1825,6184,3367,2817,7114,2810,14607,0.760172397174,valid
ct_0000065,47033,39363,305,7458,3929,3529,24364,12084,12280,1499,1000,499,855,533,322,3606,1905,1701,1276,1431,6239,0.836923011503,valid
mn_0000102,52706,40699,893,12333,4452,7881,12414,5084,7330,2401,1439,962,2461,928,1533,5421,2848,2573,4776,1686,10321,0.772189124578,valid
il_0000158,39983,29029,343,6441,1525,4916,12727,4758,7969,103,69,34,3724,732,2992,2287,1280,1007,3404,1312,9642,0.726033564265,valid
ca_0000368,48787,41959,351,9150,4376,4774,21737,11929,9808,2701,1089,1612,979,660,319,5176,3452,1724,1865,1064,5764,0.860044684035,valid
ok_0000047,41819,32597,497,7081,2660,4421,16275,6930,9345,2045,998,1047,1493,499,994,3547,2242,1305,1659,3113,6109,0.7794782276,valid
ca_0000490,27872,24600,0,5826,2729,3097,9086,4814,4272,3811,2319,1492,535,201,334,3303,1753,1550,2039,751,2521,0.88260619977,valid
nc_0000130,40807,25496,703,12584,3787,8797,4789,1848,2941,933,400,533,1947,399,1548,2103,1004,1099,2437,1980,13331,0.624794765604,valid
md_0000088,40726,32467,191,2472,534,1938,11259,3819,7440,10677,4571,6106,229,153,76,6767,2721,4046,872,1352,6907,0.79720571625,valid
ny_0000246,66492,53161,648,4095,641,3454,21599,5829,15770,8530,2414,6116,333,120,213,16498,7715,8783,1458,3214,10117,0.799509715454,valid
al_0000065,62058,36743,872,12749,4002,8747,9955,3261,6694,287,53,234,2337,683,1654,4315,2116,2199,6228,4022,21293,0.5920751555,valid
tx_0000211,46896,32456,764,8521,3300,5221,13390,5150,8240,164,84,80,2424,1188,1236,2705,1200,1505,4488,1451,12989,0.69208461276,valid
wi_0000074,57009,45986,596,8215,4157,4058,24409,9547,14862,1241,480,761,2074,1171,903,4079,2099,1980,5372,1258,9765,0.806644564893,valid
ny_0000146,42934,30963,819,5853,1710,4143,18669,5709,12960,116,0,116,468,134,334,3831,1996,1835,1207,1264,10707,0.721176689803,valid
ca_0000326,44008,40149,0,8345,5168,3177,21356,15398,5958,1739,1148,591,790,398,392,5438,3950,1488,2481,588,3271,0.912311397928,valid
ky_0000056,49479,37607,436,6477,2781,3696,18925,7064,11861,2513,927,1586,544,167,377,6248,3088,3160,2464,1490,10382,0.760059823359,valid
ca_0000410,31824,25554,141,5801,2104,3697,10511,5280,5231,1566,915,651,694,622,72,5459,3351,2108,1382,797,5473,0.802978883861,valid
ia_0000043,54933,39243,1120,11722,3375,8347,11035,3567,7468,2638,691,1947,2722,718,2004,6410,3094,3316,3596,1981,13709,0.714379334826,valid
nj_0000119,38184,31845,227,2341,752,1589,21174,8799,12375,3734,1638,2096,86,86,0,3563,1874,1689,720,890,5449,0.833988057825,valid
ak_0000022,58011,44724,775,14702,4556,10146,19484,8654,10830,324,157,167,1185,508,677,5691,3625,2066,2563,3145,10142,0.770957232249,valid
oh_0000149,44225,39566,109,5792,4184,1608,24318,13484,10834,1919,921,998,412,158,254,4084,2236,1848,2932,877,3782,0.894652345958,valid
wi_0000088,74771,53240,1201,11510,3206,8304,23561,6607,16954,3027,798,2229,3182,724,2458,7240,3496,3744,3519,2965,18566,0.712040764468,valid
fl_0000279,58067,38638,684,4625,1074,3551,21998,8212,13786,2759,1057,1702,1573,257,1316,5012,2280,2732,1987,6695,12734,0.665403757728,valid
hi_0000019,76391,59540,1649,11062,3650,7412,35014,15446,19568,1057,228,829,669,228,441,5139,3197,1942,4950,2118,14733,0.779411187182,valid
nc_0000139,43735,27338,386,5462,1668,3794,12529,3712,8817,1392,830,562,1097,766,331,3342,1634,1708,3130,2047,14350,0.625082885561,valid
ca_0000505,62159,54426,333,7951,3422,4529,34294,12441,21853,1910,1145,765,324,198,126,7159,4719,2440,2455,1147,6586,0.875593236699,valid
tx_0000385,48351,36531,1082,10031,2575,7456,12193,3859,8334,2196,693,1503,4484,1207,3277,4152,1898,2254,2393,1766,10054,0.755537631073,valid
az_0000100,49002,36656,600,11041,5122,5919,14667,5942,8725,258,0,258,2054,461,1593,5524,2226,3298,2512,3307,9039,0.748051099955,valid
ca_0000315,41625,36322,159,9589,3843,5746,20375,12599,7776,1374,521,853,349,0,349,3563,2251,1312,913,792,4511,0.872600600601,valid
ms_0000037,42522,16948,271,7021,1645,5376,4294,1281,3013,549,134,415,1736,560,1176,1925,875,1050,1152,2660,22914,0.398570151921,valid
ca_0000468,37588,30444,53,7527,3345,4182,12309,4992,7317,3976,1702,2274,812,158,654,3484,2497,987,2283,1477,5667,0.809939342343,valid
pa_0000135,52591,35729,856,11673,4076,7597,16843,6083,10760,235,80,155,860,718,142,2368,1356,1012,2894,2336,14526,0.679374797969,valid
wa_0000093,63777,51132,342,6224,2819,3405,36558,15819,20739,823,480,343,684,120,564,4664,2271,2393,1837,1784,10861,0.801731031563,valid
nc_0000102,39257,25389,499,5410,1618,3792,8729,3001,5728,4455,1783,2672,791,417,374,2699,1179,1520,2806,1326,12542,0.646738161347,valid
il_0000182,48359,41878,581,9629,4928,4701,24177,13908,10269,1412,840,572,478,186,292,3455,2674,781,2146,1286,5195,0.865981513265,valid
or_0000057,71637,49817,1816,11912,3564,8348,20080,4641,15439,387,142,245,4684,724,3960,7613,2745,4868,3325,3399,18421,0.69540879713,valid
pa_0000092,43574,29115,427,7472,2843,4629,15502,5653,9849,183,157,26,364,305,59,2209,794,1415,2958,1449,13010,0.668173681553,valid
ca_0000424,44085,32702,248,10545,4949,5596,7371,3655,3716,389,246,143,3333,349,2984,8378,2239,6139,2438,2417,8966,0.741794261087,valid
oh_0000105,64832,49834,588,9707,3309,6398,26808,12302,14506,3004,1590,1414,891,195,696,5853,3617,2236,2983,2518,12480,0.768663622902,valid
ca_0000324,49879,39247,729,7909,3478,4431,22544,9757,12787,1814,763,1051,164,0,164,3460,2193,1267,2627,2129,8503,0.786844162874,valid
ks_0000063,50475,32202,687,9299,2082,7217,12518,3118,9400,1298,500,798,4127,822,3305,2803,1233,1570,1470,1586,16687,0.637979197623,valid
or_0000054,59524,48886,355,7574,2515,5059,30549,12522,18027,581,309,272,1218,468,750,4998,2972,2026,3611,2835,7803,0.821282171897,valid
va_0000089,55364,37717,319,4967,1817,3150,24669,11313,13356,856,468,388,599,144,455,2330,1011,1319,3977,2585,15062,0.681254967127,valid
fl_0000202,61479,50404,755,12735,4977,7758,22647,7479,15168,1156,530,626,3237,2245,992,6504,3945,2559,3370,3292,7783,0.819857187007,valid
sc_0000072,54422,39284,375,9997,4118,5879,20156,9195,10961,797,218,579,839,275,564,3899,1954,1945,3221,1763,13375,0.721840432178,valid
fl_0000265,39129,29025,322,8605,2487,6118,13227,3890,9337,2058,416,1642,487,69,418,3526,2098,1428,800,1575,8529,0.741777198497,valid
tx_0000269,67218,41117,1494,12770,4615,8155,7413,3200,4213,1150,477,673,5437,1924,3513,5746,2552,3194,7107,2636,23465,0.611696271832,valid
ca_0000311,37391,25057,335,5420,2541,2879,10184,4341,5843,431,246,185,570,212,358,5595,4042,1553,2522,1926,10408,0.670134524351,valid
nj_0000095,53432,39452,756,3314,648,2666,21959,4994,16965,7053,1155,5898,654,69,585,4613,2052,2561,1103,1837,12143,0.738359035784,valid
pa_0000145,67080,57013,367,2820,482,2338,19222,6824,12398,14354,5912,8442,516,56,460,18377,4219,14158,1357,1092,8975,0.849925462135,valid
mi_0000129,40647,19696,215,3211,833,2378,12187,2099,10088,441,55,386,600,0,600,2224,1143,1081,818,2033,18918,0.484562206313,valid
nh_0000037,79491,65349,47,4727,1239,3488,47274,23546,23728,3538,1935,1603,288,157,131,7135,3723,3412,2340,4272,9870,0.82209306714,valid
fl_0000208,41092,28861,310,2606,1124,1482,15376,5316,10060,5279,2070,3209,364,46,318,4148,2726,1422,778,4407,7824,0.702350822545,valid
mi_0000160,63462,45710,1160,8071,2810,5261,22855,9730,13125,381,187,194,2244,914,1330,3811,1599,2212,7188,2596,15156,0.720273549526,valid
ny_0000192,33790,29703,84,774,315,459,16178,7118,9060,7810,3195,4615,49,0,49,3740,1986,1754,1068,995,3092,0.879047055342,valid
pa_0000182,57236,43192,740,8702,3473,5229,19615,7241,12374,4537,2663,1874,1702,557,1145,4487,2210,2277,3409,1662,12382,0.754629953176,valid
id_0000027,43482,29496,940,11314,2007,9307,7873,2523,5350,381,88,293,3797,802,2995,3447,1673,1774,1744,2836,11150,0.678349661929,valid
ca_0000404,33054,22832,290,6446,1791,4655,7495,2279,5216,1964,577,1387,408,76,332,4978,2239,2739,1251,2589,7633,0.690748472197,valid
ny_0000261,53528,41033,533,4115,1264,2851,25220,5538,19682,5138,1581,3557,559,0,559,3831,1772,2059,1637,1137,11358,0.766570766702,valid
ct_0000074,42930,34494,45,7378,1970,5408,20213,6884,13329,1366,953,413,113,113,0,4619,2698,1921,760,768,7668,0.803494060098,valid
tx_0000307,35545,20747,326,4921,1988,2933,6868,3380,3488,485,137,348,98,0,98,3217,2060,1157,4832,1647,13151,0.583682655788,valid
tn_0000096,60782,42691,542,9287,3513,5774,16366,6357,10009,881,676,205,2678,890,1788,3079,1334,1745,9858,3594,14497,0.702362541542,valid
nc_0000128,47735,36200,244,9294,2919,6375,20066,9658,10408,165,62,103,1136,671,465,3302,1614,1688,1993,1001,10534,0.758353409448,valid
ny_0000266,47350,37232,118,6721,1161,5560,18357,4873,13484,4352,2036,2316,1293,430,863,4964,2231,2733,1427,1170,8948,0.78631467793,valid
ma_0000114,44443,33440,249,3294,1257,2037,22472,8678,13794,1643,584,1059,250,40,210,4593,1681,2912,939,1653,9350,0.752424453795,valid
ks_0000055,40837,28958,425,5633,2394,3239,12379,4829,7550,2038,804,1234,1944,713,1231,4263,2174,2089,2276,1786,10093,0.709111834856,valid
ca_0000453,57011,45775,440,4390,751,3639,11215,3279,7936,21325,5839,15486,1259,323,936,5957,3133,2824,1189,1638,9598,0.802915226886,valid
fl_0000220,30081,12868,113,3338,676,2662,5120,1473,3647,107,0,107,252,69,183,2295,1221,1074,1643,1049,16164,0.427778331837,valid
ma_0000113,50596,42143,292,3215,1376,1839,25002,12588,12414,6228,3407,2821,494,301,193,4864,3053,1811,2048,1037,7416,0.832931457032,valid
ga_0000118,37885,33286,129,10130,3869,6261,14416,7181,7235,2139,977,1162,908,589,319,4366,2787,1579,1198,676,3923,0.878606308565,valid
wa_0000083,46659,33506,776,8867,2758,6109,8215,3704,4511,5100,1444,3656,3003,778,2225,2439,1187,1252,5106,3611,9542,0.718103688463,valid
co_0000094,41002,32154,468,7240,2958,4282,15688,6420,9268,271,118,153,1212,738,474,2844,1542,1302,4431,1297,7551,0.784205648505,valid
nc_0000162,48444,35952,744,10123,2456,7667,17367,5803,11564,860,280,580,495,191,304,4159,2657,1502,2204,2262,10230,0.742135248947,valid
va_0000110,62963,52619,89,4394,1323,3071,29577,7461,22116,11150,3582,7568,252,43,209,5752,3015,2737,1405,3162,7182,0.835713037816,valid
oh_0000128,43848,30007,430,5917,1967,3950,18448,6758,11690,152,0,152,593,228,365,2533,1699,834,1934,1486,12355,0.684341361065,valid
mo_0000104,41807,24396,886,9960,2753,7207,3993,1017,2976,896,236,660,3032,917,2115,2185,663,1522,3444,1949,15462,0.583538641854,valid
ca_0000358,47042,34657,501,7922,2149,5773,10626,2739,7887,2817,595,2222,1485,1116,369,9685,2551,7134,1621,1189,11196,0.736724629055,valid
ny_0000223,65913,42940,224,1306,592,714,23125,4680,18445,4722,1717,3005,142,98,44,13108,4891,8217,313,3703,19270,0.651464809673,valid
va_0000130,38195,34565,354,2457,1000,1457,13055,6458,6597,11576,6781,4795,188,85,103,5883,3550,2333,1052,212,3418,0.90496138238,valid
fl_0000248,39012,27926,478,3259,1044,2215,14829,4157,10672,1560,1055,505,149,58,91,6119,1768,4351,1532,1888,9198,0.715831026351,valid
pa_0000118,81010,59396,646,5768,1793,3975,23967,10293,13674,17089,7415,9674,1092,501,591,7943,4377,3566,2891,2459,19155,0.73319343291,valid
ca_0000465,41347,31926,231,10941,2787,8154,13360,5153,8207,2255,869,1386,795,269,526,2874,1433,1441,1470,2472,6949,0.772147918833,valid
ma_0000093,51549,41070,259,2902,1078,1824,19915,10979,8936,9771,5778,3993,152,0,152,6826,4000,2826,1245,1038,9441,0.796717686085,valid
nj_0000145,55175,46404,382,4476,1808,2668,27093,13562,13531,5725,3048,2677,430,350,80,5566,3505,2061,2732,1321,7450,0.841033076575,valid
pr_0000074,46787,30122,194,7148,2128,5020,10395,4695,5700,894,478,416,470,389,81,3185,1782,1403,7836,1179,15486,0.643811315109,valid
tx_0000341,37664,32240,344,5274,3017,2257,13312,5734,7578,1166,689,477,783,558,225,10100,7922,2178,1261,2399,3025,0.855989804588,valid
ca_0000562,56806,41245,367,11771,5189,6582,15574,7857,7717,1400,690,710,2415,784,1631,4334,2044,2290,5384,2565,12996,0.726067668908,valid
il_0000163,42256,34577,303,6137,2804,3333,20495,12372,8123,906,414,492,1047,470,577,2964,1632,1332,2725,1742,5937,0.818274327906,valid
oh_0000119,80653,52607,580,12114,3111,9003,32386,10184,22202,508,235,273,817,258,559,3219,1565,1654,2983,4969,23077,0.652263399998,valid
ga_0000086,47434,29510,204,10747,4023,6724,9357,2603,6754,1587,692,895,554,211,343,4963,2412,2551,2098,4403,13521,0.622127587806,valid
az_0000067,43559,40525,96,7724,3947,3777,25417,11393,14024,266,77,189,1613,726,887,3676,2831,845,1733,1082,1952,0.93034734498,valid
md_0000091,65089,47245,1015,9732,4172,5560,20835,8887,11948,918,291,627,2670,757,1913,5021,2543,2478,7054,2922,14922,0.725852294551,valid
ne_0000032,60375,51723,226,6775,2070,4705,35491,13431,22060,885,321,564,591,244,347,4874,2321,2553,2881,2594,6058,0.856695652174,valid
wa_0000113,44881,37034,329,6053,2556,3497,21965,9689,12276,544,256,288,1065,404,661,3645,2388,1257,3433,1488,6359,0.825159867204,valid
ny_0000176,60293,50438,213,2408,808,1600,31486,14098,17388,9197,4639,4558,59,59,0,5565,2962,2603,1510,2144,7711,0.836548189674,valid
nj_0000128,41157,36865,629,2185,796,1389,26330,9573,16757,4063,1202,2861,0,0,0,3021,1560,1461,637,695,3597,0.895716403042,valid
va_0000109,55445,47049,386,3755,1017,2738,23564,6879,16685,11476,3587,7889,504,196,308,6359,3460,2899,1005,2071,6325,0.848570655605,valid
wv_0000033,72479,46672,795,10097,3573,6524,26073,10355,15718,501,50,451,1281,417,864,3920,1716,2204,4005,2295,23512,0.643938244181,valid
az_0000087,36117,32261,134,4172,2103,2069,20191,5995,14196,352,44,308,2638,854,1784,3059,1328,1731,1715,853,3003,0.893235872304,valid
ca_0000401,31480,24031,477,8311,1594,6717,9627,2206,7421,769,65,704,764,318,446,2784,1522,1262,1299,1139,6310,0.763373570521,valid
wa_0000122,43057,36062,1839,6330,2903,3427,20540,11168,9372,741,362,379,1611,597,1014,3077,1994,1083,1924,1598,5397,0.837540934111,valid
fl_0000284,42361,26241,517,6088,1543,4545,13859,3294,10565,718,299,419,466,198,268,3052,1623,1429,1541,1603,14517,0.619461296948,valid
ky_0000063,42700,28912,508,10383,4018,6365,11460,5610,5850,171,41,130,1082,240,842,2192,1154,1038,3116,3066,10722,0.677096018735,valid
ca_0000349,39069,31446,254,9347,3034,6313,11330,4424,6906,2151,982,1169,1415,331,1084,5014,2235,2779,1935,1187,6436,0.804883667358,valid
tn_0000078,59294,50606,336,8852,2734,6118,30414,12322,18092,2985,1583,1402,790,189,601,5109,2908,2201,2120,834,7854,0.853475899754,valid
wi_0000078,45632,36119,342,7869,2486,5383,17493,5308,12185,900,213,687,848,387,461,6792,2018,4774,1875,1092,8421,0.791527875175,valid
ca_0000525,37588,32349,818,8996,3405,5591,13823,5475,8348,389,158,231,3273,1075,2198,2716,1768,948,2334,970,4269,0.860620410769,valid
ri_0000027,69625,51615,548,4370,1590,2780,25843,7558,18285,11812,3725,8087,370,89,281,6479,2392,4087,2193,2498,15512,0.741328545781,valid
az_0000089,37141,28827,532,6111,1442,4669,11697,4977,6720,945,510,435,2082,758,1324,3722,1922,1800,3738,2159,6155,0.776150345979,valid
nv_0000038,54315,42664,220,5993,2825,3168,23176,8240,14936,509,407,102,2272,1560,712,5240,2924,2316,5254,3525,8126,0.78549203719,valid
pa_0000122,61805,43252,1227,15157,4314,10843,15804,7277,8527,223,21,202,2152,553,1599,4571,2107,2464,4118,1909,16644,0.699813930912,valid
ca_0000526,46161,38551,250,9936,5145,4791,21751,12375,9376,797,394,403,236,96,140,4189,2001,2188,1392,670,6940,0.835142219623,valid
mn_0000100,48025,33663,577,11155,3449,7706,9166,3058,6108,1644,852,792,2949,1064,1885,5306,2394,2912,2866,1607,12755,0.700947423217,valid
mo_0000093,50185,43211,176,13616,4833,8783,19475,9371,10104,3801,1783,2018,495,157,338,4006,1919,2087,1642,2448,4526,0.861034173558,valid
tx_0000322,35463,28008,307,4753,2067,2686,12630,6355,6275,1258,831,427,480,102,378,5314,3336,1978,3266,1102,6353,0.789780898401,valid
ne_0000028,43266,29748,848,6169,2395,3774,10107,2615,7492,2000,593,1407,3428,967,2461,3396,1605,1791,3800,1051,12467,0.687560671197,valid
tn_0000063,66112,45439,1136,11405,5037,6368,15496,5347,10149,1382,609,773,4211,1840,2371,3815,1963,1852,7994,2664,18009,0.687303363988,valid
ne_0000034,53983,44238,608,9612,3646,5966,26144,9965,16179,509,98,411,990,189,801,3852,2089,1763,2523,1914,7831,0.819480206732,valid
ga_0000148,62640,47847,670,15271,5638,9633,19863,8315,11548,3689,2292,1397,984,385,599,4554,2145,2409,2816,3045,11748,0.763840996169,valid
ok_0000049,37962,25338,485,4477,2139,2338,13712,6309,7403,166,74,92,255,69,186,1291,694,597,4952,2026,10598,0.667456930615,valid
ca_0000560,58360,44540,267,12982,7408,5574,14528,9345,5183,1906,955,951,3555,1906,1649,5096,2539,2557,6206,2944,10876,0.763193968472,valid
tx_0000245,32781,18784,290,4632,1805,2827,6240,3752,2488,327,211,116,397,353,44,3012,1318,1694,3886,2115,11882,0.573014856167,valid
co_0000079,46148,38014,347,10629,3935,6694,19728,8041,11687,321,208,113,630,294,336,3775,2170,1605,2584,2257,5877,0.823741007194,valid
in_0000124,61734,38760,1301,15240,3632,11608,9143,2525,6618,1349,504,845,3894,1026,2868,3169,929,2240,4664,1639,21335,0.627854990767,valid
ca_0000322,38412,28445,511,6942,3450,3492,11697,5659,6038,1200,697,503,590,255,335,3095,1893,1202,4410,2388,7579,0.740523794648,valid
oh_0000150,42514,34456,360,4518,1171,3347,22266,7490,14776,886,360,526,136,0,136,4045,2184,1861,2245,1324,6734,0.810462435903,valid
fl_0000289,54984,44367,236,6131,1909,4222,21715,3859,17856,9045,2418,6627,907,270,637,5001,2585,2416,1332,1763,8854,0.80690746399,valid
ny_0000233,67325,45859,507,7766,2805,4961,27110,11911,15199,6405,4743,1662,122,122,0,3004,1074,1930,945,3471,17995,0.681158559228,valid
fl_0000271,47656,37399,317,2839,1155,1684,24350,6435,17915,3041,1647,1394,117,0,117,4677,2230,2447,2058,1802,8455,0.784770018466,valid
tn_0000097,41087,25122,988,7719,3135,4584,5010,2547,2463,1171,484,687,3143,880,2263,2432,1345,1087,4659,1575,14390,0.611434273615,valid
ma_0000086,43140,34674,171,3650,1188,2462,25692,12329,13363,907,475,432,350,277,73,2053,1250,803,1851,2843,5623,0.803755215577,valid
al_0000070,70018,57492,306,15736,8048,7688,27571,12756,14815,3583,2495,1088,954,466,488,6908,3774,3134,2434,3091,9435,0.821103144906,valid
va_0000131,60833,55846,348,2511,1297,1214,20882,11469,9413,25861,16547,9314,106,62,44,5090,3359,1731,1048,1306,3681,0.918021468611,valid
tn_0000080,58466,39497,660,8065,2784,5281,19618,7164,12454,496,186,310,2540,979,1561,3904,1956,1948,4214,2359,16610,0.675555023432,valid
oh_0000179,40679,32568,637,7171,2344,4827,14313,6508,7805,4140,1390,2750,428,59,369,2150,1166,984,3729,824,7287,0.800609651171,valid
nc_0000161,67684,52300,371,7275,2649,4626,35620,16092,19528,826,636,190,552,302,250,5356,2668,2688,2300,3641,11743,0.772708468767,valid
ny_0000250,49711,39420,411,6875,1951,4924,19755,5239,14516,3582,1283,2299,225,196,29,7835,5527,2308,737,1717,8574,0.792983444308,valid
tx_0000345,42108,38183,123,10292,5456,4836,17286,8951,8335,1535,816,719,489,193,296,6506,5322,1184,1952,403,3522,0.906787308825,valid
nv_0000034,63376,48939,995,13624,4303,9321,20935,8357,12578,617,115,502,2444,761,1683,5466,3046,2420,4858,1908,12529,0.772200833123,valid
ma_0000106,49433,38129,218,5019,2186,2833,25951,13307,12644,394,268,126,338,119,219,4702,2661,2041,1507,1180,10124,0.771326846439,valid
tx_0000387,51901,28991,533,7102,2076,5026,12847,4556,8291,610,117,493,1497,608,889,3279,1649,1630,3123,2008,20902,0.558582686268,valid
oh_0000156,48961,35158,196,4554,2059,2495,21457,9995,11462,668,381,287,527,527,0,3942,1877,2065,3814,3492,10311,0.718081738527,valid
wa_0000094,36038,29384,127,6636,1876,4760,16396,7704,8692,612,151,461,673,326,347,2775,1368,1407,2165,998,5656,0.815361562795,valid
la_0000083,54064,36412,43,6313,3133,3180,19812,9060,10752,618,394,224,1000,630,370,6766,2056,4710,1860,3797,13855,0.673498076354,valid
ga_0000090,40848,27427,259,12700,2602,10098,9263,2054,7209,89,89,0,721,86,635,3180,1773,1407,1215,1647,11774,0.671440462201,valid
nj_0000138,60377,52709,98,4080,1317,2763,30760,14092,16668,9761,5793,3968,259,136,123,6501,4234,2267,1250,1186,6482,0.872997995926,valid
oh_0000122,44564,38439,281,9104,3863,5241,20440,9904,10536,329,176,153,371,361,10,6526,2139,4387,1388,1379,4746,0.862557221075,valid
mn_0000099,42078,30436,686,9351,2346,7005,10836,3100,7736,1426,353,1073,2105,717,1388,3891,1588,2303,2141,1685,9957,0.72332335187,valid
nc_0000118,44824,30155,1170,5736,1883,3853,16018,5891,10127,647,479,168,444,185,259,2310,1288,1022,3830,2205,12464,0.672742280921,valid
in_0000127,41576,26382,987,5084,1624,3460,7256,1907,5349,2501,1131,1370,2837,970,1867,4049,1118,2931,3668,2260,12934,0.634548778141,valid
ca_0000543,47062,37131,648,10040,4237,5803,17216,8753,8463,1268,823,445,708,489,219,3613,2270,1343,3638,1139,8792,0.788980493817,valid
wv_0000032,44589,26251,403,10599,3408,7191,7119,2368,4751,514,176,338,1397,427,970,3968,1586,2382,2251,2149,16189,0.588732647065,valid
ca_0000309,70143,51095,497,11837,5133,6704,24640,13697,10943,2197,942,1255,817,412,405,7306,3810,3496,3801,2769,16279,0.728440471608,valid
tx_0000380,42656,35834,176,6593,1383,5210,17075,6325,10750,2239,889,1350,1026,393,633,4657,2735,1922,4068,1377,5445,0.840069392348,valid
nj_0000149,37454,26574,252,2365,767,1598,17352,6986,10366,2463,929,1534,373,78,295,2918,1642,1276,851,950,9930,0.709510332675,valid
sc_0000065,41152,25679,683,7009,2318,4691,6344,3012,3332,1291,138,1153,2566,796,1770,3673,1029,2644,4113,3148,12325,0.624003693624,valid
az_0000075,38190,34714,177,4907,2652,2255,22643,13725,8918,1142,768,374,606,291,315,2810,1659,1151,2429,941,2535,0.908981408746,valid
nj_0000089,44262,27672,264,2530,1091,1439,15863,7561,8302,2016,804,1212,1829,190,1639,3408,1956,1452,1762,1543,15047,0.625186390131,valid
ga_0000109,62624,34107,1065,13755,5089,8666,7516,1990,5526,160,96,64,2057,941,1116,4016,1869,2147,5538,3509,25008,0.544631451201,valid
oh_0000138,41439,28796,598,7382,2230,5152,13985,4682,9303,825,229,596,1810,277,1533,1699,630,1069,2497,960,11683,0.694900938729,valid
il_0000144,46167,36854,439,8238,2271,5967,18347,7486,10861,1256,444,812,1469,413,1056,3239,1426,1813,3866,1035,8278,0.798275824723,valid
md_0000084,61624,54948,211,3275,1680,1595,15001,6503,8498,23329,11943,11386,907,419,488,10529,6274,4255,1696,1521,5155,0.891665584837,valid
ma_0000079,56682,44934,612,4888,1546,3342,32325,9038,23287,1966,842,1124,236,0,236,3512,1681,1831,1395,2023,9725,0.792738435482,valid
ca_0000572,71024,53978,588,16369,6717,9652,20636,8777,11859,2660,1255,1405,2303,1328,975,5931,2972,2959,5491,3716,13330,0.759996620861,valid
fl_0000293,33593,29838,34,3808,1936,1872,19326,9671,9655,1877,679,1198,554,554,0,3104,1551,1553,1135,1191,2564,0.888220760277,valid
wa_0000123,50381,41919,835,8177,4051,4126,18669,9474,9195,1882,970,912,2427,1196,1231,5765,3079,2686,4164,1832,6630,0.832039856295,valid
wa_0000071,78330,62034,1178,8582,3198,5384,34365,14324,20041,2023,1248,775,2734,560,2174,8239,4365,3874,4913,3883,12413,0.791957104558,valid
nd_0000024,79441,57458,765,17335,6810,10525,14890,6880,8010,6101,2944,3157,1362,595,767,12427,7328,5099,4578,5897,16086,0.723278911393,valid
ny_0000132,45327,33973,388,6480,1584,4896,21203,6828,14375,95,84,11,906,315,591,2995,1305,1690,1906,2279,9075,0.749509122598,valid
id_0000037,36806,27362,287,5885,2669,3216,12337,4971,7366,192,34,158,2696,1117,1579,3349,1425,1924,2616,2263,7181,0.743411400315,valid
nv_0000035,61021,42637,1814,17690,4093,13597,6225,1739,4486,626,47,579,6130,2418,3712,4187,1838,2349,5965,4077,14307,0.698726667868,valid
ca_0000519,32680,25451,406,9526,2037,7489,10919,3425,7494,404,89,315,794,426,368,2323,1186,1137,1079,325,6904,0.778794369645,valid
wa_0000110,49559,45796,0,5844,3813,2031,31611,20821,10790,2214,1926,288,61,61,0,4202,3293,909,1864,1445,2318,0.924070300046,valid
mn_0000075,40486,34870,355,10166,5022,5144,18344,8859,9485,709,334,375,662,268,394,3043,1892,1151,1591,1194,4422,0.861285382601,test
me_0000026,62039,44690,935,13555,4236,9319,18782,8621,10161,1592,754,838,2115,639,1476,5030,2460,2570,2681,2823,14526,0.720353326134,test
sc_0000075,73785,53235,332,8807,3893,4914,35358,13283,22075,1486,323,1163,699,219,480,4326,2322,2004,2227,2689,17861,0.721488107339,test
fl_0000237,34047,28526,161,9554,2417,7137,11885,3390,8495,2395,1125,1270,634,124,510,3253,2415,838,644,424,5097,0.837841806914,test
tx_0000204,59130,37732,796,8794,3696,5098,11015,3419,7596,582,101,481,4454,1585,2869,2770,782,1988,9321,1462,19936,0.638119397937,test
mi_0000123,51399,30092,967,4565,1368,3197,12883,3422,9461,385,203,182,4469,1099,3370,2833,1185,1648,3990,3455,17852,0.585458861067,test
nj_0000108,37344,30854,331,1186,447,739,20364,7381,12983,6005,2190,3815,188,0,188,2389,1170,1219,391,603,5887,0.826210368466,test
la_0000075,38949,27566,171,4728,1971,2757,11948,4164,7784,2300,523,1777,812,304,508,4276,2318,1958,3331,340,11043,0.707746026856,test
in_0000095,45687,30130,946,9766,2859,6907,11434,4008,7426,293,168,125,2392,969,1423,3139,1260,1879,2160,2182,13375,0.659487381531,test
ny_0000264,51022,41412,309,6482,800,5682,26526,8292,18234,3650,1029,2621,376,80,296,3337,1253,2084,732,1236,8374,0.811649876524,test
ny_0000229,116024,102817,147,10029,6014,4015,70162,38200,31962,7915,3895,4020,707,317,390,10127,6512,3615,3730,3592,9615,0.886170102737,test
ca_0000335,32704,20246,326,5016,1705,3311,8599,3607,4992,499,167,332,311,199,112,2826,1211,1615,2669,2168,10290,0.619068003914,test
il_0000143,45540,25224,357,5659,1871,3788,9880,3319,6561,1153,724,429,1653,867,786,3673,949,2724,2849,1704,18612,0.553886693017,test
la_0000081,53205,32250,98,6729,3260,3469,14739,6443,8296,278,121,157,1306,1056,250,7334,2487,4847,1766,2631,18324,0.606146038906,test
mo_0000085,39255,28915,1019,8828,1988,6840,9791,2084,7707,616,239,377,2760,1012,1748,2743,957,1786,3158,1434,8906,0.73659406445,test
tn_0000105,38574,32835,245,6819,3422,3397,17707,9189,8518,1606,1011,595,1533,1146,387,2728,1598,1130,2197,1605,4134,0.851221029709,test
fl_0000246,45844,32250,338,3706,1045,2661,21579,4925,16654,773,257,516,540,166,374,3764,1666,2098,1550,2909,10685,0.703472646366,test
mi_0000159,58517,39277,464,3633,1095,2538,30512,12879,17633,339,293,46,478,254,224,1936,1160,776,1915,2053,17187,0.671206657894,test
mn_0000082,39979,33159,507,7795,2928,4867,18124,7751,10373,467,255,212,582,187,395,2800,1463,1337,2884,1104,5716,0.829410440481,test
ca_0000482,30309,20818,317,6190,965,5225,8910,2614,6296,1040,131,909,661,172,489,2251,1106,1145,1449,2186,7305,0.686858688838,test
ca_0000484,26265,20120,124,4802,1470,3332,9836,1923,7913,1587,413,1174,719,187,532,1702,503,1199,1350,1726,4419,0.766038454217,test
mi_0000132,49463,35293,296,7161,2893,4268,19314,8202,11112,820,261,559,552,100,452,3008,1399,1609,4142,2348,11822,0.713523239593,test
tx_0000326,43486,26671,97,5739,1303,4436,9003,3117,5886,799,426,373,596,40,556,8923,1684,7239,1514,1786,15029,0.613323828359,test
id_0000030,38667,28114,586,10232,3061,7171,9502,4555,4947,790,281,509,2095,1637,458,2851,1297,1554,2058,3956,6597,0.727079938966,test
al_0000059,41178,19633,425,6520,1775,4745,4867,1645,3222,983,314,669,1083,283,800,4237,1649,2588,1518,5101,16444,0.476783719462,test
oh_0000135,44586,31284,239,8305,3268,5037,14987,6233,8754,190,59,131,1301,426,875,2820,1089,1731,3442,2602,10700,0.701655228099,test
ca_0000481,32632,24153,662,4871,2223,2648,9884,3720,6164,1446,410,1036,746,168,578,4107,1672,2435,2437,1041,7438,0.740163030154,test
ar_0000043,54462,31149,999,14592,3854,10738,4727,1588,3139,440,158,282,2521,1227,1294,4024,1735,2289,3846,2772,20541,0.571940068305,test
tx_0000320,40289,32553,282,7513,3616,3897,13915,7670,6245,3434,1641,1793,698,209,489,4058,2718,1340,2653,1406,6330,0.807987291817,test
ne_0000026,70201,47982,1450,11902,3935,7967,16519,5557,10962,2292,788,1504,4167,1598,2569,7095,3132,3963,4557,3003,19216,0.683494537115,test
ca_0000440,41787,31960,408,8978,2101,6877,15135,3613,11522,1167,410,757,322,123,199,3920,1565,2355,2030,1497,8330,0.764831167588,test
wa_0000097,41962,32731,41,4904,2106,2798,21531,8855,12676,392,155,237,321,20,301,3544,1732,1812,1998,1273,7958,0.780015251895,test
wa_0000076,50983,39807,715,6834,2157,4677,24193,10169,14024,556,265,291,554,26,528,3126,1796,1330,3829,1999,9177,0.78078967499,test
oh_0000130,47847,30877,302,5771,1900,3871,18430,4419,14011,335,234,101,614,179,435,2666,1501,1165,2759,3224,13746,0.645327815746,test
mn_0000094,44952,38114,172,7304,3284,4020,23244,10884,12360,145,107,38,265,156,109,4649,2255,2394,2335,1267,5571,0.847882185442,test
pa_0000098,58496,46723,916,8986,3833,5153,30627,13435,17192,228,228,0,778,405,373,2942,1339,1603,2246,1770,10003,0.798738375274,test
nc_0000167,40698,18605,612,3878,1012,2866,8957,1966,6991,68,24,44,982,241,741,1970,903,1067,2138,2895,19198,0.457147771389,test
ok_0000061,42867,32996,372,8847,3893,4954,13685,6570,7115,1434,516,918,2498,1083,1415,2780,1708,1072,3380,1921,7950,0.769729628852,test
ny_0000231,79357,68821,1190,8064,2390,5674,41049,21428,19621,12602,5115,7487,172,172,0,4436,3052,1384,1308,4447,6089,0.867232884308,test
az_0000078,29948,15801,140,3092,503,2589,9293,1626,7667,24,24,0,252,72,180,1178,380,798,1822,3138,11009,0.527614531855,test
ny_0000181,37637,29385,222,1092,202,890,13962,5659,8303,8579,4190,4389,191,130,61,4824,2965,1859,515,1977,6275,0.780747668518,test
hi_0000027,42563,35323,40,3829,1621,2208,26405,15973,10432,460,59,401,199,41,158,2697,1939,758,1693,1261,5979,0.829899208233,test
tn_0000098,52093,28810,1512,9012,3655,5357,7876,2776,5100,127,21,106,4067,1644,2423,3246,1353,1893,2970,2261,21022,0.55304935404,test
oh_0000152,46493,40962,53,5592,2549,3043,26915,15362,11553,1202,806,396,361,317,44,4851,2281,2570,1988,1006,4525,0.88103585486,test
la_0000068,71465,47797,416,8024,2947,5077,26340,11963,14377,2145,1222,923,1161,439,722,4595,2558,2037,5116,4457,19211,0.668816903379,test
nm_0000044,43578,37097,267,10216,4012,6204,13486,5574,7912,978,567,411,1417,700,717,7725,2672,5053,3008,1222,5259,0.851278167883,test
tn_0000095,69191,60185,374,13419,7561,5858,33039,20920,12119,2458,1319,1139,1132,474,658,7262,4818,2444,2501,1640,7366,0.869838562819,test
mo_0000073,45286,35904,208,8398,2569,5829,19688,7517,12171,1826,769,1057,466,93,373,2932,1643,1289,2386,2052,7330,0.792827805503,test
nc_0000145,42205,35968,367,7128,2563,4565,22186,8159,14027,692,277,415,486,129,357,3718,2664,1054,1391,1658,4579,0.852221300794,test
mi_0000134,75992,51325,1233,12622,4119,8503,18921,6986,11935,1102,387,715,4800,1378,3422,4219,1585,2634,8428,4378,20289,0.67540004211,test
co_0000075,49716,32983,282,7387,3815,3572,18516,10298,8218,506,171,335,555,185,370,3612,1792,1820,2125,4158,12575,0.663428272588,test
ok_0000059,43102,26920,320,5552,1861,3691,12129,5360,6769,1321,669,652,963,542,421,3282,1379,1903,3353,1807,14375,0.624564985384,test
ct_0000057,48273,34731,55,2589,721,1868,25939,7409,18530,1252,237,1015,128,0,128,2835,1775,1060,1933,1828,11714,0.719470511466,test
ok_0000039,39993,21534,1139,7661,2584,5077,3273,1429,1844,764,473,291,3513,984,2529,1930,948,982,3254,1821,16638,0.53844422774,test
il_0000141,61385,42575,753,14914,3922,10992,11656,5409,6247,427,112,315,4581,2457,2124,4114,1864,2250,6130,2042,16768,0.693573348538,test
ny_0000157,41579,29404,654,6220,1431,4789,16178,4526,11652,815,125,690,1222,266,956,2978,1216,1762,1337,1442,10733,0.707183914957,test
hi_0000025,38556,26934,137,5924,2675,3249,15832,6288,9544,438,412,26,173,8,165,2197,1372,825,2233,1527,10095,0.698568316215,test
ga_0000141,34169,29756,79,9048,4225,4823,13799,6843,6956,1316,804,512,674,125,549,3914,2062,1852,926,795,3618,0.870847844537,test
ca_0000319,44751,36954,61,11232,4104,7128,18386,7876,10510,120,84,36,1021,563,458,4593,2010,2583,1541,2145,5652,0.825769256553,test
al_0000074,35492,24986,309,5399,2015,3384,8776,3078,5698,714,484,230,2053,849,1204,2280,1223,1057,5455,1403,9103,0.703989631466,test
tx_0000212,43480,26790,973,6332,1669,4663,7126,1336,5790,410,126,284,4130,686,3444,2850,1265,1585,4969,1741,14949,0.616145354186,test
al_0000086,41166,20436,368,5998,1302,4696,9000,2148,6852,542,275,267,458,69,389,3110,1374,1736,960,2648,18082,0.496429091969,test
ca_0000483,42790,24581,324,6084,1568,4516,9767,1699,8068,3309,423,2886,300,222,78,2982,1224,1758,1815,4178,14031,0.57445664875,test
ok_0000057,89764,65776,383,11207,3730,7477,37064,15513,21551,2889,1487,1402,828,249,579,8832,4372,4460,4573,4212,19776,0.732765919522,test
mn_0000085,46675,36111,700,7258,2744,4514,20050,8639,11411,606,413,193,825,448,377,5020,2612,2408,1652,1305,9259,0.773668987681,test
ca_0000522,60883,51908,271,11015,3247,7768,25756,7620,18136,1868,876,992,1040,230,810,6277,3360,2917,5681,2641,6334,0.85258610778,test
fl_0000287,52762,39139,293,2911,1004,1907,20512,9201,11311,7526,3552,3974,369,176,193,4798,2927,1871,2730,2492,11131,0.74180281263,test
fl_0000280,44860,29431,555,6479,593,5886,14854,5822,9032,3553,1509,2044,280,144,136,2853,1297,1556,857,4450,10979,0.65606330807,test
tx_0000261,55076,43328,327,10731,4831,5900,16326,7770,8556,3495,1487,2008,984,517,467,7125,4625,2500,4340,2305,9443,0.786694749074,test
ny_0000230,92810,78409,338,9571,4049,5522,46722,21572,25150,7446,3599,3847,358,358,0,10814,6174,4640,3160,4700,9701,0.84483353087,test
or_0000048,47120,34199,619,10298,3509,6789,8199,3394,4805,2071,1055,1016,3748,1137,2611,3937,1520,2417,5327,2880,10041,0.725785229202,test
ca_0000537,50530,44831,473,12074,4652,7422,26029,14584,11445,635,286,349,306,306,0,4228,1796,2432,1086,1011,4688,0.887215515535,test
fl_0000163,39524,29478,196,7934,2183,5751,14475,5270,9205,1071,644,427,382,194,188,2926,1868,1058,2494,2938,7108,0.745825321324,test
mi_0000128,40667,26869,391,3443,537,2906,17430,4850,12580,847,654,193,631,130,501,2662,1340,1322,1465,2569,11229,0.660707699117,test
la_0000072,63197,37211,1238,12008,3941,8067,10144,3530,6614,597,194,403,4226,680,3546,5774,2629,3145,3224,4363,21623,0.588809595392,test
pa_0000125,42731,29909,1042,6460,1269,5191,15630,4491,11139,1424,288,1136,1447,203,1244,2816,1078,1738,1090,1995,10827,0.699936814023,test
il_0000198,48561,36357,573,7628,1955,5673,17144,7177,9967,1699,660,1039,1087,257,830,5440,2965,2475,2786,2311,9893,0.748687218138,test
ny_0000248,38793,28702,354,2064,522,1542,21201,7385,13816,862,308,554,467,0,467,3112,1422,1690,642,1156,8935,0.73987575078,test
pa_0000103,50736,34051,1163,13652,3724,9928,13298,3260,10038,54,19,35,921,145,776,3291,1467,1824,1672,1633,15052,0.671140807316,test
ca_0000551,69729,48848,915,20737,4400,16337,14482,4497,9985,1064,546,518,2116,657,1459,5598,2440,3158,3936,2965,17916,0.700540664573,test
ca_0000400,39983,26842,682,10290,4335,5955,7791,2951,4840,791,224,567,1150,354,796,2422,732,1690,3716,1870,11271,0.67133531751,test
ga_0000132,64465,57850,264,16123,6384,9739,25128,13414,11714,3031,1635,1396,807,412,395,10237,5106,5131,2260,948,5667,0.897386178546,test
il_0000193,40385,34178,266,6958,3423,3535,18890,10892,7998,2221,1014,1207,435,215,220,3849,2238,1611,1559,992,5215,0.846304320911,test
ny_0000224,49175,32649,209,920,442,478,21092,7107,13985,1127,603,524,223,53,170,7834,5015,2819,1244,1802,14724,0.663934926284,test
ca_0000466,46871,38902,516,8029,3228,4801,17743,9387,8356,5259,3351,1908,1275,455,820,4338,2241,2097,1742,1263,6706,0.829980158307,test
ct_0000053,58934,50359,301,12554,4881,7673,27967,12459,15508,2964,1520,1444,789,220,569,4180,2477,1703,1604,1675,6900,0.854498252282,test
pa_0000172,39684,31803,639,10391,3236,7155,16760,6497,10263,847,222,625,124,0,124,1855,473,1382,1187,689,7192,0.801406108255,test
ny_0000187,58460,50610,65,2405,708,1697,29276,14713,14563,13789,8889,4900,64,0,64,4016,2266,1750,995,1710,6140,0.86572015053,test
fl_0000196,57435,43614,896,15011,3286,11725,17794,6195,11599,1794,1100,694,401,226,175,6006,2704,3302,1712,1964,11857,0.7593627579,test
la_0000053,61266,38285,626,12773,3191,9582,15891,4362,11529,266,35,231,1866,831,1035,4116,1664,2452,2747,3139,19842,0.624897985832,test
wa_0000096,43220,35168,282,7137,3536,3601,20884,11752,9132,702,342,360,379,339,40,3521,2267,1254,2263,1288,6764,0.813697362332,test
nm_0000035,47763,25865,1060,12168,3243,8925,4620,1515,3105,500,43,457,1428,351,1077,3698,923,2775,2391,2044,19854,0.541527960974,test
ca_0000565,44040,22389,709,6652,2033,4619,3301,965,2336,254,110,144,2380,1030,1350,1862,855,1007,7231,3728,17923,0.508378746594,test
pa_0000102,49070,32708,926,10161,2084,8077,15557,3711,11846,304,166,138,1650,114,1536,2317,966,1351,1793,1913,14449,0.666557978398,test
in_0000115,46840,37126,421,7792,2610,5182,18656,8292,10364,2998,1345,1653,529,77,452,3735,1910,1825,2995,1185,8529,0.792613151153,test
ca_0000421,29957,18206,573,3442,1371,2071,8169,3099,5070,45,25,20,1500,581,919,1872,1388,484,2605,1366,10385,0.607737757452,test
mi_0000121,68585,44405,1764,10835,3334,7501,14270,3757,10513,506,152,354,5026,1547,3479,3588,1811,1777,8416,4832,19348,0.647444776555,test
tx_0000219,41416,37593,183,7731,3924,3807,16811,8510,8301,5228,2298,2930,1343,559,784,4627,2870,1757,1670,766,3057,0.907692679158,test
tn_0000107,42188,26715,264,7659,2814,4845,13224,3295,9929,853,296,557,845,512,333,2864,1630,1234,1006,6063,9410,0.633236939414,test
nj_0000088,35281,32355,227,1068,429,639,15455,9054,6401,11246,6958,4288,38,0,38,3699,2540,1159,622,434,2492,0.917065842805,test
ca_0000381,44531,28842,301,5997,2537,3460,18502,4830,13672,400,222,178,190,67,123,1546,793,753,1906,1142,14547,0.647683636119,test
in_0000099,39832,32886,712,6919,3010,3909,12518,5528,6990,5837,2819,3018,1248,494,754,2585,1150,1435,3067,1067,5879,0.825617593894,test
tx_0000397,41591,23496,135,5621,2414,3207,11371,4664,6707,273,212,61,235,71,164,2476,724,1752,3385,851,17244,0.564929912722,test
wa_0000079,38764,27949,790,6745,1696,5049,11097,2625,8472,414,285,129,2744,611,2133,3625,2160,1465,2534,3044,7771,0.721004024352,test
pa_0000163,45847,39630,463,2925,872,2053,16278,6765,9513,13043,6436,6607,235,0,235,5451,2924,2527,1235,1022,5195,0.864396798046,test
il_0000137,40182,28792,279,9009,3953,5056,9294,3245,6049,427,71,356,2165,1126,1039,4317,3094,1223,3301,1727,9663,0.716539744164,test
sc_0000061,62329,44574,557,11393,4792,6601,16099,7371,8728,1360,604,756,2242,643,1599,8749,5469,3280,4174,2027,15728,0.715140624749,test
ca_0000353,58449,49502,502,9422,3753,5669,29279,15745,13534,2326,1411,915,1086,562,524,4446,2129,2317,2441,1204,7743,0.846926380263,test
ks_0000060,49185,26315,489,4801,877,3924,13803,3603,10200,2641,302,2339,223,83,140,2464,991,1473,1894,3604,19266,0.535020839687,test
tx_0000233,31618,17176,425,4934,1757,3177,2630,718,1912,640,42,598,727,358,369,5019,2428,2591,2801,1463,12979,0.543234866215,test
ny_0000251,45772,24540,231,4101,957,3144,14344,3165,11179,949,228,721,84,57,27,3600,1757,1843,1231,1911,19321,0.536135628769,test
ma_0000102,37323,30410,0,4133,1895,2238,23032,11858,11174,644,292,352,250,127,123,1474,732,742,877,1587,5326,0.814779090641,test
ms_0000049,54056,35123,282,13113,5895,7218,10095,4321,5774,876,393,483,1779,974,805,3710,1598,2112,5268,2813,16120,0.649752108924,test
tx_0000389,31367,20280,139,4244,1278,2966,10475,4012,6463,1275,865,410,527,142,385,2746,1799,947,874,3194,7893,0.646539356649,test
ma_0000103,68797,57329,32,8302,3194,5108,38197,15281,22916,1097,529,568,879,569,310,3500,1694,1806,5322,2002,9466,0.833306684885,test
pa_0000168,49503,43673,167,4478,952,3526,18620,7824,10796,14045,6408,7637,121,76,45,5442,2561,2881,800,949,4881,0.882229359837,test
sd_0000024,55944,38843,1585,6857,1806,5051,17002,5514,11488,2647,772,1875,1700,442,1258,6129,2584,3545,2923,3080,14021,0.694319319319,test
nd_0000026,53456,39237,491,3863,1047,2816,20450,8677,11773,2945,693,2252,746,76,670,8806,3317,5489,1936,3252,10967,0.734005537264,test
wi_0000083,64214,43719,2129,15043,3416,11627,11687,3468,8219,1261,296,965,2928,916,2012,4709,1801,2908,5962,2843,17652,0.680832840191,test
il_0000202,50356,39707,1283,11321,2548,8773,18999,7248,11751,761,296,465,843,235,608,3617,1371,2246,2883,1447,9202,0.788525697037,test
ca_0000508,43760,33309,618,4018,1648,2370,15505,6841,8664,1339,340,999,1454,976,478,8298,4103,4195,2077,1039,9412,0.761174588665,test
tx_0000370,47302,31650,193,5549,1722,3827,15535,5758,9777,1793,908,885,582,417,165,3779,1675,2104,4219,2689,12963,0.669104900427,test
pa_0000124,64311,44920,1367,9528,2580,6948,26857,10246,16611,854,258,596,502,142,360,3150,1423,1727,2662,1925,17466,0.698480819766,test
az_0000102,90662,62592,1434,20999,3933,17066,23081,4975,18106,748,106,642,2826,637,2189,8634,3539,5095,4870,4015,24055,0.690388475877,test
wa_0000119,46063,36732,348,3112,1367,1745,22526,12925,9601,3618,2061,1557,964,572,392,4388,2225,2163,1776,2144,7187,0.797429607277,test
tx_0000239,50940,39293,194,7615,2773,4842,14867,5225,9642,9274,2575,6699,568,173,395,4313,2149,2164,2462,1225,10422,0.771358460934,test
vt_0000016,54453,39349,530,14789,2946,11843,16700,4185,12515,410,71,339,873,113,760,4443,1405,3038,1604,3044,12060,0.722623179623,test
ok_0000053,40924,25531,573,3460,1153,2307,13433,4073,9360,403,254,149,449,77,372,3586,1966,1620,3627,4374,11019,0.623863747434,test
me_0000033,46791,34091,310,5505,1852,3653,23846,9735,14111,218,73,145,186,113,73,2187,1033,1154,1839,3319,9381,0.728580282533,test
wi_0000073,42694,30528,298,5257,1339,3918,17008,6293,10715,878,346,532,165,50,115,2930,1830,1100,3992,2453,9713,0.715041926266,test
fl_0000216,28793,18307,88,4043,823,3220,10098,2293,7805,323,127,196,462,83,379,2162,561,1601,1131,1539,8947,0.635814260411,test
oh_0000144,43366,26318,786,6395,940,5455,12304,2551,9753,135,0,135,3104,695,2409,1523,376,1147,2071,1463,15585,0.606880966656,test
nj_0000082,46994,38812,112,2549,622,1927,16665,6316,10349,14927,5657,9270,340,160,180,3213,1574,1639,1006,825,7357,0.825892667149,test
ca_0000528,40929,35369,445,6823,4183,2640,20600,11801,8799,1137,550,587,682,248,434,4049,3108,941,1633,676,4884,0.864155000122,test
wi_0000075,49979,33973,1072,9793,2908,6885,10411,3444,6967,575,396,179,3618,1052,2566,3455,1358,2097,5049,1837,14169,0.679745493107,test
fl_0000158,53562,39159,534,8325,2946,5379,19278,9723,9555,1608,828,780,643,105,538,5676,2628,3048,3095,2512,11891,0.731096673014,test
nv_0000046,81320,68761,638,9799,3929,5870,45003,15162,29841,1017,244,773,1224,770,454,7027,4063,2964,4053,2431,10128,0.845560747664,test
md_0000070,48083,29714,231,6871,1991,4880,15093,4850,10243,963,205,758,852,190,662,2326,1272,1054,3378,2975,15394,0.617973088202,test
fl_0000298,43816,33807,450,5247,976,4271,19640,5551,14089,1505,403,1102,1102,181,921,4588,1136,3452,1275,1234,8775,0.77156746394,test
ca_0000350,64109,55596,499,12948,6220,6728,28462,10612,17850,3904,1233,2671,1619,480,1139,6250,3024,3226,1914,1790,6723,0.867210532063,test
wi_0000105,60638,47023,811,11483,3634,7849,25146,8699,16447,1484,577,907,1667,621,1046,4004,1343,2661,2428,1923,11692,0.775470826874,test
va_0000084,38784,36399,91,2345,1389,956,7783,4849,2934,18920,11668,7252,460,372,88,5531,3182,2349,1269,1394,991,0.938505569307,test
mn_0000098,52371,36430,1002,12869,4115,8754,11972,3689,8283,242,58,184,2864,922,1942,3846,1328,2518,3635,2583,13358,0.695613984839,test
pa_0000112,73955,58345,352,7423,3206,4217,42540,17897,24643,1148,73,1075,814,483,331,3674,1414,2260,2394,2740,12870,0.78892569806,test
fl_0000227,40384,18574,293,4144,910,3234,9706,3609,6097,1529,1077,452,444,261,183,1689,929,760,769,2255,19555,0.459934627575,test
tx_0000339,58046,40273,245,9175,3192,5983,19768,5624,14144,397,39,358,1416,605,811,3930,1850,2080,5342,3425,14348,0.693811804431,test
az_0000091,46323,35321,540,6466,1860,4606,19541,5839,13702,585,241,344,1294,541,753,3517,2276,1241,3378,2662,8340,0.76249379358,test
tx_0000402,41678,30565,667,3336,1427,1909,13397,6342,7055,469,36,433,2201,657,1544,5741,3187,2554,4754,1412,9701,0.733360525937,test
nc_0000107,41553,33155,116,9086,4494,4592,17359,7392,9967,744,231,513,402,194,208,3806,2293,1513,1642,2651,5747,0.797896662094,test
mn_0000073,36233,30211,816,9397,3325,6072,13905,5333,8572,721,185,536,668,111,557,2596,1403,1193,2108,1107,4915,0.833797919024,test
ca_0000363,32088,25220,157,5315,1329,3986,10866,3440,7426,3474,774,2700,701,91,610,3991,1386,2605,716,1205,5663,0.7859636001,test
ma_0000098,57332,41366,232,3491,1016,2475,32011,12964,19047,555,150,405,404,339,65,2833,1064,1769,1840,873,15093,0.72151677946,test
ca_0000345,27390,15760,523,5084,1436,3648,5371,2356,3015,491,388,103,382,71,311,2842,1713,1129,1067,1566,10064,0.575392479007,test
nc_0000111,38705,35760,0,4923,2232,2691,26261,15883,10378,1297,893,404,486,294,192,2231,1386,845,562,775,2170,0.923911639323,test
mo_0000071,53816,38322,1689,13835,5673,8162,10482,5109,5373,1129,423,706,3551,1110,2441,3076,1603,1473,4560,2570,12924,0.712093057827,test
ks_0000044,48087,37444,151,7452,3086,4366,16766,7514,9252,3434,1661,1773,2209,773,1436,3733,1229,2504,3699,2525,8118,0.778671990351,test
oh_0000132,44754,32900,784,6644,2232,4412,17782,7506,10276,1501,434,1067,1199,385,814,3021,1186,1835,1969,2749,9105,0.735129820798,test
fl_0000173,45135,34597,992,4697,2102,2595,20727,10499,10228,557,324,233,944,592,352,3667,2049,1618,3013,1728,8810,0.766522654259,test
wi_0000090,47295,35933,713,6780,2699,4081,19360,8188,11172,1251,511,740,1932,625,1307,2573,1358,1215,3324,1756,9606,0.759763188498,test
va_0000104,70067,44961,1436,14868,2727,12141,11504,4426,7078,538,231,307,4596,1123,3473,5323,2038,3285,6696,2055,23051,0.641685815006,test
wa_0000121,42568,39511,303,5807,2844,2963,21219,12531,8688,6528,3402,3126,158,108,50,4398,2350,2048,1098,442,2615,0.928185491449,test
hi_0000021,24747,20747,52,1969,1068,901,15862,8969,6893,62,48,14,322,220,102,1328,1043,285,1152,1050,2950,0.838364246171,test
ca_0000369,52775,41166,545,8634,4278,4356,24548,13086,11462,763,412,351,735,521,214,3982,2234,1748,1959,1280,10329,0.780028422549,test
oh_0000125,47259,30356,347,6191,2169,4022,11956,4942,7014,1260,605,655,451,127,324,7979,1467,6512,2172,1277,15626,0.642332677374,test
la_0000069,46816,31482,381,6292,2280,4012,15123,4859,10264,1325,536,789,807,286,521,3272,1193,2079,4282,2039,13295,0.672462406015,test
ct_0000077,53396,43219,531,7569,2953,4616,27772,11690,16082,2049,632,1417,237,188,49,4227,2150,2077,834,2852,7325,0.809405198891,test
ca_0000506,75484,61608,154,8561,3384,5177,40983,25232,15751,1919,1355,564,466,124,342,5595,3456,2139,3930,2257,11619,0.816172963807,test
nc_0000143,57101,50125,435,11955,4571,7384,27544,11410,16134,1686,977,709,542,49,493,5714,2656,3058,2249,1488,5488,0.877830510849,test
ut_0000058,36931,26219,331,7229,2530,4699,12560,4413,8147,304,163,141,1133,452,681,1847,974,873,2815,1367,9345,0.709945574179,test
ny_0000211,32590,24566,0,533,159,374,16892,4295,12597,4258,939,3319,82,0,82,2373,1035,1338,428,1132,6892,0.753789505983,test
tx_0000315,33408,21216,158,6126,1760,4366,6413,2014,4399,634,345,289,709,182,527,5119,3447,1672,2057,2161,10031,0.635057471264,test
tx_0000258,39166,28695,298,9550,1900,7650,8133,1911,6222,3917,993,2924,1337,75,1262,3051,1370,1681,2409,2090,8381,0.732650768524,test
ca_0000449,50110,33527,159,5054,1010,4044,16069,4035,12034,3386,1140,2246,827,157,670,3976,1991,1985,4056,1313,15270,0.669068050289,test
ne_0000035,68530,57227,478,3213,977,2236,43638,14339,29299,1554,428,1126,1050,91,959,5212,3205,2007,2082,1399,9904,0.835064935065,test
me_0000027,50670,36366,478,7818,1841,5977,22646,5491,17155,313,0,313,1073,355,718,2529,1161,1368,1509,1896,12408,0.717702782712,test
pr_0000062,46307,18669,1242,1651,430,1221,7168,1960,5208,127,0,127,1592,596,996,1585,845,740,5304,1303,26335,0.403157190058,test
co_0000069,51340,37640,387,10836,5740,5096,18357,8079,10278,363,224,139,1425,384,1041,3548,2296,1252,2724,3063,10637,0.733151538761,test
or_0000063,37798,28409,1134,7372,1776,5596,9071,2778,6293,849,263,586,1832,176,1656,2873,1206,1667,5278,1380,8009,0.751600613789,test
pa_0000099,41506,27932,664,10567,3177,7390,13712,5517,8195,175,100,75,252,151,101,2113,979,1134,449,1407,12167,0.672962945116,test
hi_0000023,36808,31043,207,4495,2016,2479,20733,9199,11534,1157,641,516,421,173,248,3112,1834,1278,918,1014,4751,0.843376439904,test
ca_0000437,56020,46688,366,13380,5821,7559,19408,10299,9109,2845,1118,1727,988,450,538,5967,4334,1633,3734,1294,8038,0.833416636915,test
in_0000118,60932,34071,612,8210,1981,6229,16490,5344,11146,1960,419,1541,693,182,511,3513,1036,2477,2593,2948,23913,0.559164314318,test
il_0000175,58612,50361,125,10260,4608,5652,28305,15324,12981,2863,2207,656,703,404,299,5061,2608,2453,3044,2208,6043,0.859226779499,test
nm_0000049,55890,36965,185,11699,4381,7318,13048,3685,9363,807,275,532,2380,862,1518,4490,2660,1830,4356,3283,15642,0.661388441582,test
wa_0000124,48076,43341,619,12218,6081,6137,23498,13994,9504,444,113,331,225,108,117,3694,2730,964,2643,683,4052,0.901510108994,test
ny_0000179,41689,31854,347,2573,790,1783,18713,7706,11007,746,214,532,12,0,12,8724,4904,3820,739,1192,8643,0.764086449663,test
ca_0000530,48409,42569,452,9967,4108,5859,24850,11793,13057,1077,529,548,205,26,179,4598,2486,2112,1420,773,5067,0.879361275796,test
ma_0000085,48846,41946,183,3342,1078,2264,20681,8402,12279,12432,6387,6045,156,77,79,4596,2429,2167,556,1475,5425,0.858739712566,test
md_0000093,66812,53639,1153,8602,2773,5829,34463,12517,21946,925,262,663,1298,150,1148,5041,2331,2710,2157,2218,10955,0.802834820092,test
ca_0000529,45864,41567,332,9568,4536,5032,23416,13894,9522,1795,1065,730,638,476,162,4502,3081,1421,1316,699,3598,0.906309959881,test
az_0000074,28064,16813,66,3584,1584,2000,9302,3412,5890,166,0,166,458,116,342,991,597,394,2246,1533,9718,0.599094925884,test
or_0000060,43389,30273,1550,9439,2056,7383,10822,2899,7923,932,104,828,3001,431,2570,3005,1485,1520,1524,1355,11761,0.697711401507,test
ca_0000371,36099,25078,284,5949,2337,3612,11211,3040,8171,2592,863,1729,400,184,216,3478,1723,1755,1164,1794,9227,0.694700684229,test
tx_0000364,60739,47237,75,5462,2307,3155,28953,13203,15750,991,452,539,2734,671,2063,5408,2449,2959,3614,4046,9456,0.777704604949,test
ks_0000057,48352,32978,627,9756,4303,5453,10684,4067,6617,1077,262,815,1353,855,498,3993,2054,1939,5488,3050,12324,0.682040039709,test
ar_0000042,63192,40296,2182,16699,2763,13936,10019,1851,8168,356,130,226,2997,734,2263,3801,1333,2468,4242,2744,20152,0.637675655146,test
sc_0000055,75087,48407,545,15372,3294,12078,16940,5860,11080,3938,405,3533,1559,498,1061,5929,2939,2990,4124,2060,24620,0.644678839213,test
ny_0000235,57569,48862,192,1497,416,1081,15503,4567,10936,24822,7290,17532,313,83,230,6039,2677,3362,496,1275,7432,0.848755406556,test
nc_0000095,55835,36466,989,7500,2839,4661,18253,6315,11938,270,140,130,1700,782,918,2922,1248,1674,4832,1476,17893,0.653102892451,test
ca_0000462,39033,31878,486,6035,1738,4297,12378,4615,7763,3360,1688,1672,657,421,236,5284,2939,2345,3678,1438,5717,0.816693566982,test
pa_0000104,59090,40008,1381,11578,3403,8175,18406,6153,12253,142,24,118,1725,539,1186,4043,2068,1975,2733,2697,16385,0.677068877983,test
ca_0000386,34878,19656,483,9196,1130,8066,6125,2050,4075,153,0,153,1160,89,1071,1878,513,1365,661,801,14421,0.563564424566,test
ca_0000501,38818,36569,153,4196,1584,2612,24852,10665,14187,1676,908,768,492,157,335,3604,1708,1896,1596,446,1803,0.942062960482,test
ky_0000037,44078,27144,1130,11770,3173,8597,7280,2898,4382,519,267,252,2057,388,1669,2642,633,2009,1746,1142,15792,0.615817414583,test
nm_0000033,34355,11350,702,4157,1179,2978,1799,711,1088,113,82,31,1050,205,845,1237,537,700,2292,1451,21554,0.330374035803,test
ky_0000039,65955,40390,631,16127,4237,11890,11920,2733,9187,2135,596,1539,1313,267,1046,5419,1877,3542,2845,2501,23064,0.61238723372,test
nc_0000123,50454,39915,306,6084,2184,3900,26270,8360,17910,565,180,385,1240,128,1112,3453,1613,1840,1997,894,9645,0.791116660721,test
fl_0000176,56628,32519,1487,13319,3873,9446,7715,1673,6042,128,28,100,1566,838,728,5233,2410,2823,3071,2037,22072,0.574256551529,test
tx_0000336,43958,38058,326,9000,2709,6291,16817,8771,8046,2814,637,2177,844,483,361,3669,1769,1900,4588,976,4924,0.865780972747,test
in_0000086,48307,38021,641,10808,4372,6436,17386,9483,7903,1990,815,1175,1036,449,587,3958,1813,2145,2202,1453,8833,0.787070196866,test
il_0000191,49227,40894,379,7057,2544,4513,27051,9168,17883,979,380,599,853,503,350,3478,1885,1593,1097,1196,7137,0.830722977228,test
tx_0000332,34951,30655,128,7125,2966,4159,10831,4766,6065,4208,2077,2131,549,264,285,4356,2343,2013,3458,1310,2986,0.877085061944,test
ks_0000061,61302,44591,408,7143,1846,5297,23300,7456,15844,6051,281,5770,1054,427,627,4002,2118,1884,2633,3226,13485,0.727398779811,test
mo_0000101,47453,29660,950,7881,1883,5998,6131,1870,4261,1240,166,1074,4090,1210,2880,3683,887,2796,5685,1416,16377,0.625039512781,test
or_0000068,51879,44422,349,9683,4856,4827,25804,13803,12001,770,637,133,227,42,185,4940,2882,2058,2649,1764,5693,0.856261685846,test
ca_0000498,47216,43674,262,6738,2875,3863,27761,13530,14231,1721,1100,621,989,210,779,4931,2034,2897,1272,590,2952,0.924983056591,test
nc_0000106,39398,34957,164,7496,2686,4810,21441,12758,8683,1206,455,751,566,359,207,2651,1579,1072,1433,1357,3084,0.887278542058,test
tx_0000218,43970,36657,138,8070,2368,5702,16068,5743,10325,4705,1375,3330,544,366,178,4736,1706,3030,2396,920,6393,0.833682055947,test
ny_0000188,73972,54442,755,1379,564,815,26499,9264,17235,8772,3010,5762,215,115,100,15486,9890,5596,1336,4864,14666,0.735981182069,test
ca_0000545,36151,31722,367,8490,3642,4848,15256,8080,7176,1137,830,307,475,137,338,3593,1944,1649,2404,894,3535,0.87748609997,test
ca_0000340,53191,40170,537,10445,3430,7015,18440,5928,12512,1207,247,960,1820,454,1366,5257,1106,4151,2464,2865,10156,0.755202947867,test
ga_0000128,52756,47556,91,14491,6156,8335,19446,9375,10071,2751,1640,1111,963,232,731,8190,3699,4491,1624,1211,3989,0.901433012359,test
ny_0000242,49115,42137,244,4307,2098,2209,29353,16337,13016,2323,1260,1063,380,164,216,3772,2745,1027,1758,1057,5921,0.85792527741,test
ny_0000190,39631,33628,73,3012,843,2169,16133,6514,9619,7799,4116,3683,67,13,54,5190,2965,2225,1354,1808,4195,0.848527667735,test
ga_0000144,39961,33539,360,6747,2936,3811,14722,6696,8026,1510,746,764,1005,660,345,8640,4114,4526,555,2259,4163,0.839293310978,test
ga_0000099,56100,48628,59,7962,3931,4031,28912,15347,13565,2658,1299,1359,779,505,274,5395,3015,2380,2863,2856,4616,0.866809269162,test
ca_0000389,34940,19619,790,7315,2288,5027,5908,1512,4396,1281,111,1170,259,149,110,1750,1088,662,2316,2893,12428,0.561505437894,test
al_0000067,73694,60084,398,19976,8753,11223,20188,9775,10413,4965,3223,1742,1391,507,884,9411,6026,3385,3755,3455,10155,0.815317393546,test
nj_0000091,37024,30538,140,1215,677,538,20625,11524,9101,3507,1772,1735,297,248,49,4504,2221,2283,250,1423,5063,0.82481633535,test
nj_0000105,38111,27097,207,2825,1057,1768,15632,6015,9617,2928,1323,1605,80,33,47,3691,1868,1823,1734,1114,9900,0.711002072892,test
il_0000166,45345,37174,332,7567,2215,5352,21002,6683,14319,1747,450,1297,637,487,150,3348,1379,1969,2541,2112,6059,0.819803726982,test
tx_0000404,28149,10008,352,2818,698,2120,2792,287,2505,42,0,42,1655,169,1486,977,493,484,1372,1043,17098,0.355536608761,test
va_0000126,46044,39998,305,2836,1646,1190,16843,7553,9290,10044,5355,4689,427,167,260,7779,3720,4059,1764,1211,4835,0.868690817479,test
md_0000087,57579,49860,357,2832,603,2229,19523,9086,10437,18138,7490,10648,503,109,394,6520,3045,3475,1987,1755,5964,0.86594070755,test
ct_0000072,44500,33566,271,5627,1306,4321,20694,7692,13002,1107,511,596,659,157,502,3485,2150,1335,1723,2675,8259,0.754292134831,test
ga_0000129,37544,32139,72,6767,3214,3553,14469,7591,6878,1636,877,759,1138,564,574,4121,2327,1794,3936,718,4687,0.856035584914,test
tn_0000079,49650,34719,809,5588,1767,3821,18516,5924,12592,1150,531,619,1730,703,1027,2784,934,1850,4142,2356,12575,0.699274924471,test
wi_0000071,74388,63089,660,13057,5160,7897,33323,14840,18483,1835,1245,590,1084,424,660,9060,5307,3753,4070,2443,8856,0.848107221595,test
ga_0000095,37634,34643,115,8937,4863,4074,18503,12990,5513,2451,1462,989,446,0,446,3010,2466,544,1181,842,2149,0.920523994261,test
wa_0000086,42338,30035,1275,12426,2335,10091,6502,2131,4371,642,48,594,3520,751,2769,4571,1848,2723,1099,1776,10527,0.709409986301,test
tx_0000289,49858,34894,782,4934,1819,3115,17709,6032,11677,638,280,358,2960,1077,1883,3492,1424,2068,4379,4533,10431,0.699867624052,test
ky_0000049,42955,29012,803,9541,3038,6503,9203,3585,5618,461,155,306,2557,834,1723,2932,1191,1741,3515,1548,12395,0.675404493074,test
co_0000070,38434,34650,463,9629,3676,5953,18992,6345,12647,583,323,260,650,308,342,3421,1790,1631,912,1185,2599,0.901545506583,test
pr_0000076,35043,17008,575,3983,1410,2573,5472,2053,3419,283,283,0,453,182,271,1667,1014,653,4575,1441,16594,0.485346574209,test
fl_0000290,38627,35407,262,5036,1211,3825,25166,11288,13878,178,41,137,123,86,37,3992,3142,850,650,824,2396,0.916638620654,test
ca_0000394,31286,18035,653,7687,2013,5674,6480,1824,4656,167,110,57,271,110,161,1811,768,1043,966,2210,11041,0.576455922777,test
de_0000017,49435,41508,357,1503,532,971,13683,5442,8241,18807,5109,13698,447,97,350,5211,2808,2403,1500,1184,6743,0.839648022656,test
az_0000064,39479,31088,197,7315,2047,5268,15181,7333,7848,1389,306,1083,376,254,122,3177,1016,2161,3453,3146,5245,0.787456622508,test
ca_0000445,64044,56601,1078,11537,4518,7019,30314,9287,21027,3314,1356,1958,961,321,640,6977,3009,3968,2420,1668,5775,0.883783024171,test
sc_0000059,40629,28389,414,5569,1935,3634,14778,5137,9641,1161,301,860,1428,127,1301,2829,1198,1631,2210,3635,8605,0.698737355091,test
nj_0000111,41260,30832,105,1443,661,782,19881,9730,10151,5098,1957,3141,242,0,242,3353,2300,1053,710,1256,9172,0.747261269995,test
mo_0000070,49493,31151,932,9168,2325,6843,6695,1740,4955,881,171,710,5465,798,4667,5481,1354,4127,2529,1979,16363,0.629402137676,test
al_0000079,75856,55277,401,7471,3248,4223,37196,23458,13738,175,0,175,112,62,50,5410,3801,1609,4512,2589,17990,0.728709660409,test
ia_0000060,43382,31526,775,8093,3232,4861,12866,4778,8088,267,148,119,2729,807,1922,2711,997,1714,4085,1229,10627,0.726706929141,test
ny_0000216,46196,33185,115,1632,427,1205,20286,4657,15629,4442,747,3695,560,119,441,5492,2267,3225,658,980,12031,0.718352238289,test
oh_0000185,40229,35549,302,5968,2164,3804,19030,9362,9668,4998,2340,2658,356,161,195,3547,1847,1700,1348,1582,3098,0.883666012081,test
vt_0000015,55000,41683,1439,14468,3829,10639,16013,4879,11134,1199,226,973,2206,332,1874,4594,1802,2792,1764,1891,11426,0.757872727273,test
tn_0000088,42964,35560,405,7118,1863,5255,20366,8252,12114,2481,1246,1235,692,155,537,2094,1162,932,2404,1789,5615,0.827669676939,test
mi_0000139,59239,41780,1049,9941,3952,5989,18363,8526,9837,1043,499,544,2764,1036,1728,3243,1426,1817,5377,1871,15588,0.705278617127,test
ca_0000520,56863,44732,367,9665,3108,6557,22828,8794,14034,1385,227,1158,872,468,404,5114,3136,1978,4501,1128,11003,0.786662680478,test
ct_0000071,44495,35189,422,8600,2867,5733,19359,7743,11616,1026,517,509,252,124,128,3453,1535,1918,2077,1251,8055,0.790852904821,test
in_0000130,72659,49248,931,6366,2161,4205,32797,10819,21978,663,0,663,445,244,201,5193,2794,2399,2853,2231,21180,0.677796281259,test
nc_0000170,37363,34405,281,7537,3997,3540,21325,11427,9898,114,38,76,580,324,256,3620,2375,1245,948,886,2072,0.920830768407,test
wa_0000107,45326,38570,318,4599,2815,1784,24764,13648,11116,2453,1231,1222,203,74,129,4137,2312,1825,2096,2545,4211,0.850946476636,test
wa_0000092,49041,35487,758,8962,3231,5731,16481,6533,9948,506,154,352,1754,855,899,3145,1611,1534,3881,1740,11814,0.723619012663,test
tx_0000328,40484,31787,136,9547,2663,6884,11617,4813,6804,1909,687,1222,1102,575,527,3995,1711,2284,3481,1920,6777,0.785174389882,test
mn_0000066,58211,39796,1018,13013,4178,8835,10938,2985,7953,484,206,278,5144,1431,3713,4053,2302,1751,5146,2409,16006,0.683650856367,test
ct_0000056,48478,42960,177,2773,1147,1626,33218,12898,20320,1453,757,696,182,46,136,4610,2613,1997,547,706,4812,0.886175172243,test
oh_0000148,65807,57763,652,9978,3463,6515,36300,15229,21071,1265,497,768,1178,423,755,4560,2897,1663,3830,1721,6323,0.877763763733,test
ca_0000316,65862,58615,142,11542,5615,5927,36277,22656,13621,2132,943,1189,421,228,193,6166,4377,1789,1935,641,6606,0.889966900489,test
fl_0000188,57046,35756,71,1603,174,1429,17224,2893,14331,8896,2354,6542,320,176,144,5376,2276,3100,2266,2298,18992,0.62679241314,test
ut_0000047,58165,47263,405,13713,5913,7800,23575,9019,14556,1070,511,559,1410,626,784,4643,2527,2116,2447,1327,9575,0.812567695349,test
il_0000205,50485,35128,347,8554,3671,4883,19950,11325,8625,922,497,425,767,87,680,2572,1248,1324,2016,1622,13735,0.695810636823,test
ct_0000078,44520,33726,598,8612,2543,6069,19263,6897,12366,336,125,211,467,195,272,2451,1153,1298,1999,1525,9269,0.757547169811,test
il_0000189,64908,43195,807,9095,2385,6710,23616,6422,17194,694,406,288,1340,111,1229,5515,2600,2915,2128,3266,18447,0.665480372219,test
id_0000032,43706,33431,432,11306,4556,6750,13490,5408,8082,1073,242,831,1722,636,1086,1905,910,995,3503,1279,8996,0.764906420171,test
tx_0000357,47941,35251,236,4993,1908,3085,20827,8436,12391,1497,742,755,780,524,256,2873,1808,1065,4045,1573,11117,0.73529963914,test
ga_0000100,58541,44684,324,10099,5411,4688,22745,12585,10160,2242,1224,1018,1269,226,1043,4431,2585,1846,3574,3792,10065,0.76329410157,test
ks_0000062,40737,26359,389,9310,2877,6433,6530,1954,4576,1047,384,663,3605,944,2661,3319,982,2337,2159,1897,12481,0.647053047598,test
hi_0000028,30455,26895,121,3712,2403,1309,19415,13356,6059,553,366,187,348,97,251,1770,1016,754,976,793,2767,0.883106222295,test
ms_0000038,43567,23352,397,6651,3304,3347,7066,2544,4522,1342,795,547,629,454,175,3592,1586,2006,3675,2163,18052,0.536002019877,test
ma_0000105,46986,28235,574,3771,1104,2667,17249,2574,14675,358,149,209,735,118,617,3453,1585,1868,2095,3338,15413,0.600923679394,test
tx_0000225,42449,34828,158,3639,1597,2042,11829,5823,6006,12226,4923,7303,588,523,65,3938,1925,2013,2450,2288,5333,0.820466913237,test
mo_0000079,61812,42808,251,6340,2471,3869,22402,8965,13437,1266,548,718,1974,248,1726,6365,3926,2439,4210,3971,15033,0.692551608102,test
ny_0000243,51641,34205,143,2935,1892,1043,25133,6735,18398,1836,578,1258,204,57,147,2648,1030,1618,1306,1715,15721,0.662361302066,test
in_0000087,48427,41126,487,11244,4621,6623,18162,8326,9836,2243,1389,854,1558,394,1164,3980,2356,1624,3452,609,6692,0.849236995891,test
ny_0000253,57055,43090,485,6997,1256,5741,23564,6967,16597,6357,2408,3949,582,157,425,4475,2066,2409,630,1066,12899,0.75523617562,test
tx_0000305,34714,22366,190,4517,2080,2437,10997,5296,5701,388,156,232,465,331,134,1996,1138,858,3813,1764,10584,0.64429336867,test
pr_0000071,44745,18617,429,4696,870,3826,6141,1055,5086,0,0,0,712,295,417,1700,126,1574,4939,777,25351,0.416068834507,test
ca_0000477,43112,27425,43,8220,1374,6846,8211,2328,5883,4960,1016,3944,1099,201,898,3897,1883,2014,995,4017,11670,0.636133791056,test
ks_0000054,44865,30843,790,8701,3059,5642,10218,2771,7447,999,391,608,3837,914,2923,3082,1375,1707,3216,2100,11922,0.687462387161,test
mn_0000087,49862,37450,628,8919,4088,4831,18170,8185,9985,901,268,633,734,470,264,4514,2461,2053,3584,2339,10073,0.751072961373,test
mo_0000087,47442,40532,308,11403,4214,7189,22154,9779,12375,728,353,375,925,546,379,3008,1624,1384,2006,1171,5739,0.854348467603,test
tx_0000374,37432,20139,147,4153,821,3332,7124,3403,3721,339,155,184,595,319,276,2654,1832,822,5127,1929,15364,0.538015601624,test
nj_0000132,39976,27265,900,3286,474,2812,16481,2877,13604,1279,487,792,600,152,448,3651,1389,2262,1068,1727,10984,0.682034220532,test
sc_0000078,72143,48778,1438,13537,4036,9501,19344,9031,10313,119,0,119,1782,379,1403,7112,3382,3730,5446,2356,21009,0.676129354199,test
il_0000206,57911,31692,896,5807,2472,3335,14508,6071,8437,565,243,322,940,497,443,4027,1857,2170,4949,3346,22873,0.547253544232,test
pa_0000142,49444,41008,336,3375,1020,2355,14583,5414,9169,16211,6385,9826,124,0,124,5492,3015,2477,887,892,7544,0.829382736025,test
ct_0000064,41936,29520,573,6951,1517,5434,16805,4372,12433,508,230,278,226,47,179,3108,1638,1470,1349,1669,10747,0.703929797787,test
fl_0000244,42145,36046,453,3007,746,2261,17757,8423,9334,721,368,353,369,111,258,13017,4084,8933,722,1082,5017,0.855285324475,test
fl_0000160,63721,53555,168,10010,4075,5935,28912,10577,18335,4993,2423,2570,777,617,160,6788,4197,2591,1907,1206,8960,0.84046075862,test
ok_0000050,61819,45330,430,8164,3441,4723,26145,10803,15342,1790,896,894,326,172,154,4016,2886,1130,4459,6115,10374,0.733269706724,test
ca_0000518,39418,34163,416,10907,5072,5835,17044,9797,7247,588,338,250,219,27,192,3623,2281,1342,1366,540,4715,0.866685270689,test
or_0000075,36538,31935,453,3860,1482,2378,13024,7267,5757,7882,4271,3611,1532,1070,462,3056,1529,1527,2128,812,3791,0.874021566588,test
la_0000055,56477,37074,492,8946,3910,5036,13195,4254,8941,775,398,377,713,153,560,9176,5951,3225,3777,1518,17885,0.65644421623,test
nh_0000033,38416,33825,290,7690,1919,5771,21444,7270,14174,164,88,76,293,46,247,3411,1478,1933,533,1031,3560,0.880492503124,test
il_0000177,57350,46878,257,11054,4250,6804,24626,9554,15072,3257,1015,2242,1355,692,663,4204,2594,1610,2125,1929,8543,0.817401918047,test
fl_0000183,60702,45414,337,9271,5014,4257,24108,12969,11139,1587,809,778,863,545,318,4933,2937,1996,4315,4274,11014,0.7481466838,test
ca_0000489,43833,39736,499,4101,1943,2158,10621,6405,4216,19057,12566,6491,294,162,132,4123,2876,1247,1041,391,3706,0.906531608605,test
mi_0000126,51464,33141,1317,9618,2501,7117,9902,2899,7003,373,133,240,4615,1343,3272,3728,1601,2127,3588,2092,16231,0.643964713198,test
ny_0000252,55923,38587,329,4382,1064,3318,23595,5929,17666,2333,779,1554,614,306,308,6130,3216,2914,1204,3550,13786,0.690002324625,test
nm_0000036,36189,23062,346,6264,2225,4039,8388,3341,5047,1922,1029,893,1909,451,1458,2368,1466,902,1865,987,12140,0.637265467407,test
wa_0000074,40980,26345,1313,8083,2248,5835,4237,1730,2507,1062,374,688,5852,1561,4291,2712,1360,1352,3086,1298,13337,0.642874572962,test
nj_0000098,45792,39571,336,9570,5312,4258,21558,10672,10886,366,217,149,174,105,69,6415,4900,1515,1152,1092,5129,0.864146575821,test
wi_0000100,33267,17688,263,4075,1150,2925,7793,3533,4260,972,674,298,456,265,191,2542,1137,1405,1587,1970,13609,0.531698079178,test
wv_0000026,48331,29666,1240,8201,2330,5871,8022,2167,5855,420,49,371,2759,740,2019,7730,3600,4130,1294,1526,17139,0.613808942501,test
co_0000057,36382,28691,476,6842,2382,4460,10977,3240,7737,586,147,439,3789,1132,2657,3391,1534,1857,2630,1873,5818,0.788604254851,test
hi_0000022,35274,30649,413,4168,2244,1924,20528,10498,10030,811,370,441,205,19,186,3561,2270,1291,963,1066,3559,0.868883596984,test
al_0000080,65281,46890,572,9611,4261,5350,23396,9336,14060,202,43,159,1795,859,936,6167,3142,3025,5147,2266,16125,0.718279438121,test
va_0000088,69246,49284,1300,16902,5296,11606,18901,6286,12615,1937,418,1519,2028,532,1496,3010,1228,1782,5206,2006,17956,0.711723420847,test
il_0000203,49052,35148,689,11619,2536,9083,13833,4886,8947,473,305,168,839,261,578,5203,1822,3381,2492,2174,11730,0.716545706597,test
il_0000207,76224,60416,310,14956,6462,8494,33672,17229,16443,1604,782,822,1190,588,602,4507,2671,1836,4177,2819,12989,0.79261125105,test
ca_0000446,47894,40762,243,7338,3018,4320,17973,9208,8765,3977,2481,1496,690,253,437,7797,5338,2459,2744,1394,5738,0.851087818933,test
ga_0000123,34649,25534,446,9072,3928,5144,10305,5595,4710,344,218,126,321,86,235,2228,721,1507,2818,1174,7941,0.736933244827,test
ga_0000149,46770,36197,232,8712,3042,5670,14411,6926,7485,1784,694,1090,738,169,569,7628,4125,3503,2692,3195,7378,0.773936283943,test
nj_0000117,41457,26518,689,2884,824,2060,16046,3683,12363,3110,1133,1977,310,45,265,3055,1412,1643,424,1693,13246,0.639650722435,test
ca_0000360,38676,29065,212,6771,3072,3699,8783,4923,3860,5100,3323,1777,334,49,285,3356,2335,1021,4509,787,8824,0.751499638018,test
ca_0000456,47686,37216,0,6939,1899,5040,15555,3533,12022,8461,1997,6464,356,64,292,3852,1634,2218,2053,1195,9275,0.780438703183,test
nj_0000137,44197,36963,411,5936,1746,4190,23766,9707,14059,1427,868,559,556,164,392,3176,1201,1975,1691,837,6397,0.83632373238,test
co_0000081,55348,46870,921,11872,4848,7024,22275,10131,12144,554,274,280,1184,584,600,8022,4219,3803,2042,1645,6833,0.846823733468,test
tx_0000279,38282,16870,715,4650,2231,2419,7318,2696,4622,96,27,69,181,84,97,2099,800,1299,1811,2945,18467,0.440677080612,test
nc_0000114,51936,45011,117,11314,5921,5393,25753,15455,10298,1378,1023,355,816,135,681,3605,2351,1254,2028,1620,5305,0.866662815773,test
ga_0000133,60937,42295,97,12427,4606,7821,15083,6765,8318,2073,988,1085,1342,280,1062,9545,5042,4503,1728,2471,16171,0.694077489867,test
mi_0000162,54649,43804,446,6857,2783,4074,24925,10494,14431,1813,873,940,634,418,216,7212,3864,3348,1917,2026,8819,0.801551720983,test
pa_0000155,58211,35145,445,6192,2286,3906,16948,6259,10689,2628,1059,1569,437,117,320,4821,3025,1796,3674,2903,20163,0.603751868204,test
tx_0000388,37329,15318,252,2084,630,1454,9094,2391,6703,423,278,145,371,121,250,2326,1092,1234,768,1939,20072,0.410351201479,test
ky_0000046,58894,36922,556,12427,3467,8960,13672,5394,8278,894,211,683,910,219,691,6872,3293,3579,1591,2511,19461,0.62692294631,test
ga_0000102,43047,22824,558,8448,3842,4606,5084,825,4259,378,163,215,1995,584,1411,2862,1052,1810,3499,1613,18610,0.530211164541,test
nj_0000085,34173,30919,46,1933,488,1445,19545,8684,10861,5526,3070,2456,98,47,51,3176,2199,977,595,574,2680,0.904778626401,test
de_0000014,40926,23972,361,3143,699,2444,14645,4284,10361,2103,476,1627,306,135,171,2627,994,1633,787,1834,15120,0.585740116307,test
in_0000113,55273,46445,1092,13254,4192,9062,17387,6976,10411,4347,1335,3012,2003,584,1419,3473,1903,1570,4889,2330,6498,0.840283682811,test
fl_0000159,64763,49176,918,11342,5440,5902,24872,10963,13909,2431,1437,994,847,191,656,6437,2415,4022,2329,2899,12688,0.759322452635,test
tn_0000090,62802,48618,238,7444,2700,4744,31565,15322,16243,1175,389,786,777,302,475,4502,2459,2043,2917,3075,11109,0.774147320149,test
il_0000183,66266,47101,1035,10423,3364,7059,22609,9808,12801,3232,532,2700,1332,811,521,5428,3292,2136,3042,2150,17015,0.710786828841,test
ny_0000220,42986,26921,155,1948,635,1313,19007,6693,12314,1245,594,651,228,144,84,3606,1384,2222,732,3373,12692,0.626273670497,test
tx_0000351,42861,34701,205,5737,2034,3703,16430,7686,8744,349,97,252,3165,1925,1240,5823,3172,2651,2992,1541,6619,0.809617134458,test
il_0000201,56748,43979,290,12232,4146,8086,23944,9157,14787,1219,721,498,797,353,444,3892,1660,2232,1605,1577,11192,0.774987664764,test
ky_0000047,40434,27864,918,7278,2386,4892,11472,4360,7112,117,117,0,2012,633,1379,2936,1687,1249,3131,1505,11065,0.689123015284,test
mn_0000069,54610,39269,1082,9194,2797,6397,12262,3691,8571,3761,1513,2248,3166,979,2187,5013,2234,2779,4791,2187,13154,0.719080754441,test
ct_0000069,39856,24584,178,6382,1259,5123,11315,2559,8756,1140,335,805,253,38,215,3116,1284,1832,2200,1851,13421,0.616820553994,test
or_0000051,65065,50761,845,10493,4083,6410,25381,12653,12728,1147,178,969,2145,637,1508,5446,2865,2581,5304,3127,11177,0.780158303235,test
ca_0000422,47694,33168,568,9487,4587,4900,10975,5679,5296,1215,470,745,1672,723,949,3821,2365,1456,5430,2579,11947,0.695433387848,test
oh_0000174,38545,31412,293,7276,2794,4482,15562,6741,8821,2262,1608,654,751,119,632,3006,1570,1436,2262,2251,4882,0.814943572448,test
mi_0000125,77518,51707,1079,8778,2155,6623,28831,9074,19757,1194,716,478,2839,836,2003,4641,1682,2959,4345,2941,22870,0.667032173173,test
tx_0000292,38988,21572,1466,5097,1626,3471,1466,502,964,395,161,234,4543,1093,3450,3473,1830,1643,5132,2162,15254,0.553298450805,test
ia_0000049,46256,30494,856,10519,3525,6994,8424,3040,5384,1594,637,957,1084,415,669,5174,2029,3145,2843,2347,13415,0.659244206157,test
fl_0000219,32985,18400,211,5229,1097,4132,6451,2103,4348,265,114,151,269,114,155,4948,3372,1576,1027,1566,13019,0.557829316356,test
co_0000056,75423,65381,835,16386,6922,9464,33419,15597,17822,1037,394,643,3266,1318,1948,6992,4948,2044,3446,2403,7639,0.86685758986,test
tx_0000280,45662,32095,255,6555,1519,5036,18129,3105,15024,1280,353,927,546,235,311,2710,1407,1303,2620,2038,11529,0.702882046341,test
nc_0000099,43155,28155,772,10547,3438,7109,9370,3367,6003,259,111,148,1768,542,1226,2844,1401,1443,2595,2270,12730,0.65241571081,test
nc_0000115,48744,36093,541,14927,7217,7710,10983,4665,6318,953,564,389,1489,448,1041,3859,1504,2355,3341,1777,10874,0.740460364353,test
ca_0000418,44549,29393,447,9800,2695,7105,10555,2202,8353,638,116,522,1164,376,788,2641,1779,862,4148,1671,13485,0.659790343218,test
oh_0000107,52086,37759,412,9744,3378,6366,18914,8064,10850,1647,828,819,710,244,466,4565,1945,2620,1767,1235,13092,0.724935683293,test
tx_0000274,51962,39217,87,5014,2339,2675,17498,9603,7895,440,99,341,1858,860,998,3686,2697,989,10634,1596,11149,0.754724606443,test
ca_0000336,50479,32559,1408,7271,2964,4307,12848,5815,7033,1579,647,932,917,530,387,3940,1944,1996,4596,2432,15488,0.64500089146,test
de_0000019,77851,56541,1206,6764,1806,4958,33131,10711,22420,3685,1343,2342,1686,739,947,7371,2937,4434,2698,3250,18060,0.726271981092,test
tx_0000288,37987,20484,353,2614,682,1932,13128,3579,9549,406,319,87,515,242,273,1637,465,1172,1831,4876,12627,0.539237107431,test
or_0000058,40270,29687,285,4810,1044,3766,18823,4611,14212,290,184,106,1482,177,1305,3230,1000,2230,767,1117,9466,0.737198907375,test
fl_0000276,69396,50156,411,4552,1258,3294,32910,10112,22798,4330,1986,2344,454,131,323,5614,3108,2506,1885,2347,16893,0.722750590812,test
in_0000131,54479,35997,921,10010,3023,6987,10598,3735,6863,2986,1067,1919,3388,1073,2315,4109,2490,1619,3985,2696,15786,0.660750013767,test
oh_0000117,39393,27063,479,7335,1719,5616,11524,2775,8749,242,41,201,668,82,586,5792,1212,4580,1023,2405,9925,0.687000228467,test
ky_0000051,40496,32556,309,7110,2498,4612,16209,7141,9068,528,106,422,1873,831,1042,4535,2566,1969,1992,1188,6752,0.803931252469,test
tx_0000209,36862,26189,238,5754,3595,2159,11808,7374,4434,292,203,89,1674,652,1022,2048,1311,737,4375,1412,9261,0.71046063697,test
tx_0000197,44790,29138,1020,7108,2505,4603,5962,2107,3855,2859,1199,1660,2136,748,1388,5504,2898,2606,4549,2209,13443,0.650546997098,test
oh_0000153,44140,36549,171,4718,1940,2778,24638,9871,14767,1000,616,384,449,27,422,4232,1208,3024,1341,2150,5441,0.828024467603,test
ar_0000052,52517,29204,805,11837,2527,9310,8162,2197,5965,663,76,587,2169,466,1703,2381,1265,1116,3187,2901,20412,0.556086600529,test
fl_0000181,52598,43452,379,7702,3122,4580,24893,10106,14787,963,559,404,1582,207,1375,4443,1700,2743,3490,826,8320,0.826115061409,test
pa_0000164,58170,46009,368,4755,825,3930,25065,7483,17582,7456,2745,4711,495,81,414,6045,2964,3081,1825,1785,10376,0.790940347258,test
ca_0000313,47434,37242,339,8623,4043,4580,16927,7759,9168,2415,1119,1296,660,298,362,3971,2478,1493,4307,1649,8543,0.785133026943,test
wa_0000115,42423,33467,179,3607,1082,2525,22663,10126,12537,594,314,280,1135,436,699,2805,1753,1052,2484,1691,7265,0.788888103152,test
co_0000061,59805,39381,888,10444,4674,5770,15922,6825,9097,449,217,232,1580,768,812,5846,3224,2622,4252,5369,15055,0.658490092802,test
wi_0000097,40397,25825,353,4340,1929,2411,14383,6856,7527,591,153,438,244,0,244,2765,1053,1712,3149,3110,11462,0.639280144565,test
wy_0000015,42438,31930,333,8841,3043,5798,11057,3305,7752,1820,543,1277,3220,1080,2140,4073,1914,2159,2586,2566,7942,0.752391724398,test
mn_0000101,44395,34707,407,10972,4150,6822,12645,3847,8798,781,344,437,1783,358,1425,3738,1443,2295,4381,1760,7928,0.781777227165,test
tx_0000271,34182,20418,359,5125,1735,3390,6934,2041,4893,899,177,722,2674,1140,1534,2482,1332,1150,1945,2114,11650,0.597331929085,test
ca_0000387,49146,37452,351,9550,4070,5480,13365,5673,7692,5895,2418,3477,1554,312,1242,5227,2144,3083,1510,2210,9484,0.762055915029,test
ca_0000549,47097,38251,678,13312,6858,6454,15432,8931,6501,588,363,225,1019,486,533,4364,2255,2109,2858,2289,6557,0.812174873134,test
wv_0000028,41644,29536,283,4121,1708,2413,19867,7594,12273,351,75,276,1183,298,885,2768,1508,1260,963,1464,10644,0.709249831909,test
ny_0000165,49514,36721,403,3097,949,2148,27701,9481,18220,399,106,293,372,0,372,2858,1314,1544,1891,1740,11053,0.741628630286,test
pa_0000120,56846,43105,456,3641,1195,2446,17599,6093,11506,13896,6184,7712,500,244,256,4837,2721,2116,2176,2081,11660,0.758276747704,test
il_0000132,59810,44438,1118,7649,2446,5203,23889,9420,14469,205,89,116,1439,695,744,4065,1477,2588,6073,2524,12848,0.742986122722,test
or_0000053,77520,61245,897,12463,4284,8179,35912,10212,25700,917,455,462,1444,222,1222,6838,3958,2880,2774,3179,13096,0.790054179567,test
mi_0000130,71418,53883,920,8510,2117,6393,33301,9640,23661,1106,428,678,1757,393,1364,4204,1576,2628,4085,3638,13897,0.754473662102,test
nc_0000144,42505,35999,299,8075,2945,5130,20950,10663,10287,1173,296,877,644,224,420,2864,1586,1278,1994,1146,5360,0.846935654629,test
al_0000073,48509,26749,768,8516,2624,5892,8015,2074,5941,614,279,335,2308,550,1758,2895,933,1962,3633,2982,18778,0.551423447195,test
tn_0000065,46329,29010,474,12004,2806,9198,7146,2126,5020,1119,428,691,1352,372,980,3745,1961,1784,3170,1415,15904,0.626173670919,test
or_0000077,40223,35687,91,3034,971,2063,17770,8563,9207,7544,3832,3712,587,178,409,4063,2391,1672,2598,678,3858,0.887228699998,test
oh_0000164,44205,31073,818,5326,2039,3287,16775,7888,8887,1077,431,646,778,100,678,4359,2565,1794,1940,2331,10801,0.702929532858,test
nc_0000147,39216,28595,424,10017,4158,5859,9434,4152,5282,192,51,141,239,31,208,6697,3186,3511,1592,1430,9191,0.729166666667,test
ar_0000055,64827,41690,1694,9324,3427,5897,12681,4707,7974,538,468,70,3066,942,2124,4252,1843,2409,10135,4615,18522,0.643096240764,test
ny_0000209,35538,30142,155,553,126,427,23947,5989,17958,2703,521,2182,387,0,387,2232,1347,885,165,1158,4238,0.848162530249,test
mn_0000077,42289,37973,418,9523,3747,5776,21489,9425,12064,569,255,314,644,209,435,3602,2281,1321,1728,727,3589,0.897940362742,test
tx_0000395,33394,18414,46,3786,1171,2615,6478,2879,3599,268,25,243,1328,483,845,2829,1342,1487,3679,3002,11978,0.551416422112,test
tn_0000092,46590,29356,196,4212,1313,2899,17958,9051,8907,750,160,590,389,162,227,3027,1556,1471,2824,3036,14198,0.630092294484,test
ks_0000056,47227,30400,457,6870,1844,5026,10575,3249,7326,2486,562,1924,2273,658,1615,4498,1499,2999,3241,2261,14566,0.643699578631,test
al_0000066,43851,29618,496,5830,1807,4023,15723,5745,9978,628,133,495,1384,616,768,1922,424,1498,3635,1757,12476,0.675423593533,test
va_0000082,34057,30654,142,1408,497,911,14662,5644,9018,9598,4100,5498,401,95,306,3560,1874,1686,883,1053,2350,0.900079278856,test
ak_0000021,51953,42186,498,21910,8631,13279,11025,5930,5095,121,81,40,1284,207,1077,4081,2338,1743,3267,1643,8124,0.812003156699,test
va_0000120,38554,33193,91,2267,648,1619,12707,8872,3835,10981,6619,4362,0,0,0,3167,1966,1201,3980,1257,4104,0.860948280334,test
ga_0000089,58466,34312,2153,12548,2342,10206,9558,2421,7137,1358,137,1221,3123,947,2176,3677,1538,2139,1895,4071,20083,0.58687100195,test
ny_0000197,35276,30364,243,544,275,269,15921,6980,8941,7513,4179,3334,36,36,0,4558,2361,2197,1549,684,4228,0.860755187663,test
nc_0000127,53245,40830,75,7837,2811,5026,26014,14232,11782,1100,521,579,754,271,483,3082,1519,1563,1968,2198,10217,0.766832566438,test
ct_0000076,54248,42421,307,9092,3352,5740,23743,8880,14863,1061,495,566,693,46,647,5975,2714,3261,1550,2466,9361,0.781982745908,test
az_0000092,44920,37534,493,9695,3039,6656,20880,7050,13830,522,175,347,1033,357,676,2985,1475,1510,1926,2060,5326,0.835574354408,test
mi_0000172,42518,18718,250,3652,699,2953,7829,2536,5293,130,0,130,1794,1151,643,3099,1651,1448,1964,4675,19125,0.440237076062,test
pa_0000132,51901,38034,584,7501,1594,5907,20781,7110,13671,1860,525,1335,1096,700,396,4725,2084,2641,1487,1777,12090,0.73281825013,test
tx_0000352,39173,35183,221,5274,2526,2748,17414,7303,10111,2172,849,1323,265,197,68,5971,4399,1572,3866,1146,2844,0.898144129885,test
ny_0000219,55848,33832,282,844,137,707,21244,5236,16008,1328,498,830,266,73,193,9115,2070,7045,753,3559,18457,0.605787136513,test
fl_0000150,102992,73754,1382,11033,4308,6725,42694,17507,25187,826,85,741,2650,588,2062,7790,3825,3965,7379,5789,23449,0.716113872922,test
ut_0000044,50889,39633,304,9742,4666,5076,23067,12149,10918,362,133,229,700,171,529,3432,1816,1616,2026,3822,7434,0.778812710016,test
ms_0000043,63409,46246,563,15563,5397,10166,13127,6293,6834,2305,1253,1052,1498,207,1291,7407,4723,2684,5783,1565,15598,0.729328644199,test
ca_0000364,23652,16392,283,3201,724,2477,6574,1421,5153,2908,588,2320,554,73,481,2329,962,1367,543,1043,6217,0.693049213597,test
wi_0000107,61820,52866,549,7850,3068,4782,34687,17284,17403,2193,1246,947,585,270,315,5056,2727,2329,1946,895,8059,0.855160142349,test
co_0000058,63062,47645,631,9746,3973,5773,22528,10236,12292,796,234,562,4154,1360,2794,4498,2662,1836,5292,4030,11387,0.755526307443,test
tx_0000227,52978,41010,812,14364,6494,7870,6478,2376,4102,3985,1699,2286,6584,2161,4423,3914,2525,1389,4873,2419,9549,0.77409490732,test
mo_0000077,48882,39066,455,10880,4279,6601,15726,8197,7529,2529,1473,1056,1050,450,600,3751,1816,1935,4675,2507,7309,0.799189885848,test
fl_0000257,56943,33930,604,7431,2395,5036,18655,4889,13766,932,416,516,925,465,460,3789,1893,1896,1594,3948,19065,0.595859016912,test
in_0000116,47217,35580,354,7864,1903,5961,18918,4314,14604,3803,464,3339,188,0,188,3090,1675,1415,1363,1506,10131,0.753542156427,test
la_0000060,58954,37248,251,5816,2047,3769,19637,6954,12683,1110,549,561,1225,327,898,5412,2368,3044,3797,3366,18340,0.631814635139,test
or_0000059,42713,34239,942,7809,1578,6231,14882,3139,11743,1228,362,866,3630,1197,2433,4401,1232,3169,1347,1545,6929,0.80160606841,test
nc_0000138,46150,34506,209,5388,1987,3401,19154,8479,10675,1944,1103,841,779,260,519,3518,2362,1156,3514,1662,9982,0.747692307692,test
ny_0000145,45036,29895,769,4703,1267,3436,19765,6187,13578,783,255,528,382,27,355,2183,995,1188,1310,1701,13440,0.6638022915,test
al_0000078,56840,41997,102,9458,3247,6211,22477,9491,12986,93,93,0,1534,524,1010,4829,2546,2283,3504,2722,12121,0.738863476425,test
ny_0000153,66640,51174,644,4395,1462,2933,23308,6704,16604,12590,4657,7933,1233,401,832,5133,2820,2313,3871,3000,12466,0.767917166867,test
ut_0000038,53800,45244,417,11498,4710,6788,18602,7922,10680,1313,577,736,4949,1396,3553,5018,2995,2023,3447,2803,5753,0.840966542751,test
ky_0000042,40278,22777,483,10427,3886,6541,4669,2293,2376,43,43,0,1384,563,821,3007,1285,1722,2764,1272,16229,0.565494811063,test
ca_0000457,32803,23795,144,4019,1191,2828,8031,2297,5734,6632,2103,4529,957,342,615,3253,1463,1790,759,1163,7845,0.725390970338,test
fl_0000200,60877,47134,953,7920,2209,5711,20200,8199,12001,1092,437,655,1246,637,609,13308,4843,8465,2415,3284,10459,0.774249716642,test
ny_0000225,70521,51260,208,5311,1043,4268,33667,12394,21273,994,603,391,614,392,222,4167,1812,2355,6299,1811,17450,0.726875682421,test
va_0000087,78627,45996,1386,17594,3804,13790,14004,3372,10632,4681,1298,3383,2288,312,1976,3877,1484,2393,2166,3520,29111,0.584989888969,test
ut_0000042,45250,32624,538,13376,3827,9549,6475,2235,4240,664,237,427,3314,386,2928,4124,2123,2001,4133,2529,10097,0.720972375691,test
az_0000063,39036,34050,227,6548,1840,4708,20426,10007,10419,933,326,607,375,111,264,3669,2356,1313,1872,1804,3182,0.872271749155,test
al_0000061,60129,38826,1599,9671,2729,6942,15039,5357,9682,1101,456,645,1406,499,907,5417,1949,3468,4593,2899,18404,0.645711719802,test
ca_0000509,43892,36140,485,2973,1250,1723,20042,11685,8357,900,680,220,1359,535,824,9024,6303,2721,1357,1376,6376,0.823384671466,test
ny_0000139,46611,28297,249,4375,1132,3243,17507,6173,11334,140,90,50,621,348,273,1728,1084,644,3677,2785,15529,0.607088455515,test
il_0000153,63183,40607,1298,9456,2717,6739,16893,5028,11865,784,215,569,4861,1086,3775,3604,1305,2299,3711,2224,20352,0.642688697909,test
wi_0000080,64397,47142,1322,10636,3181,7455,23340,9107,14233,413,215,198,3295,1511,1784,2768,1121,1647,5368,2144,15111,0.732052735376,test
ct_0000073,49986,28662,211,4938,1573,3365,14876,4651,10225,911,402,509,721,0,721,5813,1659,4154,1192,3385,17939,0.573400552155,test
nh_0000029,51644,40068,328,6507,1190,5317,26302,5874,20428,256,124,132,1410,411,999,4300,1934,2366,965,1886,9690,0.775850050345,test
pr_0000063,37465,12679,823,2391,612,1779,6304,1393,4911,173,27,146,727,306,421,436,195,241,1825,2663,22123,0.338422527693,test
il_0000135,56836,39416,1008,15057,6183,8874,9053,3132,5921,131,66,65,5176,2278,2898,4561,1939,2622,4430,1665,15755,0.693504117109,test
ny_0000267,72260,51794,711,3100,1015,2085,24532,4007,20525,13141,1770,11371,703,105,598,4998,1910,3088,4609,2205,18261,0.716772765015,test
ca_0000450,56632,44888,473,6067,1629,4438,27045,11536,15509,817,241,576,1421,285,1136,5546,2469,3077,3519,2505,9239,0.79262607713,test
ca_0000532,36031,21687,483,7675,1830,5845,8347,2186,6161,566,467,99,454,242,212,2968,998,1970,1194,836,13508,0.601898365297,test
ny_0000169,42993,31263,395,2246,584,1662,23031,7298,15733,156,0,156,777,136,641,2949,1597,1352,1709,1176,10554,0.727164887307,test
ca_0000361,31784,26360,125,5273,1692,3581,10295,2767,7528,6032,2760,3272,405,156,249,3310,1808,1502,920,926,4498,0.829348099673,test
pa_0000149,47245,38756,497,1657,315,1342,17315,7674,9641,10556,4869,5687,555,182,373,6484,4201,2283,1692,775,7714,0.820319610541,test
in_0000122,43767,32858,223,7310,1721,5589,12724,4853,7871,4123,1309,2814,1960,563,1397,4392,2777,1615,2126,1939,8970,0.750748280668,test
ny_0000193,37909,30844,68,1250,128,1122,17334,6482,10852,8061,2907,5154,374,169,205,3109,1603,1506,648,459,6606,0.813632646601,test
tx_0000243,38830,18287,316,5027,2738,2289,4848,2374,2474,533,486,47,412,300,112,4419,2069,2350,2732,1050,19493,0.470950296163,test
ca_0000330,33921,29993,175,7540,3097,4443,13679,5069,8610,1988,622,1366,327,277,50,4821,2768,2053,1463,861,3067,0.884201527078,test
ok_0000043,37296,24432,319,7841,2977,4864,8530,3424,5106,272,168,104,745,146,599,4489,2553,1936,2236,4135,8729,0.655083655084,test
mo_0000109,56290,35327,934,16108,3853,12255,9445,3402,6043,384,270,114,2742,1083,1659,2632,1725,907,3082,5288,15675,0.627589269853,test
sc_0000069,47111,26634,243,7703,1238,6465,11552,5076,6476,341,45,296,1619,556,1063,2708,1351,1357,2468,3013,17464,0.565345672985,test
tx_0000334,34614,28829,0,7406,2734,4672,12497,5110,7387,1365,177,1188,683,53,630,5325,1375,3950,1553,1480,4305,0.832871092621,test
sc_0000062,49586,36202,466,6152,1877,4275,19824,7330,12494,1658,826,832,570,153,417,6219,3712,2507,1313,2550,10834,0.730085104667,test
in_0000107,42916,35759,414,9323,2612,6711,16749,8559,8190,1922,964,958,1325,815,510,2598,1211,1387,3428,982,6175,0.833232360891,test
mo_0000069,67680,54160,580,21075,8184,12891,18613,7956,10657,1733,1623,110,2165,1114,1051,6202,3780,2422,3792,3884,9636,0.800236406619,test
or_0000066,46218,33602,334,5050,1935,3115,19395,10225,9170,513,421,92,511,191,320,4224,2345,1879,3575,2119,10497,0.7270327578,test
nj_0000120,50837,32073,137,2475,632,1843,14211,4708,9503,1141,388,753,0,0,0,13155,9226,3929,954,2872,15892,0.630898754844,test
in_0000093,58308,37696,931,13185,4698,8487,10897,4605,6292,1301,721,580,3195,1106,2089,2695,1450,1245,5492,2494,18118,0.646497907663,test
nc_0000134,58835,39159,892,8678,2394,6284,19601,6666,12935,900,204,696,1421,42,1379,5399,1787,3612,2268,2680,16996,0.665573213223,test
ca_0000568,51936,36667,287,5276,1797,3479,14488,6374,8114,2418,1450,968,218,218,0,11678,3798,7880,2302,2035,13234,0.706003542822,test
ny_0000159,45515,37655,250,2680,500,2180,29317,14445,14872,666,525,141,128,128,0,2472,1589,883,2142,1077,6783,0.827309678128,test
pa_0000106,55873,37262,1638,19560,5487,14073,9723,2606,7117,149,102,47,1007,313,694,3267,1168,2099,1918,1721,16890,0.666905303098,test
ny_0000147,47620,37064,431,3737,719,3018,18964,7834,11130,8866,4162,4704,238,0,238,3213,1322,1891,1615,1365,9191,0.778328433431,test
